Timestamp,QuaternionX,QuaternionY,QuaternionZ,QuaternionW,AttitudePitch,AttitudeRoll,AttitudeYaw,GravitationalAccelerationX,GravitationalAccelerationY,GravitationalAccelerationZ,AccelerationX,AccelerationY,AccelerationZ,RotationX,RotationY,RotationZ
1724162830.942181,-0.17355882342438753,0.1542820913862084,5.858465256680573e-17,0.9726634924067101,-0.3443964851276832,0.32451836060947903,0.05692568269209988,0.30012911558151245,0.33762866258621216,-0.8921487331390381,0.0014250618405640125,0.004619313403964043,0.0006877434207126498,-0.0010793594410642982,0.017824893817305565,0.004540500696748495
1724162830.990447,-0.17374821252500292,0.15454682331121064,6.118498600598375e-05,0.972587654153739,-0.3447398244448592,0.3251347537754047,0.05721946403375464,0.3006419241428375,0.33795180916786194,-0.8918536901473999,0.000892524141818285,0.004066336899995804,0.00273200124502182,-0.007624137215316296,0.00691507151350379,-0.002914656884968281
1724162831.004345,-0.17407252323071976,0.15468629525936242,-0.00011532873552759788,0.9725075519600409,-0.34543856387846367,0.3254270459408368,0.05702676954843409,0.3008270263671875,0.33860936760902405,-0.8915418386459351,0.0006647949339821935,0.0026882102247327566,0.0013668631436303258,-0.013170226477086544,-0.01596873626112938,-0.015214701183140278
1724162831.046399,-0.1743013249284595,0.1547397432998472,-0.0004221867169526499,0.9724579103753855,-0.34599413132357615,0.32547390271744203,0.056497978009694215,0.3008086085319519,0.33913207054138184,-0.8913493156433105,-0.002596343168988824,0.008144892752170563,0.0005938286776654422,-0.005714531987905502,0.00045359210344031453,-0.0022989888675510883
1724162831.091327,-0.17445028972846854,0.1545613623293093,-0.0004248720011952521,0.9724595913422146,-0.3463034692468327,0.32512169713875194,0.05648154419168839,0.3004611134529114,0.3394230604171753,-0.8913557529449463,0.0037864921614527702,0.0023915544152259827,-0.011429062113165855,0.019590362906455994,0.0371323823928833,0.006750531028956175
1724162831.14256,-0.17416112421251637,0.15468011002817875,-0.0004399696879975802,0.9724924679152668,-0.3457228785881522,0.32531599603664335,0.056387293127954104,0.3006972372531891,0.338876873254776,-0.8914839625358582,0.0007602669065818191,0.0019311035284772515,-0.0006791196647100151,0.01645330712199211,0.006140429992228746,0.013411374762654305
1724162831.202558,-0.17364466581626647,0.1548223495931244,-9.628720308164606e-05,0.9725623683650942,-0.344568264119996,0.32564482383020643,0.05695773919610426,0.30111533403396606,0.3377903401851654,-0.8917551636695862,0.000591265968978405,-0.0009263065876439214,0.0008364861714653671,0.02758115343749523,0.0024107664357870817,0.026497669517993927
1724162831.276653,-0.17287937446698898,0.15517858258675754,0.0002833248144469455,0.972641862020956,-0.342891321756985,0.3263937733203245,0.05758786298854623,0.30196434259414673,0.33621150255203247,-0.8920646905899048,0.00011386460391804576,0.0006890633376315236,0.000682569167111069,0.033288586884737015,0.01359276007860899,0.03940647840499878
1724162831.290951,-0.17213974455597414,0.15556669799257997,0.0008337096982017032,0.9727107209338525,-0.3412072136161452,0.32727265095558067,0.058589527750281936,0.3029298186302185,0.3346249461174011,-0.8923338055610657,0.002783736912533641,-0.003841312602162361,0.0006191175198182464,0.03480911999940872,0.01745496690273285,0.038048241287469864
1724162831.3239288,-0.1714507019588698,0.15571276403601442,0.0013070522121879603,0.9728085457157185,-0.33966406245763164,0.3276200526732422,0.059361537830155596,0.30340561270713806,0.3331703543663025,-0.8927164077758789,0.0021189418621361256,-0.006529522594064474,-0.0007477455073967576,0.0243858452886343,-0.005247421097010374,0.017995554953813553
1724162831.333267,-0.17103170659158468,0.1557924803780293,0.0017720017709068148,0.9728687318080066,-0.338667599683118,0.3278721502439783,0.060192053374171356,0.3037374019622803,0.33223065733909607,-0.8929536938667297,0.004899086896330118,-0.006723205558955669,-0.0052075469866395,0.014852101914584637,0.008129129186272621,0.014465229585766792
1724162831.4191341,-0.1708511451921182,0.1558126534262305,0.0018623770161535597,0.9728970829415164,-0.3382754799568694,0.32791290556013125,0.06031816895908896,0.30381572246551514,0.33186081051826477,-0.8930646181106567,0.0022879429161548615,-0.003672112710773945,-0.0022633513435721397,-0.007609852589666843,-0.01201577577739954,-0.0033666419330984354
1724162831.4329429,-0.17108166029266578,0.1556044487020991,0.0019026165718061877,0.9728898097969035,-0.33873590725247027,0.32752822007811055,0.06041172763979487,0.3034229576587677,0.33229508996009827,-0.8930366635322571,0.0014725395012646914,-0.007771563250571489,0.0006139433244243264,-0.011759964749217033,-0.016443222761154175,-0.01217658817768097
1724162831.435216,-0.17132239441863042,0.15540539255042352,0.0018269481309768744,0.9728794233860579,-0.33925455670781274,0.3271249707061116,0.060273463543542787,0.3030073940753937,0.3327842354774475,-0.8929955959320068,-0.0012928046053275466,-0.002484080381691456,0.002723377663642168,-0.01599784940481186,-0.0033841771073639393,-0.010681098327040672
1724162831.47135,-0.1714589837090646,0.1550179213334828,0.0019360895690497197,0.9729169772204759,-0.33951567684733747,0.32636751894622634,0.060408745270456275,0.3023030459880829,0.33303046226501465,-0.8931425213813782,0.006081618834286928,-0.008575818501412868,-0.003534574992954731,-0.005861589685082436,-0.006775441113859415,-0.003359742695465684
1724162831.5376348,-0.1714295879776426,0.15523089739817805,0.0018809329586419023,0.9728883063128501,-0.33946187622082874,0.3267938411521821,0.06036135122644947,0.3026895523071289,0.3329797387123108,-0.8930305242538452,0.000304808490909636,-0.0008251499384641647,-0.003409396391361952,-0.0036578683648258448,0.0012211458524689078,-0.0006225670222193003
1724162831.5841088,-0.1715293818567395,0.15536478269745174,0.0017001653847455505,0.972849676732249,-0.33971279626321693,0.3270331687749225,0.060074561219433706,0.30287641286849976,0.3332163095474243,-0.8928788900375366,0.0006464023026637733,0.001242040190845728,-0.001361688831821084,-0.011627191677689552,0.009716657921671867,-0.010663850232958794
1724162831.5965152,-0.1718456549768424,0.15552001653180506,0.0014842054853479736,0.9727693799973465,-0.3404069676568069,0.32734494386959695,0.059803655591850094,0.30308032035827637,0.3338707387447357,-0.8925651907920837,-0.004917479585856199,0.005277035292237997,0.0024789953604340553,-0.02651599608361721,0.003035514149814844,-0.00981852225959301
1724162831.635254,-0.172503419937963,0.15557563671422125,0.0017253082501110849,0.9726437547136983,-0.34163910386311125,0.32766636676054955,0.06056606953790391,0.3032345771789551,0.3350319266319275,-0.8920775651931763,-0.0009032581583596766,0.00904671661555767,-0.007584928534924984,-0.04472449794411659,0.011970989406108856,0.028908349573612213
1724162831.6864672,-0.17321771317276316,0.15657171221610033,0.0025878882095532307,0.9723550079645179,-0.3427175511169882,0.3302074453902635,0.06297626877643768,0.3053831160068512,0.33604782819747925,-0.8909618258476257,-0.00038552115438506007,0.0045058936811983585,-0.007278818637132645,-0.04685353487730026,0.06214870139956474,0.05405627563595772
1724162831.747545,-0.17421720550465172,0.15786708378455988,0.0037399514024017044,0.9719631191992226,-0.34424340391905667,0.3335430783416734,0.0662062858700892,0.3081851005554199,0.33748456835746765,-0.8894526958465576,-1.839266042225063e-05,-0.0014461700338870287,-0.0027285520918667316,-0.05485955998301506,0.0720921978354454,0.05932554975152016
1724162831.753118,-0.17522308877690554,0.1588915669480717,0.0047192075453491985,0.9716109711267668,-0.3458512725773909,0.33625361905483075,0.06898997416446197,0.3104154169559479,0.33899766206741333,-0.8881006836891174,0.007528623566031456,-0.008328128606081009,-0.005423191003501415,-0.05079028382897377,0.07368990033864975,0.026295796036720276
1724162831.801307,-0.17597194950508335,0.15978153238682702,0.00476209110384394,0.9713295173504458,-0.34726964244380976,0.3383053698539385,0.0696989537138348,0.31207701563835144,0.34033170342445374,-0.887007474899292,0.0016451324336230755,-0.008561783470213413,0.004177256487309933,-0.03137786313891411,0.03233537822961807,-0.021819915622472763
1724162831.861347,-0.17660344949138707,0.1601350709859879,0.004229439291309609,0.971159078358972,-0.34868849762266046,0.33899427804642546,0.06897811622454285,0.3125271201133728,0.3416655361652374,-0.8863359689712524,0.0003415938117541373,0.0020671901293098927,0.002047707559540868,-0.033309970051050186,0.016973672434687614,-0.028344672173261642
1724162831.873417,-0.17711685307650965,0.1603547468930734,0.003646765366900814,0.9710316853957044,-0.34989865017551797,0.3393571762968609,0.06805848870751172,0.31271088123321533,0.34280261397361755,-0.8858319520950317,0.0015389265026897192,0.0053083766251802444,0.0013703125296160579,-0.02172674797475338,0.011659936048090458,-0.03329576179385185
1724162831.915072,-0.17776672453388276,0.16035672460521194,0.0030257549131685675,0.9709147535317436,-0.35141030791212546,0.33927036776578046,0.06703119693812425,0.31246116757392883,0.3442222774028778,-0.8853694200515747,0.0014985909219831228,0.008233830332756042,0.0012181203346699476,-0.029219144955277443,-0.0033144066110253334,-0.030900917947292328
1724162831.962562,-0.1781069715608027,0.16045881665207032,0.002621154734839076,0.9708367074588076,-0.35222216141218404,0.3394107385228105,0.06636720115208905,0.312492311000824,0.34498441219329834,-0.8850617408752441,0.0024533935356885195,0.005003090016543865,0.0015259543433785439,0.0024977545253932476,0.018114328384399414,-0.01590897887945175
1724162832.0167341,-0.17807510742755842,0.16098501746085944,0.0024259422395925523,0.9707559388821128,-0.35218962256355246,0.3404529654827594,0.06615045647692633,0.31341832876205444,0.34495386481285095,-0.8847461938858032,0.0006795957451686263,0.007782009895890951,-0.0009835042292252183,0.009887144900858402,0.02579704113304615,0.017018023878335953
1724162832.02913,-0.1776720138610494,0.16171943686386148,0.0026873585012445003,0.9707070647223682,-0.3512436170430322,0.3420264009989139,0.06680895035727215,0.3149193227291107,0.34406575560569763,-0.8845589756965637,0.0016931267455220222,0.003071987070143223,0.002205073833465576,0.024812735617160797,0.03537052497267723,0.021629799157381058
1724162832.073559,-0.1769320009659814,0.1626199938331772,0.0031015113828629006,0.9706905156999438,-0.349559196099463,0.343938261097353,0.06771002209557953,0.3168048858642578,0.3424836993217468,-0.8844996094703674,0.0021705280523747206,0.0014566171448677778,0.0023589911870658398,0.051446184515953064,0.029376445338129997,0.03720980882644653
1724162832.115264,-0.17591773315207193,0.16318825344360133,0.0035163867752790166,0.9707780945632889,-0.34734917988657427,0.34508739807840566,0.06837630907744521,0.31807634234428406,0.34040650725364685,-0.8848450779914856,0.0018289341824129224,-0.0006105729262344539,0.00031128351110965014,0.045856211334466934,0.015235881321132183,0.030062487348914146
1724162832.1666121,-0.17493947368176746,0.1634470911281212,0.0036676981480739074,0.9709107256291896,-0.3453247498067091,0.3454934189663425,0.06839663571512582,0.31866830587387085,0.33850228786468506,-0.885362446308136,0.001619597664102912,-0.0005425296840257943,0.001674697152338922,0.05237840488553047,-1.7808633856475353e-05,0.01084089558571577
1724162832.220255,-0.17398534748393096,0.1636549827193215,0.003631212094107602,0.971047355349168,-0.3434180189952931,0.34573125276059213,0.06802043541422535,0.31909704208374023,0.3367075026035309,-0.8858922719955444,-0.0018289341824129224,0.0006105729262344539,-0.00031128351110965014,0.03839333355426788,0.006108814384788275,0.006988938897848129
1724162832.232691,-0.17359194551915585,0.16375475185955293,0.0036533049632566,0.9711008874375255,-0.3426180152960683,0.34587222868660733,0.06794688376774212,0.3193131387233734,0.33595409989356995,-0.8861004710197449,0.005982554983347654,-0.004171081818640232,-0.0065675112418830395,0.017687859013676643,0.03195827826857567,-0.00447496073320508
1724162832.273944,-0.17338039917460232,0.16391028008882166,0.0036365006722980492,0.9711124453521237,-0.34219072573693,0.3461541673923172,0.06788554895840854,0.3196116089820862,0.3355516195297241,-0.886145293712616,0.0015828122850507498,-0.003434869460761547,-0.0037824069149792194,0.007080824114382267,0.0034748418256640434,-0.010277843102812767
1724162832.321423,-0.17338677408450442,0.16415683677966778,0.003329119364371776,0.9710707387805798,-0.342293743342537,0.3465721616691667,0.06734572343805405,0.3199702501296997,0.33564865589141846,-0.8859791159629822,-0.00011386460391804576,-0.0006890633376315236,-0.000682569167111069,-0.00347410817630589,0.007002192549407482,-0.014872370287775993
1724162832.381637,-0.17351519694989953,0.16412458956305517,0.003103929367568946,0.9710540086009957,-0.3426310745923613,0.3464514516108599,0.06692129294879687,0.31982484459877014,0.33596640825271606,-0.885911226272583,0.00032320115133188665,0.000621020095422864,-0.000680844415910542,-0.013515328988432884,-0.010047970339655876,-0.0015736649511381984
1724162832.387618,-0.17365683235377824,0.1640852052496139,0.0030140503461796573,0.9710355804668804,-0.34294791943081526,0.3463648576506502,0.06677791094821842,0.31971195340156555,0.33626481890678406,-0.8858386874198914,-0.0005325376987457275,-0.0005529768532142043,0.002044257940724492,-0.012222523801028728,-0.007563888560980558,-0.004297042731195688
1724162832.4500299,-0.1738213497205065,0.16392553562083917,0.002991813966871094,0.9710332256652232,-0.34329509514956774,0.34605106304158223,0.06673861195633217,0.3193943500518799,0.3365917503833771,-0.8858291506767273,0.0007858017343096435,-0.0060881501995027065,0.0018234397284686565,-0.0023211778607219458,-0.005038020201027393,-0.008498664014041424
1724162832.4961782,-0.17394261204763697,0.16369301553431,0.002974360848064978,0.9710507385301189,-0.34355921531029354,0.3455757831936866,0.0666651725866319,0.31894317269325256,0.3368404507637024,-0.885897159576416,0.0013147474965080619,-0.0018875427776947618,-0.005299737211316824,-0.004532000049948692,-0.0013990210136398673,-0.0006260165246203542
1724162832.54873,-0.17411085535388024,0.16346467218617625,0.002995948399525178,0.9710590482820739,-0.34390328186019176,0.3451321921929661,0.06669206881667139,0.3185109496116638,0.33716437220573425,-0.8859294056892395,0.006346091628074646,-0.006475514732301235,-0.007096163462847471,-0.0029083769768476486,0.014095139689743519,-0.01653844490647316
1724162832.5542111,-0.17430019117342094,0.1633771971500993,0.0027380256786154362,0.9710405855799052,-0.34437714431160527,0.3448944346738968,0.06620340471190948,0.3182462453842163,0.3376104533672333,-0.8858546614646912,0.0006280096713453531,-0.00020412984304130077,-0.004090240690857172,-0.010173044167459011,0.0004989249864593148,-0.01277845911681652
1724162832.6038451,-0.17460988650522652,0.163277826295647,0.0025218727946767177,0.9710022504537755,-0.3450775468628408,0.34466944220852297,0.06584362868820581,0.3179669678211212,0.3382696509361267,-0.8857035040855408,-0.00022772920783609152,-0.0013781266752630472,-0.001365138334222138,-0.022167839109897614,-0.005686837714165449,-0.015710363164544106
1724162832.655091,-0.17495620290173244,0.1631671848783264,0.0021536670858997107,0.9709593611829815,-0.3459046795147598,0.3443743440644389,0.0651805835299001,0.3176110088825226,0.339047908782959,-0.8855335712432861,0.0011238036677241325,-0.0003733297053258866,-0.0012077719438821077,-0.013375537469983101,0.0001359970192424953,-0.03143841028213501
1724162832.666768,-0.17532375745265222,0.16302826856446423,0.0016533884520953251,0.9709173402174924,-0.3468218936599109,0.3439765392498806,0.06424277542241906,0.3171536922454834,0.3399106562137604,-0.8853667378425598,0.0005509303882718086,0.001999146770685911,0.0006842939183115959,-0.010327286086976528,0.0005651519750244915,-0.023997049778699875
1724162832.715211,-0.17569729148673127,0.16285056904980114,0.0013484349726687684,0.9708801376043468,-0.34768562917824786,0.3435653362719084,0.06369489002214787,0.316690593957901,0.34072282910346985,-0.8852202892303467,0.0003967302036471665,0.00423553679138422,-0.0001504674437455833,-0.019494375213980675,-0.013864843174815178,-0.0106948958709836
1724162832.769036,-0.17618608252469678,0.16265930868725031,0.0012965167199785938,0.9708236946933768,-0.3486926928791831,0.34323652869463855,0.06370844878145729,0.3162838816642761,0.3416694700717926,-0.8850008249282837,0.0003783375141210854,0.0027893667574971914,-0.002879019360989332,-0.022696785628795624,-0.009887444786727428,-0.008587186224758625
1724162832.826431,-0.17676504404897997,0.1625447351803801,0.0012788484983905877,0.970737668317483,-0.3498631309776776,0.34310045764903924,0.0638565189564596,0.3160287141799927,0.34276923537254333,-0.8846666812896729,0.0014470047317445278,0.00024769039009697735,-0.001888616243377328,-0.02083824947476387,-0.0003104181378148496,-0.012976637110114098
1724162832.838578,-0.177224298780638,0.162389247016144,0.0010119246824417238,0.9706802382622088,-0.35088348769741007,0.34276560542951506,0.06342777415603655,0.3156147301197052,0.34372758865356445,-0.8844425678253174,0.0024202000349760056,-0.0015368794556707144,0.0011477696243673563,-0.01096658781170845,-0.012312473729252815,-0.033245183527469635
1724162832.9212952,-0.17745033439477897,0.1621205007653322,0.0007491417523963233,0.9706842281723084,-0.35144365448342657,0.34214539170470254,0.06287291671335232,0.3150014877319336,0.3442535698413849,-0.8844566345214844,0.003430139273405075,-0.0025992724113166332,-0.0007425713120028377,0.0061331214383244514,-0.0049300044775009155,-0.02119549922645092
1724162832.934164,-0.1774656277880766,0.16195521199110152,0.0002624801808482105,0.9707091592158069,-0.3516528713671096,0.34162379336626225,0.06181210938522363,0.31451597809791565,0.3444499969482422,-0.8845529556274414,-0.0027469515334814787,0.0067336526699364185,0.004837986081838608,-0.009468471631407738,-0.025933127850294113,-0.01974485255777836
1724162832.995127,-0.17754640010459066,0.1614440743236242,-0.0002728305633232276,0.9707796042609158,-0.3520309754064383,0.3403622687574957,0.06054562725029147,0.31335633993148804,0.34480494260787964,-0.8848261833190918,0.00045545841567218304,0.0027562533505260944,0.002730276668444276,0.004435844719409943,-0.030549172312021255,-0.03696494176983833
1724162833.008718,-0.17753539016379175,0.1609543985348872,-0.000735019435936615,0.9708626066900592,-0.3521978229941021,0.33915441505622407,0.05940207112453954,0.3122682273387909,0.344961553812027,-0.8851497173309326,-0.002210821956396103,0.003638999303802848,0.007872647605836391,0.0109214186668396,-0.04001455008983612,-0.020108314231038094
1724162833.053684,-0.17751112004979638,0.16064675972195033,-0.001173212531185003,0.9709175799473637,-0.3523179249182608,0.3383394526975775,0.058371543746335616,0.31153300404548645,0.34507429599761963,-0.885364830493927,0.0005473383935168386,0.005646776873618364,-0.004394625313580036,0.006022848654538393,-0.00926669780164957,-0.01679915003478527
1724162833.066705,-0.17746685787305,0.16061256589641254,-0.001575557276817408,0.9709307644693349,-0.3523689525089805,0.33811466765710063,0.05751063231151378,0.31132814288139343,0.34512218832969666,-0.8854182362556458,0.001421470078639686,0.00826694443821907,-0.00439117569476366,-0.0009477021521888673,-0.008404847234487534,-0.010917657054960728
1724162833.1086779,-0.17738815286780876,0.16096506224412985,-0.00166233511551546,0.9708865897522073,-0.35222036772989873,0.3388180399161068,0.05743429243166341,0.3119678795337677,0.34498271346092224,-0.8852474093437195,-0.004671357572078705,0.008101332001388073,0.006572685204446316,-0.006464023143053055,-0.01242040190845728,0.013616887852549553
1724162833.160954,-0.17741620167214953,0.16102855006141445,-0.0013395842222233248,0.9708714601505667,-0.35216215753701713,0.3390735221334746,0.05813558404201607,0.31220072507858276,0.3449280858039856,-0.8851866126060486,0.0011605889303609729,0.0025190101005136967,0.004249332007020712,0.0030482513830065727,0.00042915402445942163,0.00744135957211256
1724162833.214172,-0.17732387929462048,0.16110390528035623,-0.0010586865035039563,0.9708761903130646,-0.35187676229187087,0.3393163713396298,0.05870828721829384,0.3124484419822693,0.3446601927280426,-0.8852035403251648,-0.0005325376987457275,-0.0005529768532142043,0.002044257940724492,0.013250896707177162,0.010117828845977783,0.01551908440887928
1724162833.220139,-0.17696963699427493,0.16105591667685715,-0.0008888196779432336,0.9709489734796517,-0.3511131676330918,0.33920753275480847,0.05890368463340489,0.31243956089019775,0.3439432680606842,-0.8854854702949524,0.0011421963572502136,0.0010728401830419898,0.001520780147984624,0.021726664155721664,-0.016000261530280113,0.012528102844953537
1724162833.281334,-0.17645989203159587,0.16075632904211964,-0.0008757873439424898,0.9710913350667245,-0.3501076415400838,0.33847902263160373,0.05862087097251838,0.3119090795516968,0.3429989218711853,-0.886038601398468,-0.001792148919776082,0.0035029130522161722,0.005145820789039135,0.03153202310204506,-0.03674193471670151,0.012270846404135227
1724162833.34899,-0.1757623810940658,0.1602705121047633,-0.0008714930034840484,0.9712982332025943,-0.3487408552231409,0.3373174955092404,0.05817909907680486,0.31103459000587463,0.3417147397994995,-0.886841893196106,0.00015420018462464213,-0.002236390020698309,0.0008347614202648401,0.051283642649650574,-0.01565168797969818,-0.0011375161120668054
1724162833.3952122,-0.17499284017276176,0.15987662285372428,-0.0008184724236563559,0.971502046272921,-0.3472077533578128,0.33635622615683197,0.05784646529737544,0.31035447120666504,0.34027352929115295,-0.8876339197158813,0.002093407092615962,0.0014897305518388748,-0.003250305075198412,0.03817988932132721,-0.014200158417224884,0.005171815399080515
1724162833.407296,-0.17437733958046878,0.15965719196567393,-0.0006606228801614915,0.9716488859708204,-0.34593670823221145,0.3358316327766399,0.057855208779122216,0.31003105640411377,0.33907803893089294,-0.8882042765617371,0.0021337426733225584,-0.0014357229229062796,-0.0030981129966676235,0.03017386421561241,-0.004256660118699074,0.010441089048981667
1724162833.452591,-0.17407304577727764,0.15942074992072436,-0.0003603052883220687,0.9717424237951446,-0.34524072424083113,0.33537873929164297,0.05827081585405187,0.30970636010169983,0.3384232223033905,-0.8885672092437744,0.0010099390055984259,-0.0010623930720612407,-0.0018903410527855158,0.006030116230249405,-0.012221632525324821,0.014126350171864033
1724162833.465955,-0.17398811559522234,0.15918217893447467,-0.00015136392927395497,0.9717968008306866,-0.3450145577107012,0.33493003975553637,0.05858110472146585,0.30933278799057007,0.3382103741168976,-0.8887783288955688,0.003430139273405075,-0.0025992724113166332,-0.0007425713120028377,0.006977734621614218,-0.008157111704349518,0.004276345483958721
1724162833.505161,-0.17371230111780908,0.15894852849095564,-4.31308008415111e-05,0.9718843926419289,-0.3444406774871323,0.3344212464656653,0.0586130461125256,0.3089441955089569,0.3376702666282654,-0.8891187906265259,0.0009548026719130576,-0.00323073985055089,0.00030783400870859623,0.017415210604667664,-0.00872589647769928,0.0031093857251107693
1724162833.5574598,-0.1733242189358705,0.15871161970619926,6.28467056786341e-05,0.9719924454272728,-0.34364341099015183,0.3338841822741779,0.05859683388747634,0.3085547685623169,0.33691972494125366,-0.8895387053489685,0.0009144670912064612,-0.00030528646311722696,0.00015564175555482507,0.011369860731065273,-0.021282384172081947,0.013999446295201778
1724162833.607851,-0.17279896541432446,0.15839911715632385,0.00040224491264450723,0.9721368524133156,-0.34249800406827235,0.3332428470543941,0.05898246885119155,0.30811023712158203,0.3358410596847534,-0.8901004791259766,0.0012192756403237581,-0.0011304364306852221,-0.0032537546940147877,0.028543056920170784,-0.012455560266971588,0.01619567908346653
1724162833.671263,-0.1724094796349756,0.1580915564465402,0.0007633270401037526,0.9722558205292922,-0.3416167869604799,0.33264444770423307,0.0594666037337554,0.3076740801334381,0.3350108861923218,-0.8905640840530396,0.000741874217055738,0.00048493361100554466,-0.003407671581953764,0.005956628359854221,-0.013665986247360706,0.023979803547263145
1724162833.683384,-0.17220038608046445,0.15793259463515566,0.0008861572079007418,0.9723186021169049,-0.34116733070178046,0.33231166769648096,0.05958263959612503,0.307426780462265,0.33458736538887024,-0.890808641910553,0.0005728732794523239,-0.0023724765051156282,-0.0018920658621937037,0.008270539343357086,-0.005673031322658062,0.0015529680531471968
1724162833.728329,-0.17203610233734865,0.15775409431454868,0.00120373296861485,0.972376266397644,-0.34074341527776714,0.33201291314406595,0.060109796552867634,0.3072068393230438,0.3341878652572632,-0.8910344839096069,-0.004091342445462942,-0.0037365679163485765,0.004454627633094788,0.00353236123919487,-0.030335960909724236,0.03003532811999321
1724162833.7751799,-0.1717096582057784,0.1577662622574947,0.0016952177455262939,0.9724312752953577,-0.33992542733345804,0.33214757513857307,0.061003246889166744,0.3074158728122711,0.33341678977012634,-0.8912512063980103,0.0019060134654864669,-0.002813849365338683,-0.00446325121447444,0.017569534480571747,-0.0044517964124679565,0.035095639526844025
1724162833.789002,-0.17078854544810781,0.1580484752684195,0.0023829105418702572,0.9725461872226782,-0.33783607932759463,0.33280970127245424,0.06217288162007025,0.3082328140735626,0.33144626021385193,-0.8917039036750793,0.0007270734058693051,-0.0046088662929832935,-0.0010573043255135417,0.052907515317201614,0.01286345161497593,0.04525304213166237
1724162833.833125,-0.16966171090606288,0.15861526955104982,0.0031009774359334152,0.9726491726947945,-0.3353068225332251,0.33404305954878083,0.06342662008898727,0.30960625410079956,0.3290589153766632,-0.8921121954917908,-0.0037717330269515514,0.0005320825148373842,-0.0013051361311227083,0.03645429387688637,0.0110633485019207,0.05260932818055153
1724162833.886271,-0.16854712610327585,0.15921934254425144,0.003854032057931202,0.9727415720243654,-0.33278692953182193,0.33536556280233754,0.0647660144262226,0.3110577166080475,0.3266783356666565,-0.8924821615219116,0.0011457465589046478,-0.0047449530102312565,-0.0037841317243874073,0.057924576103687286,0.02720632590353489,0.04390859603881836
1724162833.952692,-0.16755433086837657,0.15971672450524,0.004847590516863653,0.9728270659586558,-0.3304347541748907,0.3365617587653859,0.06660394367513503,0.3123779594898224,0.32445430755615234,-0.8928322196006775,0.0056996895000338554,-0.00771755538880825,-0.0057344743981957436,0.0496540367603302,0.03287935629487038,0.04235563427209854
1724162833.96593,-0.1667310153555168,0.16006014645174324,0.005913818505960231,0.9729062059333965,-0.32840549283785586,0.33748449469074165,0.06859810811288877,0.31341904401779175,0.32253414392471313,-0.8931630253791809,0.0049394224770367146,-0.009648658335208893,-0.005055354908108711,0.02522335760295391,0.0031610578298568726,0.05407722294330597
1724162834.00883,-0.16611764127122902,0.16034070660920438,0.006797440609084223,0.9729590982923931,-0.32686070239951764,0.3382506803636056,0.07027350181984318,0.31426823139190674,0.3210715353488922,-0.8933916091918945,0.00846148282289505,-0.007187244947999716,-0.0025389976799488068,0.007859216071665287,-0.004151553846895695,0.055972956120967865
1724162834.0214891,-0.16569862245409822,0.1612175461762458,0.0066232649896772215,0.9728868968580018,-0.32602130983808625,0.33996354913418325,0.0700591323501757,0.31588780879974365,0.3202764689922333,-0.8931057453155518,-0.0009696034248918295,-0.0018630602862685919,0.002042533364146948,-0.014645757153630257,0.023815428838133812,-0.00203828327357769
1724162834.06514,-0.1658137268601822,0.1617035448758762,0.005821165588783229,0.972791821734295,-0.32649151836091206,0.3407483137946891,0.06862725373998112,0.3165382146835327,0.3207218647003174,-0.892715573310852,0.007205422502011061,-0.00894914846867323,-0.004742346704006195,-0.006521493196487427,0.045941680669784546,-0.06764581799507141
1724162834.116283,-0.16682904795599834,0.16211092156903945,0.004317873465510044,0.9725581703047697,-0.3290054251651384,0.3413061539914168,0.06607803597165836,0.31676527857780457,0.3231019675731659,-0.8917762637138367,0.004575885832309723,-0.00734422542154789,-0.0045267026871442795,-0.06545194238424301,0.03800460323691368,-0.11686737090349197
1724162834.168915,-0.16878966794048916,0.1623618154703923,0.002098695340339396,0.972185287836181,-0.3336650829075586,0.3414657432548189,0.06236856120257091,0.31640002131462097,0.32750818133354187,-0.8902974128723145,0.004803614690899849,-0.005966098979115486,-0.0031615644693374634,-0.09890896826982498,0.04774923995137215,-0.14627279341220856
1724162834.235137,-0.17130759497775522,0.1623446728308383,-0.0001677213958301968,0.9717498524808743,-0.33947353397556035,0.34113003499889055,0.058676170064275696,0.31545937061309814,0.33299070596694946,-0.8885958194732666,0.0002680647885426879,-0.0015473266830667853,0.0015173305291682482,-0.11202803999185562,0.020082321017980576,-0.13571472465991974
1724162834.3437161,-0.17348281808933344,0.16231301405258775,-0.0019257895699900521,0.9713672984612504,-0.3444257767260164,0.34085849378569993,0.055885288527590816,0.3146629333496094,0.3376562297344208,-0.8871163725852966,-0.0018508771900087595,0.004982196260243654,0.002265075920149684,-0.08497574925422668,0.022632809355854988,-0.0813262090086937
1724162834.3557281,-0.17371894889021885,0.1627777809288587,-0.0037672136623660415,0.9712418895165394,-0.34550585075971807,0.34124588357041924,0.05235380598667314,0.31488433480262756,0.3386726677417755,-0.8866502642631531,-0.0003451440716162324,0.003750602947548032,0.0032572040800005198,0.09191194921731949,0.08303827047348022,-0.10754397511482239
1724162834.3626251,-0.1731214897104878,0.16320366903953015,-0.005972195051288692,0.9712660915256526,-0.3450496844319049,0.34127356688399807,0.04773773086090772,0.3149605393409729,0.33824342489242554,-0.8867870569229126,-0.003209552261978388,0.013442822732031345,0.0023337018210440874,0.04443938657641411,0.04935329034924507,-0.09076853096485138
1724162834.364215,-0.1729412255887356,0.163721738111805,-0.007405918396981534,0.9712011243804556,-0.3451591500309957,0.3418416988511145,0.04490588078988729,0.31545189023017883,0.3383464515209198,-0.886573076248169,-0.004696892574429512,0.016120586544275284,0.004070125985890627,-0.008167533203959465,0.012964659370481968,-0.03687481954693794
1724162834.404099,-0.17435551021002715,0.16359339967437128,-0.008040593850827801,0.9709647978570076,-0.3482111912548896,0.34159189158389486,0.044092193541540266,0.3148830235004425,0.34121689200401306,-0.8856747150421143,0.0014618055429309607,0.005341490730643272,-0.004238983616232872,-0.06736224889755249,0.013778092339634895,-0.030615627765655518
1724162834.435966,-0.1763173875089675,0.16354598668530135,-0.008285531718568653,0.9706164301707313,-0.3522209260572015,0.34174670413429875,0.04432248371507939,0.31455907225608826,0.3449832499027252,-0.8843297958374023,-0.00925083551555872,0.019093187525868416,0.006020468659698963,-0.11088274419307709,-0.0023296403232961893,0.009671548381447792
1724162834.457511,-0.17855099322329945,0.16334642197716334,-0.008032380195285778,0.9702436737913992,-0.3566105756589271,0.34180872531856143,0.045630243131311796,0.31410327553749084,0.3491000533103943,-0.8828749656677246,-0.0006019998108968139,0.014039359986782074,-0.005689412821084261,-0.12045327574014664,0.008154572919011116,0.0006841184804216027
1724162834.503677,-0.18083841057775132,0.16335288205190512,-0.007642462455769905,0.9698220355401985,-0.3610524124062516,0.3423782363593449,0.04732507650084862,0.3140823543071747,0.35325899720191956,-0.8812265992164612,-0.0003707206924445927,0.00959969311952591,-0.009629186242818832,-0.10278073698282242,0.010994402691721916,0.00045790860895067453
1724162834.5511742,-0.182562746322888,0.16378665845732227,-0.007144354727066241,0.969429621555947,-0.3643090410331147,0.3438059135152857,0.04919819726912928,0.3149506747722626,0.35630378127098083,-0.8796895742416382,-0.0022547910921275616,0.008041920140385628,-0.007742294576019049,-0.06386547535657883,0.03727973625063896,0.03170115500688553
1724162834.6151319,-0.1835763113970026,0.16461589175896701,-0.0062864628877674425,0.9691035431373717,-0.3659950430929785,0.3460862231729824,0.05170040902448452,0.3167515993118286,0.3578786253929138,-0.8784027099609375,-0.008989954367280006,0.024841120466589928,-0.002620038576424122,-0.07890116423368454,0.03205021470785141,0.0730210542678833
1724162834.620957,-0.18481133977166997,0.16537218897141887,-0.004398644419272925,0.9687503971897612,-0.36776089086087366,0.348646259179599,0.05640218430521252,0.31878289580345154,0.35952693223953247,-0.8769935965538025,0.0003308599698357284,0.01518024317920208,-0.002805219264701009,-0.09134407341480255,0.024493586272001266,0.11905203014612198
1724162834.6788502,-0.1867313038115259,0.16589597598909253,-0.0016563186944642105,0.9683011185097672,-0.370598981502316,0.35118490639849115,0.06306899703838609,0.3206559419631958,0.36217382550239563,-0.8752198815345764,-0.004428827669471502,0.01457325927913189,0.005587456747889519,-0.144722118973732,-0.007223587483167648,0.1376204490661621
1724162834.717607,-0.18969218221662007,0.16602279292381625,0.001550690972962799,0.9677038640542431,-0.37537002526331126,0.3533059987943853,0.07098571404042468,0.3219101130962372,0.366616815328598,-0.8729066252708435,-0.0001980859669856727,0.010979636572301388,0.004317957907915115,-0.19727709889411926,-0.02028208039700985,0.15118719637393951
1724162834.7385201,-0.19306932220527995,0.1657511172277946,0.004479286500190899,0.9670731827983706,-0.3810974774955181,0.35461326049697584,0.07836292443214582,0.32231655716896057,0.37193945050239563,-0.8705016374588013,0.005964203737676144,-0.003447088645771146,0.0010877675376832485,-0.18703080713748932,-0.03235763683915138,0.0918092131614685
1724162834.768733,-0.19591978448414937,0.16536063489045083,0.006578101117383019,0.9665546253766057,-0.3860788881639869,0.3552677490079935,0.08376766396782735,0.3222377300262451,0.3765588402748108,-0.8685426115989685,0.009185006842017174,-0.005978317931294441,0.001708609750494361,-0.13001030683517456,-0.035320378839969635,0.057344451546669006
1724162834.8351011,-0.19783876952370077,0.1648149700674817,0.008195148470771746,0.9662445841956694,-0.38938542015551875,0.3552019211402068,0.08772124889016836,0.32174578309059143,0.37961992621421814,-0.8673917055130005,0.007969280704855919,-0.010665674693882465,-0.0003425472532398999,-0.08312596380710602,-0.03055153228342533,0.03632599860429764
1724162834.85238,-0.19873300525100576,0.16428623255443878,0.009108429472291775,0.966142928090704,-0.3908951511266732,0.3546507449880548,0.089782176671137,0.32106825709342957,0.38101619482040405,-0.8670304417610168,0.009585286490619183,-0.0075605749152600765,-0.003746769158169627,-0.04355018213391304,-0.03063565492630005,0.02422024868428707
1724162834.89121,-0.19904184528727742,0.16419156233594406,0.009808446545749245,0.9660885938519913,-0.39127047794793135,0.354804403129623,0.09133347680893567,0.3211517632007599,0.381363183259964,-0.8668469786643982,0.0037752832286059856,-0.006349875591695309,-0.003999775275588036,-0.012912728823721409,0.0042776428163051605,0.022985028102993965
1724162834.9651709,-0.19896030340213433,0.16423187178283985,0.010378790494102456,0.9660925745518539,-0.39089827803368205,0.35509883794667424,0.09250481724792405,0.32145631313323975,0.38101908564567566,-0.8668853640556335,-0.0012780037941411138,0.002609719755128026,0.0003730104072019458,-0.019781140610575676,-0.026937518268823624,0.03887675702571869
1724162834.970696,-0.19895763161068478,0.164216555946798,0.011451795675509219,0.966083603924084,-0.3905080462952342,0.355494126093273,0.09473400658943304,0.3218506872653961,0.38065826892852783,-0.8668975830078125,-0.0006867378833703697,0.0016834131674841046,0.001209496520459652,-0.02210223488509655,-0.02763521298766136,0.051145754754543304
1724162835.0260181,-0.19936654243732,0.16369711002076834,0.012816794210142103,0.9660703061423651,-0.3908863394114734,0.3550277982688704,0.09753512078548827,0.3213963210582733,0.3810080587863922,-0.8669124841690063,-0.006235818844288588,0.010812208987772465,0.002699813339859247,-0.05760961025953293,-0.06532202661037445,0.07555383443832397
1724162835.076312,-0.20094823403039036,0.16244962205349112,0.01470745651927732,0.9659263105498932,-0.39350072494504434,0.3535162161458278,0.10162934074313482,0.31973960995674133,0.38342392444610596,-0.866459846496582,-0.020830465480685234,0.02075929567217827,0.01605048030614853,-0.13533782958984375,-0.14128905534744263,0.06461290270090103
1724162835.142626,-0.20475965713465122,0.15901433147577335,0.018079025802405137,0.9656402321145233,-0.40030438051313133,0.3485160163497818,0.10883729084260474,0.3145049810409546,0.38969868421554565,-0.8655758500099182,-0.012596194632351398,0.03621857240796089,0.01024796161800623,-0.28601887822151184,-0.2439662367105484,0.12354408949613571
1724162835.188741,-0.21070779554013885,0.15362427911764714,0.022733863767851706,0.9651346426027633,-0.41123082283463774,0.34050056331646045,0.11878080410441384,0.30611664056777954,0.3997378349304199,-0.864003598690033,-0.006882179528474808,0.011740331538021564,0.014445332810282707,-0.3405224084854126,-0.35389450192451477,0.11786393076181412
1724162835.201921,-0.2168650515398232,0.14666193525460428,0.02715985877553252,0.964739360725282,-0.4229692791264878,0.32915932947753584,0.1275739204516924,0.29476112127304077,0.4104698598384857,-0.8629196882247925,0.009908529929816723,-0.004769391380250454,0.005956216715276241,-0.3148297071456909,-0.3886096477508545,0.07038114219903946
1724162835.2437901,-0.2220516562324618,0.14014652968616936,0.030447304183701975,0.9644298028125962,-0.43319443444220807,0.31806790169194377,0.13367695570334145,0.2838447093963623,0.41977229714393616,-0.862104058265686,0.02303418703377247,-0.012762707658112049,-0.013313304632902145,-0.23660138249397278,-0.283601313829422,0.012799879536032677
1724162835.2963061,-0.2256621563524553,0.13552320083776453,0.031778217310789905,0.9642095575363284,-0.44068358968743127,0.30973809370092475,0.13579788262324438,0.2756878137588501,0.42655783891677856,-0.8614200949668884,0.021205252036452293,-0.012152135372161865,-0.013624588958919048,-0.15257790684700012,-0.1892377883195877,-0.0629456639289856
1724162835.3080668,-0.22759427830770967,0.13285584870144485,0.0312658254724061,0.9641434434018522,-0.44511243965931235,0.3042831060532815,0.13420372028130415,0.2704160213470459,0.430559366941452,-0.8611003160476685,0.008880156092345715,-0.0073233311995863914,-0.0052658249624073505,-0.06599827110767365,-0.09141303598880768,-0.09790191054344177
1724162835.348918,-0.228504495588404,0.13098528053203579,0.029847088621688427,0.9642290213228129,-0.44764333246103016,0.29981132471203986,0.13062547129520924,0.2662400007247925,0.43284228444099426,-0.8612571358680725,0.0006867378833703697,-0.0016834131674841046,-0.001209496520459652,-0.0318429060280323,-0.07658550143241882,-0.11018514633178711
1724162835.4013,-0.22910544118934228,0.129450828771052,0.02870918292764181,0.9643281864134214,-0.44940846731715256,0.2961030158187062,0.12767576926112598,0.2628210186958313,0.43443283438682556,-0.8615063428878784,0.0012744119158014655,0.0010379103478044271,-0.0054519297555089,-0.023505812510848045,-0.060497939586639404,-0.06634048372507095
1724162835.45357,-0.22955358300274048,0.12817248947484838,0.028142831933853803,0.9644090499187092,-0.45065233215194467,0.2931761161474158,0.12600742124264586,0.2601419985294342,0.43555283546447754,-0.8617539405822754,-0.004458470735698938,0.002215495565906167,-9.563961066305637e-05,-0.02382936328649521,-0.07646295428276062,-0.022225936874747276
1724162835.4667869,-0.23003579803255814,0.1266961605274413,0.028480609590062364,0.9644793749114305,-0.45171904262916934,0.2902599805828904,0.12618485085913617,0.2574947774410248,0.4365127980709076,-0.8620632290840149,-0.005145208910107613,0.0038989088498055935,0.0011138570262119174,-0.030983591452240944,-0.07704182714223862,0.018673023208975792
1724162835.505217,-0.2308148901190728,0.12462599142281239,0.02919438877813304,0.9645415512253375,-0.4533552942756923,0.2863161434147072,0.12698356673279387,0.25389087200164795,0.4379843473434448,-0.8623856902122498,0.0008373461896553636,-0.0002721729688346386,-0.0054536545649170876,-0.05678799748420715,-0.11641427874565125,-0.02948937937617302
1724162835.557543,-0.23244747381201694,0.1218931907136199,0.0287648279218515,0.9645116371864698,-0.4571405896263931,0.28061285095091626,0.12531746354925904,0.24850741028785706,0.44138413667678833,-0.8622204661369324,0.0026810811832547188,0.004211054183542728,-0.007492737844586372,-0.10977635532617569,-0.13210748136043549,-0.11658212542533875
1724162835.608943,-0.23500652893713903,0.11869755346493777,0.026642573489739464,0.9643510276034728,-0.46333364862415577,0.2733017066045876,0.12009495372418812,0.2414545714855194,0.44693276286125183,-0.8613656759262085,0.0026223945897072554,0.007860500365495682,1.0348623618483543e-05,-0.12705202400684357,-0.12621858716011047,-0.21185924112796783
1724162835.621241,-0.237997641211682,0.11572874615402501,0.02236302094496054,0.9640870663353212,-0.4709407263839246,0.26545530902662534,0.11042687430257282,0.23378986120224,0.45372480154037476,-0.8599279522895813,0.007661355659365654,0.015661589801311493,-0.014294283464550972,-0.12557372450828552,-0.03921617567539215,-0.31949660181999207
1724162835.66146,-0.24110926987654682,0.11392609073064838,0.016034088630070456,0.9636545100877801,-0.47916533212808704,0.25903758156941226,0.09688561187927078,0.22730271518230438,0.4610386788845062,-0.8577743172645569,0.0007714757230132818,0.010672532953321934,-0.008108406327664852,-0.09538375586271286,0.020673926919698715,-0.3794040083885193
1724162835.7590609,-0.24360809209095485,0.11339878960389763,0.0075847153338833495,0.9631916850157293,-0.48653114984020984,0.2540298706556359,0.07911412257971241,0.2221449315547943,0.46756237745285034,-0.8555916547775269,-0.0015716450288891792,0.010006137192249298,-0.014030709862709045,-0.06728620827198029,0.12495341897010803,-0.45024171471595764
1724162835.772503,-0.2456652239191679,0.1142579166170068,-0.0021095915564190246,0.9625949909262348,-0.49318565454441504,0.25118488400265904,0.05915723628280702,0.2189316749572754,0.47343429923057556,-0.8531874418258667,-0.006434504874050617,-0.006573128513991833,-0.011851507239043713,-0.039879895746707916,0.1930251568555832,-0.49000057578086853
1724162835.807948,-0.24768805135487143,0.11561289925306438,-0.012031461495098221,0.9618417195654684,-0.49980612326530877,0.2491794399283848,0.03889336108256773,0.2164425104856491,0.47925540804862976,-0.8505685925483704,-0.014866861514747143,-0.011052766814827919,-0.0017310313414782286,-0.05418851971626282,0.18318676948547363,-0.4497379958629608
1724162835.83477,-0.24916618677683536,0.11666587899605686,-0.020480362753375846,0.9611897299473153,-0.5049579954710561,0.24710410051830065,0.021445276896821013,0.21407005190849304,0.4837706983089447,-0.8486105799674988,-0.01684640347957611,-0.011853434145450592,0.0022018428426235914,-0.025712547823786736,0.1269632875919342,-0.3474312424659729
1724162835.880073,-0.249596369476154,0.1175025074908889,-0.026365821017898156,0.9608327269211896,-0.5073203198089641,0.24574616054968262,0.009141613037204248,0.21263886988162994,0.48583683371543884,-0.8477896451950073,-0.01630261540412903,-0.0003888638166245073,0.003112128935754299,-0.0020104264840483665,0.09557414054870605,-0.20512838661670685
1724162835.941278,-0.25017686920659316,0.1176472297658421,-0.02940046183791632,0.9605759338526427,-0.5092763130713537,0.24444779163220834,0.002728769571769217,0.211307555437088,0.48754552006721497,-0.8471413254737854,-0.009791073389351368,0.0018108244985342026,-0.00019472872372716665,-0.05427294224500656,0.02257675863802433,-0.07800830155611038
1724162835.953208,-0.25109501579232435,0.11808322108974939,-0.0298875580214938,0.9602678129738491,-0.5112816075080096,0.2452789841888027,0.0021787164231085545,0.2117737978696823,0.4892953634262085,-0.8460152745246887,0.006433863192796707,-0.023962009698152542,-0.017401600256562233,-0.02739611081779003,0.06444055587053299,0.017758749425411224
1724162835.9962192,-0.2513954387093982,0.1198305138580868,-0.030114999200924898,0.9599656288284564,-0.5119513570015314,0.24910089369551916,0.0027884736275022785,0.21492479741573334,0.4898793697357178,-0.8448819518089294,0.012449570000171661,-0.023763282224535942,-0.03397475928068161,-0.025447655469179153,0.15697000920772552,0.01623799279332161
1724162836.053693,-0.25150089862461456,0.12308810561924424,-0.030513492080273923,0.9595131500082212,-0.5122601534187474,0.2561787374124125,0.0038517702471278486,0.22086095809936523,0.49014854431152344,-0.8431932330131531,0.01123747881501913,-0.02992810681462288,-0.020563166588544846,-0.003925269469618797,0.20512376725673676,0.008745616301894188
1724162836.0671701,-0.2504947921243588,0.12719741047770527,-0.031287699612171684,0.9592153840632739,-0.5103885847316727,0.26477965751954674,0.004241915347157085,0.2283446043729782,0.48851636052131653,-0.8421463370323181,0.0030844369903206825,-0.02504347823560238,-0.005970815196633339,0.05164125934243202,0.22005940973758698,0.017930785194039345
1724162836.105052,-0.24852322448581524,0.1310858272285109,-0.03202342860366763,0.9591803966995396,-0.5065379536105852,0.2727479944878341,0.004257938416355333,0.23555277287960052,0.48515284061431885,-0.8421054482460022,0.0062613533809781075,-0.018831461668014526,-0.00019725412130355835,0.08686075359582901,0.19228392839431763,0.026123464107513428
1724162836.1987848,-0.24626242049988398,0.13457525895412964,-0.03263973904189482,0.9592595538382174,-0.5020734860573659,0.2798334305830168,0.004177232137003798,0.24210931360721588,0.48124417662620544,-0.8424886465072632,0.002901193220168352,-0.0067998794838786125,0.006380605977028608,0.07698079198598862,0.15919162333011627,0.01926328055560589
1724162836.204184,-0.24523361477510786,0.13690701507560457,-0.03327551223622422,0.9591713290160088,-0.5001457105103309,0.28451885074844646,0.003777241882880765,0.24631401896476746,0.4795534014701843,-0.8422338962554932,-0.0002864158304873854,0.0022713199723511934,0.0061379484832286835,-0.005822738632559776,0.09221548587083817,-0.005496170371770859
1724162836.20732,-0.2462307047001727,0.13773958864612756,-0.03391101718616677,0.9587743304743337,-0.502366664148849,0.286193095892371,0.0032008964505054745,0.2474224865436554,0.48150113224983215,-0.8407964706420898,-0.0001873519504442811,-0.0021334171760827303,0.009170884266495705,-0.09965915977954865,0.0041872598230838776,-0.04348950833082199
1724162836.2561731,-0.24909911153819633,0.13752571089314147,-0.0346744349011165,0.9580365102598418,-0.5084562194237117,0.285768754136089,0.0023770170885448433,0.24623455107212067,0.48682934045791626,-0.838072657585144,-0.006103520281612873,0.015117605216801167,0.016494765877723694,-0.1949271410703659,-0.048459723591804504,-0.052691493183374405
1724162836.308389,-0.2532506052233482,0.13662444736297727,-0.034729988817682377,0.9570745573509085,-0.5169711319106669,0.2844162196196727,0.0031312686966698065,0.24392877519130707,0.4942493736743927,-0.8343957662582397,0.004377799574285746,0.003635411150753498,-0.00020874483743682504,-0.2142079919576645,-0.037675268948078156,-0.040801603347063065
1724162836.357596,-0.2570408455505749,0.13622763768594495,-0.034314787601029864,0.9561351345931682,-0.5246161484467687,0.2844186841976996,0.0050986972943848925,0.24286344647407532,0.5008808374404907,-0.8307440876960754,0.005196794867515564,0.004087230656296015,0.0019928794354200363,-0.175204798579216,-0.020195772871375084,0.021671529859304428
1724162836.412516,-0.2589040675876817,0.13665042230307675,-0.03375192266159143,0.9555920118765237,-0.5282674729286432,0.2860336015853616,0.007239495995066723,0.24368707835674286,0.5040377378463745,-0.8285906910896301,0.001972442027181387,0.01243625394999981,0.006676949094980955,-0.07016105204820633,0.0015219359192997217,0.035316988825798035
1724162836.4252,-0.25987690871743385,0.13715074926921772,-0.032867346625075636,0.9552869965812106,-0.5299956936503276,0.28786167640062194,0.009839098328849553,0.2449537217617035,0.5055296421051025,-0.8273073434829712,0.0033311168663203716,0.003975627478212118,0.006608322728425264,-0.027845419943332672,0.006339746527373791,0.02898307330906391
1724162836.4649491,-0.2594012931568075,0.13785771784211148,-0.03232237527746957,0.9553331211032674,-0.5288503391208951,0.2896900198874925,0.011308798643256507,0.24663114547729492,0.5045410990715027,-0.8274124264717102,-0.0008041526889428496,0.006812142673879862,0.0058318390510976315,0.06280176341533661,0.027024907991290092,0.05166124179959297
1724162836.521285,-0.2583251281600679,0.13830267960368342,-0.03135868267140969,0.9555924862479732,-0.5263504021670935,0.2910538258516234,0.013325926328466537,0.2481205314397812,0.5023810863494873,-0.8282809853553772,-0.005725182592868805,0.017906971275806427,0.0136157451197505,0.041272275149822235,-0.009493270888924599,0.06976344436407089
1724162836.533248,-0.25727679614195414,0.13863299999605183,-0.03023245153303945,0.9558637108933294,-0.5238592229711861,0.2922516501957836,0.015635211000929305,0.24947229027748108,0.5002255439758301,-0.8291791081428528,-0.007950847037136555,0.01428200677037239,0.013454928994178772,0.05424334108829498,-0.03276435658335686,0.08270902931690216
1724162836.573883,-0.2559089900128733,0.1384169141858776,-0.029200284627652773,0.9562941945108017,-0.5207515299028429,0.2920956183421037,0.017288564158421393,0.24978934228420258,0.4975321888923645,-0.8307027220726013,-0.009015964344143867,0.011005891487002373,0.007159615401178598,0.09038898348808289,-0.030249210074543953,0.07134585082530975
1724162836.64135,-0.25397154475984524,0.1378569614966288,-0.027902958298025735,0.9569301086163243,-0.5164074679756812,0.2912028994581911,0.019114728289423295,0.24966584146022797,0.49375927448272705,-0.8329878449440002,0.0016160057857632637,0.00310510047711432,-0.0034042219631373882,0.11766165494918823,-0.02770598791539669,0.07540633529424667
1724162836.687751,-0.2520514551937362,0.1381508940378402,-0.02633704357718195,0.9574396276578334,-0.5120038045498848,0.29237429738854437,0.022037561461018186,0.2512657046318054,0.4899250864982605,-0.8347687721252441,0.00010668090544641018,0.007984323427081108,-0.009475269354879856,0.09423891454935074,0.019405053928494453,0.0848473533987999
1724162836.698639,-0.250779774878192,0.13860442647255056,-0.025260946713592688,0.9577369570312702,-0.5090691886389387,0.29374310466788706,0.024202689482330817,0.2528232932090759,0.48736467957496643,-0.8357966542243958,0.0007015386945568025,0.0034103868529200554,-0.0035598636604845524,0.03948817774653435,0.026083024218678474,0.039735011756420135
1724162836.740181,-0.25021525532639555,0.1392966160413637,-0.02547653190499174,0.9577785122136118,-0.5079638292978454,0.29506136459931837,0.023930003675032938,0.2540813684463501,0.48639917373657227,-0.8359775543212891,0.002636678982526064,-0.011070345528423786,-0.00044163630809634924,0.04310277849435806,0.059952784329652786,-0.06212477758526802
1724162836.77009,-0.24921509367009168,0.1401030016114397,-0.028186097964430022,0.9578457261906247,-0.5067258496437853,0.295167797607843,0.01811263041126885,0.2543453276157379,0.4853171408176422,-0.8365259766578674,-0.0027801450341939926,0.00019368267385289073,0.004459802061319351,0.08139363676309586,0.08077730983495712,-0.14821672439575195
1724162836.832268,-0.24723457341415414,0.14116934474432985,-0.03252475771522804,0.95806486841395,-0.5039822893656636,0.2947913510492471,0.008544716623772214,0.254416286945343,0.48291653394699097,-0.8378925919532776,-0.006724429316818714,0.0036861479748040438,0.009975182823836803,0.17624980211257935,0.10890381038188934,-0.20920072495937347
1724162836.8612719,-0.24421504888847834,0.14132224516302969,-0.037794539590885946,0.9586232213225734,-0.4994044987345871,0.2917375969871157,-0.003913364843428431,0.2524895668029785,0.4789028465747833,-0.8407740592956543,-0.013434099033474922,0.010295934043824673,0.007216167636215687,0.16168974339962006,0.019134163856506348,-0.21395091712474823
1724162836.892252,-0.24175323567923074,0.14106023953693286,-0.04190058456994349,0.9591149807808692,-0.49559973401489354,0.2885521664562838,-0.01383657255842245,0.2503267824649811,0.4755593240261078,-0.8433147668838501,-0.005097214598208666,0.015532677993178368,-0.000858325744047761,0.18049408495426178,0.05352119728922844,-0.134438619017601
1724162836.951829,-0.2386664682163701,0.14148225534044143,-0.04333334533609398,0.9597620872111896,-0.4897302414575744,0.28828905995011517,-0.017730080953524158,0.250894159078598,0.47038787603378296,-0.8460421562194824,-0.0006423354498110712,0.016964813694357872,-0.005841605365276337,0.21525254845619202,0.10871630162000656,0.002442809520289302
1724162836.981034,-0.235542868697947,0.14256834062465015,-0.04338717196277544,0.9603703883276138,-0.4833952377373089,0.290246778501481,-0.018267559384371912,0.25339773297309875,0.4647880792617798,-0.8483876585960388,-0.006914898287504911,0.027054844424128532,0.0017849346622824669,0.113535076379776,0.037739042192697525,0.06870871037244797
1724162837.0112019,-0.23452875695135436,0.1427352029809653,-0.04284337960546557,0.9606181886012307,-0.4811689317262114,0.29076342957049356,-0.017329720271066044,0.25413206219673157,0.46281570196151733,-0.8492458462715149,-0.009695043787360191,0.027248525992035866,0.006244736723601818,-0.015198071487247944,-0.04157700389623642,0.04450789466500282
1724162837.0547729,-0.2357419343347101,0.14250889705795558,-0.04220804220452113,0.960382910520356,-0.4834483502825252,0.29075971762416014,-0.015678484711432728,0.2538258135318756,0.46483510732650757,-0.8482339382171631,-0.00482196593657136,0.006690092384815216,0.010816844180226326,-0.08380205184221268,-0.046321503818035126,0.02162075974047184
1724162837.083617,-0.23793115412503615,0.14154037184166973,-0.04141064311814158,0.9600209133987464,-0.48766043102522927,0.28933674423529715,-0.013760911382914031,0.25205767154693604,0.4685603380203247,-0.846710205078125,0.014575820416212082,-0.03107757866382599,0.006586825475096703,-0.06646057963371277,-0.0695127323269844,-0.02771938405930996
1724162837.125109,-0.23850209684236404,0.14044886941023244,-0.042258592825214145,0.9600025992233185,-0.4890592313606798,0.2865422049422417,-0.016020639293564867,0.24950502812862396,0.4697956144809723,-0.8467817306518555,0.02311793342232704,-0.04628589376807213,-0.006031619384884834,0.05726322531700134,0.010172524489462376,-0.12041902542114258
1724162837.171006,-0.23645076986428012,0.13959523880064711,-0.04708712392025086,0.9604098003021553,-0.48626324678344085,0.28182207651442953,-0.02763780556143138,0.2458696961402893,0.4673255681991577,-0.849208414554596,0.004039281513541937,-0.02610405534505844,0.004720849450677633,0.15361692011356354,-0.005703906062990427,-0.3132763206958771
1724162837.252225,-0.23407137190049726,0.1374109944363105,-0.054827078915842646,0.9608968635909619,-0.4835268341420765,0.2726438542596705,-0.046368764514331064,0.23840868473052979,0.4649045765399933,-0.8526576161384583,0.0042894696816802025,-0.00507290568202734,0.0016112454468384385,0.1477477252483368,-0.02688571996986866,-0.43063220381736755
1724162837.265043,-0.23230157939137852,0.13412530505045586,-0.06145880812739531,0.9613892163696054,-0.48154702927798,0.2617448121322373,-0.06306551700593761,0.22933928668498993,0.46315082907676697,-0.8560927510261536,0.003342842683196068,0.036741703748703,-0.002719346433877945,0.08091942965984344,-0.11260657757520676,-0.21837860345840454
1724162837.282404,-0.23113566947420605,0.13381286673457368,-0.06382479543743767,0.9615595667408134,-0.47977837740764356,0.2597413574287497,-0.06868777370371577,0.22783370316028595,0.46158260107040405,-0.8573408722877502,0.036420807242393494,-0.010667764581739902,-0.020455671474337578,0.10553858429193497,0.1454722285270691,-0.11416342109441757
1724162837.341315,-0.22790813037332297,0.13675160400590775,-0.06988117849946732,0.9614953885008869,-0.47504443135807994,0.2629153865489394,-0.08110710621071476,0.2311190962791443,0.45737797021865845,-0.8587137460708618,0.015787353739142418,-0.05110756307840347,-0.015310213901102543,0.30151838064193726,0.29301175475120544,-0.38801369071006775
1724162837.394731,-0.2228213656751328,0.13977111158563135,-0.08084735679510588,0.9613939649709866,-0.46792855715491166,0.2637997174991061,-0.10457579526468154,0.23272116482257843,0.4510384798049927,-0.8616293668746948,-0.00015069154324010015,-0.005751566030085087,-0.01652350462973118,0.31703880429267883,0.29382380843162537,-0.5143746733665466
1724162837.424792,-0.2176669930394338,0.14350321616688164,-0.09255945915038757,0.9609685487109043,-0.46107089343473423,0.2660993922443858,-0.1292391682201218,0.23550987243652344,0.44490742683410645,-0.8640558123588562,-0.01787015236914158,0.029994290322065353,-0.007738044485449791,0.25132206082344055,0.3185715973377228,-0.4473585784435272
1724162837.453721,-0.21412972966471142,0.14700439499937695,-0.10233631862852755,0.9602423363252597,-0.45706985480816126,0.2690079037734725,-0.14941517760265685,0.2384931892156601,0.44132065773010254,-0.8650763630867004,-0.024539444595575333,0.03584878146648407,3.896263660863042e-05,0.1651623696088791,0.28168103098869324,-0.35662293434143066
1724162837.484602,-0.21251339133017066,0.14954385680607615,-0.10899304473428384,0.9594764502547395,-0.45604601668599504,0.27135352373366284,-0.16288486811335237,0.24064265191555023,0.44040167331695557,-0.8649494051933289,-0.03206447511911392,0.0405292809009552,0.01054107304662466,0.07953700423240662,0.15861822664737701,-0.1929561346769333
1724162837.5500212,-0.21246134507387146,0.1509458436183338,-0.11112424055750753,0.9590239137105783,-0.4567777541608003,0.27337333980382,-0.16679446720550095,0.24230213463306427,0.44105851650238037,-0.8641510605812073,-0.02173372358083725,0.02980601228773594,0.00846555083990097,-0.004618655424565077,0.0684770941734314,0.026650317013263702
1724162837.580089,-0.21233690212560918,0.15208322989026193,-0.10971735242491577,0.9590337331110063,-0.45632134496709137,0.2765625659153934,-0.16320866846442822,0.24511180818080902,0.4406488537788391,-0.8635674715042114,-0.013147683814167976,0.008024613372981548,0.001078219385817647,0.03419991955161095,0.04080689698457718,0.14870533347129822
1724162837.611083,-0.21126447470833704,0.15278379569379139,-0.10632225124087875,0.9595415540071877,-0.45328674451292067,0.27980713204950586,-0.15578362730576029,0.2482805699110031,0.43792271614074707,-0.8640488982200623,-0.002056663390249014,-0.0007675537490285933,-0.001676421845331788,0.0866367444396019,0.026135966181755066,0.21624451875686646
1724162837.649739,-0.2089173017749801,0.1529733795898112,-0.10209349897080403,0.9604839767898773,-0.44732869567015826,0.28234923921106464,-0.14715868837038074,0.25119876861572266,0.4325586259365082,-0.8659054040908813,-0.007499538362026215,-0.005508918780833483,0.002620839048177004,0.1353777050971985,-0.046936094760894775,0.23996545374393463
1724162837.678657,-0.2056048556459613,0.15190573811476973,-0.09788460480758748,0.961805479028439,-0.4392294912630177,0.28210747461840235,-0.13947466130288508,0.25195643305778503,0.42524221539497375,-0.8693025708198547,-0.013830787502229214,0.008230559527873993,0.017750466242432594,0.13961361348628998,-0.15175339579582214,0.2668311595916748
1724162837.7222118,-0.20254122487103138,0.14944345489563038,-0.09169600662544129,0.9634497582072428,-0.4308940805711475,0.2796832119709917,-0.12818812196464163,0.25081807374954224,0.41768333315849304,-0.8732874393463135,0.004965515341609716,0.008526897057890892,0.0059326523914933205,0.11014378815889359,-0.19593612849712372,0.37782639265060425
1724162837.7762442,-0.1988139820439784,0.14843508156210583,-0.08427091807334362,0.965058702717889,-0.4210860234305722,0.2808824591510353,-0.11379535461578533,0.25298866629600525,0.40875184535980225,-0.8768800497055054,0.01957799680531025,-0.026168830692768097,-0.01317490916699171,0.23273038864135742,-0.053390588611364365,0.3783426284790039
1724162837.80758,-0.19170108756734552,0.15009591297428873,-0.0786372845907254,0.9667150644468661,-0.40524826425031285,0.2868887394188584,-0.1030026357482186,0.2600502371788025,0.3942469358444214,-0.8814437985420227,0.038686249405145645,-0.03616306558251381,-0.028628112748265266,0.42703813314437866,0.22117413580417633,0.25317978858947754
1724162837.884613,-0.18246711529841517,0.1549395902912563,-0.07487717429293544,0.9680355347397331,-0.38598535578287774,0.2987242179413838,-0.09559252567822331,0.27264881134033203,0.3764721751213074,-0.8853989839553833,0.007304444909095764,-0.015524047426879406,-0.012093240395188332,0.4817827343940735,0.2698407471179962,0.28433752059936523
1724162837.889112,-0.17298869309164153,0.1605190725800664,-0.07086090279745524,0.9691682954086792,-0.3661886266052193,0.3120146531523976,-0.08773854655068544,0.2866237163543701,0.3580593764781952,-0.8886170983314514,-0.0016962022054940462,0.02460028976202011,-0.009182375855743885,0.30402928590774536,0.2562498152256012,0.35844820737838745
1724162837.943851,-0.16730283553557035,0.16430287336054167,-0.0651565610497219,0.9699323590975529,-0.3532571791331382,0.3220006792455302,-0.0761921914627008,0.29692357778549194,0.3459556996822357,-0.8900286555290222,-0.004425277467817068,0.008755465969443321,0.0002825451665557921,0.17505213618278503,0.10272818803787231,0.36169543862342834
1724162837.9761329,-0.16408406919889268,0.166491004829244,-0.060000539747940854,0.9704416679827167,-0.3452661536271206,0.32834871707370733,-0.06574124833563336,0.3034493625164032,0.33844712376594543,-0.8907143473625183,0.0032095937058329582,-0.01127265952527523,0.008050128817558289,0.09944749623537064,0.06261599063873291,0.22478456795215607
1724162838.004946,-0.16263929413662526,0.16767095904619173,-0.05660386435726871,0.9706857180828349,-0.3413133048655591,0.3319622493323964,-0.05877140618547671,0.3070995807647705,0.33472493290901184,-0.8908697962760925,0.009834959171712399,-0.010554070584475994,-0.004957990720868111,0.023189695551991463,0.05025864765048027,0.18291586637496948
1724162838.06009,-0.1612084512006456,0.16905671096378366,-0.05474749887285914,0.9707905042583004,-0.33790377124514775,0.3354579104602033,-0.05492174270217236,0.31058576703071594,0.33151012659072876,-0.8908633589744568,0.003760482417419553,-0.011443675495684147,-0.0016494081355631351,0.05779300257563591,0.05777639150619507,0.08013442158699036
1724162838.092227,-0.15961883206020738,0.17059949695892945,-0.053877068290499125,0.9708320140075867,-0.3345127277245653,0.33892809041810523,-0.05311723826650791,0.31404730677604675,0.32830893993377686,-0.8908352851867676,-0.002060255268588662,0.0028800764121115208,-0.0067553408443927765,0.05945340916514397,0.07616288959980011,0.06967909634113312
1724162838.147471,-0.1582800406590395,0.17166515280225228,-0.053000871469103435,0.9709116160288367,-0.3315919460507109,0.3413969661378351,-0.05139723205729209,0.3165654242038727,0.3255486786365509,-0.8909569978713989,-0.0031437233556061983,0.0003279527882114053,-0.005395377054810524,0.021999478340148926,0.033364564180374146,0.046479079872369766
1724162838.178515,-0.15832361354919441,0.17222566981667464,-0.05162988507569052,0.9708791063187884,-0.3312339601453139,0.3430446093568171,-0.048364827789664507,0.3180721402168274,0.3252101540565491,-0.8905439376831055,-0.0017186615150421858,0.004947266541421413,-0.004707633517682552,-0.04177916795015335,0.009448840282857418,0.09243921935558319
1724162838.207395,-0.15878833386187516,0.172526153860046,-0.04922309629806789,0.970874860659058,-0.33134138764364085,0.34451618447839255,-0.0431482841457377,0.3193705081939697,0.3253117501735687,-0.8900420069694519,0.0012228675186634064,-0.004778066650032997,0.0018251645378768444,-0.04217629134654999,-0.012300854548811913,0.12563955783843994
1724162838.241065,-0.15927863126922745,0.17274274604334824,-0.04659513248327522,0.9708857121363951,-0.3314142422769031,0.34588864040398043,-0.037497442930350344,0.320583701133728,0.3253806233406067,-0.8895805478096008,-0.002111799782142043,-0.0029359005857259035,0.000521753157954663,-0.050667379051446915,-0.01530120987445116,0.13287928700447083
1724162838.278511,-0.16011431465354886,0.17261297200945094,-0.04393140673668286,0.9708954737638393,-0.3321484335902042,0.34657189818930895,-0.03177155235062862,0.32111021876335144,0.3260747790336609,-0.8891363143920898,0.0008077446836978197,-0.010459772311151028,-0.0007529198192059994,-0.06410930305719376,-0.02824515290558338,0.1006845086812973
1724162838.349588,-0.16113884471434445,0.1716355969444533,-0.04176252250360559,0.9709949582794984,-0.33340866659954416,0.34531771638431347,-0.02729431157645802,0.3198554813861847,0.3272658884525299,-0.8891509771347046,0.011175241321325302,-0.020460866391658783,-0.007755168713629246,-0.046231698244810104,-0.054531030356884,0.05437903106212616
1724162838.3897738,-0.1617646078017248,0.17090805024904548,-0.0404505531212951,0.9710748093522132,-0.33418325900982604,0.34427450292226325,-0.024632329187836,0.3188420534133911,0.32799771428108215,-0.889245331287384,0.0056261601857841015,-0.01133207231760025,-0.0062648518942296505,-0.038438085466623306,-0.0367342084646225,0.043495867401361465
1724162838.450187,-0.1623165484890675,0.17071420667006448,-0.03897102286028144,0.9710773327675024,-0.33476757501442916,0.34441485482459594,-0.021461210985341993,0.3189021050930023,0.32854965329170227,-0.8890200257301331,0.0014434130862355232,0.0038953204639256,-0.006967535242438316,-0.06890581548213959,-0.03391464054584503,0.09323626011610031
1724162838.455715,-0.16249199794440491,0.1711276686371844,-0.03690835864097584,0.9710557680258253,-0.3344076242518082,0.34600379962264993,-0.01700940831517648,0.3203544020652771,0.32820966839790344,-0.8886233568191528,0.00023893802426755428,0.010119556449353695,-0.006064147688448429,-0.028219789266586304,0.019434219226241112,0.13039550185203552
1724162838.4812331,-0.16275207125760485,0.17186169723840308,-0.03329087670004154,0.9710134198664798,-0.33366886753750397,0.3488033978173203,-0.009218639673246291,0.3229237198829651,0.3275117576122284,-0.8879506587982178,-0.00874028168618679,0.021847626194357872,-0.003831259673461318,-0.06711308658123016,-0.007035272195935249,0.2334640622138977
1724162838.5347838,-0.1634554355265173,0.17193211510519693,-0.027761876843978423,0.9710565689771238,-0.3331222927183557,0.35088850774254443,0.0024229746772291678,0.32483595609664917,0.32699525356292725,-0.8874433636665344,0.00168546789791435,-0.011487236246466637,0.0043294490315020084,-0.06333879381418228,-0.059264276176691055,0.24364487826824188
1724162838.5654979,-0.1638848435249904,0.171476258122515,-0.02380291494531419,0.971169900050763,-0.3325806213823594,0.35130143625681454,0.010549644709792269,0.32526329159736633,0.3264833092689514,-0.887475311756134,0.007598085794597864,-0.02292046509683132,0.0023104797583073378,-0.014610538259148598,-0.04334886372089386,0.13561832904815674
1724162838.619606,-0.1637467247497494,0.17123312160560242,-0.02248452243676313,0.9712675232337693,-0.3318407876879379,0.3512073603144601,0.01311669992221248,0.32526281476020813,0.32578393816947937,-0.8877324461936951,0.008450232446193695,-0.01809883676469326,-0.005493541713804007,0.020302118733525276,0.0034050708636641502,0.009941976517438889
1724162838.652221,-0.16285523470686356,0.17093584503561152,-0.023143773003053862,0.9714542362459848,-0.33029808612746114,0.3502383962536686,0.011321569994219138,0.3245745301246643,0.3243250250816345,-0.888518214225769,0.008160225115716457,-0.012179887853562832,-0.004434512462466955,0.061163272708654404,7.930787978693843e-05,-0.07734797149896622
1724162838.681154,-0.16160080856461667,0.17097959224137382,-0.025008060614010178,0.9716098266361183,-0.32845140416992774,0.349550999907722,0.007041181223245239,0.32416826486587524,0.3225775957107544,-0.8893023133277893,0.001994343241676688,0.005894467234611511,-0.00628324132412672,0.04781031981110573,0.026378821581602097,-0.08210963755846024
1724162838.748739,-0.16098382848169862,0.17111919610678153,-0.026495309565719615,0.9716482921191889,-0.32774305160688266,0.34927927164144257,0.0038093791515273192,0.3240047097206116,0.32190704345703125,-0.8896048665046692,-0.0013954602181911469,0.005568286869674921,-0.0053884778171777725,0.028808271512389183,0.022502895444631577,-0.06384948641061783
1724162838.760607,-0.1607229026009028,0.17127838290691733,-0.027741898511032318,0.9716285915819494,-0.32766074550541824,0.34917434546201226,0.001211530564005199,0.32392042875289917,0.3218291103839874,-0.8896637558937073,0.002346671186387539,-0.0051513961516320705,0.0006173927104100585,0.02458467148244381,0.016631094738841057,-0.06280598789453506
1724162838.796179,-0.16024641546679164,0.1715351195267658,-0.029470846865023416,0.9716111141828229,-0.3273184082750187,0.3490929274553079,-0.0024211762600426737,0.32388564944267273,0.32150498032569885,-0.8897935748100281,-0.00024612186825834215,-0.0028242964763194323,-0.004093690309673548,0.04739164561033249,0.02651490643620491,-0.07938280701637268
1724162838.862383,-0.159354088881083,0.17207594100905765,-0.031197767855732188,0.9716083538302605,-0.32614781022285355,0.34956894396997895,-0.0061038215863059965,0.32443785667419434,0.3203963041305542,-0.8899922966957092,-0.0044840057380497456,0.01023474894464016,-0.002598199062049389,0.04552609473466873,0.03291379287838936,-0.04361587390303612
1724162838.892283,-0.15865895315378517,0.1727616719300798,-0.03199666577204239,0.9715744280793547,-0.32504724608782015,0.3506812375069976,-0.007760352200514064,0.32554852962493896,0.31935355067253113,-0.8899614810943604,-0.003488867310807109,0.004078555852174759,-0.0021381727419793606,0.026149341836571693,0.024771032854914665,-0.0070139579474925995
1724162838.921191,-0.15797170738050323,0.17315146635296833,-0.03208827444379487,0.9716139702954352,-0.3237113164459043,0.35140001359410944,-0.008067883298490269,0.326334685087204,0.31808730959892273,-0.8901270031929016,-0.006463548168540001,0.009434082545340061,0.001334675122052431,0.0214847344905138,0.005892784334719181,0.03238261118531227
1724162838.95472,-0.1577749949398099,0.17321424754444975,-0.031299645158724916,0.9716604894256629,-0.32303975563993576,0.351766344900268,-0.0065039652437036185,0.3267342746257782,0.31745055317878723,-0.8902077674865723,0.002515672007575631,-0.0022939860355108976,-0.0008982130675576627,-0.006309698335826397,-0.008146301843225956,0.04560314118862152
1724162839.0095181,-0.15798154848630647,0.1734538518602361,-0.03162587980922337,0.9715736721340804,-0.32356933385585784,0.35219047661435027,-0.0070126953811353605,0.3270537853240967,0.3179526925086975,-0.8899111747741699,0.017032722011208534,-0.03406244143843651,-0.007575963158160448,0.0022778252605348825,0.035788603127002716,-0.11475135385990143
1724162839.077451,-0.15819341637014012,0.17363001545406764,-0.03637865821974896,0.9713413296390137,-0.32567931002533207,0.3510399708524322,-0.016611888985152368,0.32579830288887024,0.31995245814323425,-0.8896549344062805,0.01547185331583023,-0.034999195486307144,-0.006369915325194597,0.04858242720365524,0.06138170510530472,-0.32435745000839233
1724162839.08938,-0.1581946520214468,0.17480639920789126,-0.04317272321783721,0.9708517567678756,-0.32811677921642945,0.35130285282044954,-0.03013367469267525,0.3257628083229065,0.32226085662841797,-0.8888343572616577,0.0014618055429309607,0.005341490730643272,-0.004238983616232872,0.02233206294476986,0.12107730656862259,-0.3103828430175781
1724162839.134829,-0.15844715255973418,0.17653164860607698,-0.04749342298139451,0.9702965607282479,-0.33021840271956515,0.35355179069912585,-0.03830178009026395,0.32752570509910583,0.32424962520599365,-0.8874621391296387,-0.020227991044521332,0.028574418276548386,0.009457678534090519,0.00448274752125144,0.10051513463258743,-0.07427561283111572
1724162839.169662,-0.15752152966448235,0.17735112124364094,-0.045785014971657864,0.9703799364291001,-0.32779002765042237,0.35577554718710896,-0.034846519006495845,0.3297716975212097,0.3219515085220337,-0.887467086315155,-0.0160707775503397,0.02136627957224846,0.007657804060727358,0.010517946444451809,-0.011065726168453693,0.21061080694198608
1724162839.2513309,-0.15742848828149988,0.17714653748837567,-0.04081016778810418,0.9706543263353004,-0.3258097553298197,0.35696224417979733,-0.024753963875807843,0.3310467302799225,0.320076048374176,-0.8876707553863525,0.010786211118102074,-0.007967017590999603,0.000654754985589534,-0.06623297184705734,-0.06844030320644379,0.20588679611682892
1724162839.2569242,-0.15853102601651875,0.17720547652984292,-0.03773081425614359,0.9705887199150585,-0.32690033816330305,0.3582018426989854,-0.018011864106655985,0.3320242762565613,0.3211090564727783,-0.8869322538375854,0.00972464494407177,-0.01706092618405819,-0.010945471003651619,-0.02833014540374279,0.010757197625935078,0.11402417719364166
1724162839.306268,-0.15918345054869665,0.1775109680761814,-0.0358036411477542,0.9704990398300752,-0.3275094391758172,0.3595488197482184,-0.013710341989576371,0.3331497609615326,0.3216858506202698,-0.8863009810447693,-0.003900398500263691,-0.005250781308859587,0.00036266189999878407,-0.052319902926683426,-0.010294981300830841,0.06662504374980927
1724162839.317894,-0.1600083086862065,0.17722738176134328,-0.03438873574801129,0.9704664662601944,-0.32863845266434244,0.3595033726536024,-0.010597880610904721,0.33298149704933167,0.3227546513080597,-0.8859755992889404,-0.0008705396903678775,-0.006267796736210585,0.005075469613075256,-0.07572237402200699,-0.04613998904824257,0.04803335666656494
1724162839.353559,-0.16104907118785877,0.17660638196385145,-0.03333032558679039,0.9704444077497737,-0.33032559454352173,0.3586545405216348,-0.00825209183866179,0.33203771710395813,0.324351042509079,-0.8857467770576477,0.001028331695124507,0.00038377687451429665,0.000838210922665894,-0.049220748245716095,-0.03458498790860176,0.037536200135946274
1724162839.417269,-0.1615380477727991,0.17592260640603302,-0.03183400271894509,0.9705375991287423,-0.3307559955917563,0.3577575950898014,-0.005239841662721902,0.3311941921710968,0.3247581422328949,-0.8859133720397949,-0.003631817176938057,0.01722653955221176,-1.83897209353745e-05,-0.045989517122507095,-0.06340309977531433,0.09682750701904297
1724162839.4462252,-0.1621618524316484,0.1753145029624711,-0.02886102742194303,0.9706365429656918,-0.33092708750099287,0.35752988462486757,0.0008792185226966507,0.3309729993343353,0.3249199390411377,-0.8859367370605469,0.0032243942841887474,-0.006178859621286392,0.005699761677533388,-0.05036009103059769,-0.07216361165046692,0.11757792532444
1724162839.477257,-0.16236605052595174,0.1740498576381612,-0.02761869418755644,0.9708661058365107,-0.33089060516736996,0.35528732701217014,0.003057321724983593,0.32898953557014465,0.32488545775413513,-0.8866878151893616,0.018476177006959915,-0.027996959164738655,-0.0041596670635044575,0.018670113757252693,-0.06152377650141716,-0.022041991353034973
1724162839.5150762,-0.1614328598358908,0.17276162844791826,-0.029131934156422276,0.9712075617622259,-0.3295691427720047,0.35194193158975307,-0.0008534322068383726,0.32616910338401794,0.32363539934158325,-0.8881857395172119,0.013698097318410873,-0.030050113797187805,0.001504457090049982,0.1262182891368866,-0.05502895265817642,-0.13875363767147064
1724162839.573865,-0.15838642994225707,0.1720894725176823,-0.0329429293256774,0.9717065849112959,-0.3248309031423407,0.3489214747843598,-0.010033302375387548,0.32400551438331604,0.31914854049682617,-0.890597939491272,0.007510747294872999,0.014250348322093487,-0.010050125420093536,0.17685049772262573,0.03581148758530617,-0.13551317155361176
1724162839.639042,-0.15564154178946155,0.17286074213931307,-0.03531384419741111,0.9719298583890214,-0.32019755214889234,0.34950096771753797,-0.015631644277662653,0.32502442598342896,0.31475406885147095,-0.8917897343635559,-0.003973410930484533,0.015159349888563156,-0.002066097455099225,0.11430656909942627,0.046394266188144684,-0.06590404361486435
1724162839.6513162,-0.15394164738695018,0.1735164849998195,-0.03714050985509857,0.972015708162942,-0.31746198911926987,0.3501379430142636,-0.019768533243485306,0.3258865475654602,0.3121563792228699,-0.8923879861831665,0.0033898036926984787,0.00032618080149404705,-0.0008947635651566088,0.0890536904335022,0.037385936826467514,-0.09451287239789963
1724162839.697256,-0.15301058398745992,0.17409124806322135,-0.03929126086931258,0.9719753356291697,-0.31637713998335626,0.3505841705764005,-0.02431365824270096,0.32640084624290466,0.3111255466938019,-0.8925600051879883,0.0006576112937182188,0.009983469732105732,-0.00879097543656826,0.0434039942920208,0.06277526170015335,-0.0706130862236023
1724162839.7624989,-0.15257254419803273,0.17487395313489945,-0.041486156315662666,0.9718124729958859,-0.3163013204123661,0.3515042843878619,-0.028699034782267114,0.3272300660610199,0.31105348467826843,-0.8922814726829529,0.005952953360974789,-0.014358681626617908,-0.0018667766125872731,0.05193161219358444,0.05564698204398155,-0.13469870388507843
1724162839.7744799,-0.15146759272115873,0.17590174868776118,-0.046943617281665316,0.9715515220093187,-0.31606834125468436,0.351862154148969,-0.039916816967619145,0.32757434248924255,0.31083205342292786,-0.8922322988510132,0.018196387216448784,-0.05921570584177971,0.0036506715696305037,0.20698249340057373,0.1280217170715332,-0.4012892544269562
1724162839.7999659,-0.14791406285634381,0.1768285883968093,-0.05698028793726856,0.9713940066846537,-0.31258264523899704,0.35045004508732674,-0.061401833858902244,0.3266840875148773,0.3075171411037445,-0.8937061429023743,-0.0007745930342935026,0.01482957974076271,-0.009252726100385189,0.25860509276390076,0.16179382801055908,-0.4300224184989929
1724162839.8362808,-0.1444680317151518,0.1788945258705474,-0.06455093799396362,0.9710606613250622,-0.30854226593826195,0.3523233587333974,-0.0774056040694919,0.32878378033638,0.3036700487136841,-0.8942514657974243,-0.022203508764505386,0.043810442090034485,-0.0041965702548623085,0.16100965440273285,0.15914766490459442,-0.22943662106990814
1724162839.892668,-0.14272607056465125,0.1800510066696899,-0.06760728619271454,0.9708965316830674,-0.30625499719178745,0.35377703443460407,-0.08388016633100029,0.33032315969467163,0.30149000883102417,-0.8944218158721924,-0.023727551102638245,0.04793619364500046,0.012850411236286163,0.04077354818582535,0.022841384634375572,-0.03544918820261955
1724162839.948804,-0.14350950600384324,0.17976779281842173,-0.06658303271105927,0.9709042839685089,-0.30742666732234825,0.35351253426504314,-0.08160715023691548,0.3299640417098999,0.3026069402694702,-0.8941771388053894,-0.010524772107601166,0.039909761399030685,-0.0008098151884041727,-0.08469100296497345,-0.05201815813779831,0.150472030043602
1724162839.962362,-0.14512163394388722,0.17816894681698348,-0.0629407778882605,0.9712023085349004,-0.30921726266288024,0.3513113934728072,-0.07412432587386701,0.32780805230140686,0.30431312322616577,-0.8943910598754883,-0.002295559970661998,-0.008716948330402374,0.014771556481719017,-0.04981054738163948,-0.1335577368736267,0.1654926836490631
1724162840.0099149,-0.1453690115999802,0.17567362276480203,-0.06008576584031668,0.9718005243350698,-0.3085215560078069,0.3469434810563965,-0.06901877456466492,0.323970228433609,0.3036503195762634,-0.8960132598876953,0.011156932450830936,-0.017566710710525513,0.01028394140303135,0.043994657695293427,-0.1341487020254135,0.06660989671945572
1724162840.0386791,-0.144398825902396,0.17304348584265747,-0.05914346290904116,0.9724745884285481,-0.30607371275210843,0.34166062340748204,-0.06828046093340442,0.319480299949646,0.30131715536117554,-0.8984098434448242,0.013794085942208767,-0.00678257318213582,-0.002439908217638731,0.06796253472566605,-0.10857205092906952,0.00046486430801451206
1724162840.09378,-0.14338009436506202,0.1707367201090861,-0.05823415524884548,0.9730877517787935,-0.30356934734237445,0.33705126484630155,-0.06750913062750949,0.3155843913555145,0.29892823100090027,-0.9005822539329529,0.007238615769892931,-0.0024091782979667187,-0.004364162217825651,0.03561384603381157,-0.13281236588954926,0.06945327669382095
1724162840.144974,-0.14222744101593612,0.16910449747186218,-0.05596943856880573,0.9736746930263118,-0.30039326845917624,0.3342660554016081,-0.06378713836340612,0.3133847713470459,0.29589587450027466,-0.9023500680923462,-0.008699946105480194,0.018922170624136925,-0.0036790678277611732,0.026058021932840347,-0.11955736577510834,0.16385217010974884
1724162840.177479,-0.1414030366982026,0.16707544478124872,-0.0507121435126964,0.9744327451216619,-0.2968620999977118,0.3315443845319466,-0.0539667987921647,0.31126585602760315,0.29252099990844727,-0.904181957244873,0.007936562411487103,0.00464883865788579,-0.013002945110201836,0.012476969510316849,-0.10796267539262772,0.3276634216308594
1724162840.208953,-0.13965157392437902,0.16566848247873758,-0.044240188768045904,0.9752405190325429,-0.2911417952248552,0.3304089408919403,-0.0417881512793505,0.31077679991722107,0.2870461642742157,-0.9061027765274048,0.007264150772243738,-0.010428431443870068,-0.0018616024171933532,0.050928473472595215,-0.1295279562473297,0.32904767990112305
1724162840.248492,-0.13723063570333022,0.1647875417432451,-0.03952006492238371,0.9759358972926108,-0.2847123946845286,0.329779262994671,-0.03325494610186748,0.31079742312431335,0.28088143467903137,-0.9080256223678589,0.01588338427245617,-0.02566985785961151,-0.008870749734342098,0.11345267295837402,-0.035147327929735184,0.1590684950351715
1724162840.280952,-0.13452833560697045,0.16442347623850162,-0.03764023277740669,0.9764477448509593,-0.2786912757325191,0.329378065997503,-0.03044750826138137,0.31097450852394104,0.27509763836860657,-0.9097341299057007,0.010624310933053493,-0.02246001549065113,-0.008439461700618267,0.11228504031896591,-0.025877902284264565,0.049308475106954575
1724162840.309994,-0.1321688326658291,0.164282123140863,-0.03778232426679049,0.9767881769181963,-0.2740326698105984,0.3289002654311963,-0.03156761882975971,0.310950368642807,0.270615816116333,-0.9110855460166931,0.003209552261978388,-0.013442822732031345,-0.0023337018210440874,0.10064331442117691,-0.010251377709209919,-0.023206377401947975
1724162840.369769,-0.1307387646735747,0.16367125510274633,-0.03873084620473533,0.977046048719003,-0.2714761742086214,0.32728690161743695,-0.03414416860260105,0.30970147252082825,0.2681538462638855,-0.9122381806373596,-0.004840400069952011,0.0030737589113414288,-0.0022955392487347126,0.03526321053504944,-0.045199379324913025,-0.03849536553025246
1724162840.398766,-0.13066912145194845,0.16268201931553591,-0.039554854971183336,0.9771875264958685,-0.2715720458609483,0.3249980749779548,-0.03612139018845899,0.30760449171066284,0.26824620366096497,-0.9129202961921692,-0.006103603169322014,0.010777278803288937,-0.004272896330803633,-0.04551924392580986,-0.057570356875658035,-0.029296934604644775
1724162840.4335608,-0.1317308130644392,0.16154954960133994,-0.039675631304182224,0.977227966642786,-0.2736851210262923,0.32265968958032887,-0.03634248362189839,0.3052884638309479,0.27028122544288635,-0.9130975008010864,-0.006952200084924698,0.00013785847113467753,-0.0017737862654030323,-0.05910797417163849,-0.06472235172986984,-0.00024948292411863804
1724162840.488332,-0.1331196694201935,0.16031685647313856,-0.039150264220774354,0.9772639511739055,-0.2762388230627748,0.32030628385265913,-0.03517828723186949,0.3029204308986664,0.2727389931678772,-0.9131553173065186,-0.01192481629550457,0.0032465471886098385,0.0029033843893557787,-0.09569479525089264,-0.0889246016740799,0.007931431755423546
1724162840.525667,-0.13625860063853715,0.15764181412855582,-0.0381328305372855,0.9773067753909531,-0.28208158229922975,0.3151807269926488,-0.032880011821185585,0.2977369725704193,0.27835556864738464,-0.9131653308868408,-0.013870648108422756,0.03301049768924713,0.0053160605020821095,-0.26874908804893494,-0.18552419543266296,0.0141608826816082
1724162840.552164,-0.14428789265424594,0.1526626653380843,-0.03520820715957902,0.977054432153602,-0.2970536867846907,0.30611632542132905,-0.025882248273590994,0.28815922141075134,0.29270419478416443,-0.9117502570152283,-0.012945489026606083,0.017421994358301163,-5.920196417719126e-05,-0.5177462697029114,-0.33693715929985046,0.07721640169620514
1724162840.6140819,-0.15367064280580567,0.1469879715843281,-0.03227288153202552,0.9765952521380036,-0.3148096600712238,0.2957971965807129,-0.018783786888654674,0.27717670798301697,0.3096354901790619,-0.9095597267150879,0.010400132276117802,-0.029655933380126953,-0.015109511092305183,-0.3677038252353668,-0.21644963324069977,-0.07783033698797226
1724162840.643234,-0.16062781698656917,0.144058062226088,-0.032461865845696665,0.9759057726027716,-0.32875823295379747,0.2901189400026685,-0.018047457413134727,0.2707456350326538,0.3228680193424225,-0.906891942024231,0.02121594548225403,-0.02743535116314888,-0.019155491143465042,-0.2794034779071808,-0.027473578229546547,-0.11567247658967972
1724162840.674842,-0.16406433087685285,0.14430714369140513,-0.03537284843908537,0.9751958461480211,-0.33651419880513755,0.2899281895687693,-0.022927465319208234,0.26984861493110657,0.33019882440567017,-0.9045166969299316,-0.002159835770726204,-0.01673983410000801,-0.007889894768595695,-0.11920320242643356,0.0677369013428688,-0.23292435705661774
1724162840.7298121,-0.16674042161770541,0.14511345652414895,-0.039936913840059846,0.9744458201035875,-0.34325053396126803,0.29024472053015987,-0.03126901479394973,0.2694922089576721,0.3365497887134552,-0.9022794365882874,-0.0063645257614552975,0.002859181957319379,-0.00601621950045228,-0.13409113883972168,0.1004244014620781,-0.2774111032485962
1724162840.758751,-0.17049520211693217,0.14449057861562184,-0.04391457712317626,0.9737172626819062,-0.3519391309497305,0.2877622111612487,-0.03862751336592295,0.2664114832878113,0.34471872448921204,-0.900107741355896,-0.039064671844244,0.029033372178673744,0.010739469900727272,-0.22840796411037445,-0.12160854786634445,-0.1465122252702713
1724162840.811302,-0.17630313913845277,0.14125790168381047,-0.04087122667556855,0.9732897970475278,-0.3626304702828867,0.2824212872140827,-0.03182539850605152,0.2605583071708679,0.354734867811203,-0.8979268074035645,0.017845526337623596,0.019563768059015274,-0.029712771996855736,-0.31834283471107483,-0.14160411059856415,0.2323833853006363
1724162840.8687901,-0.18128713547161132,0.14054849612562292,-0.03348996574944777,0.9727586889506427,-0.37053180922956475,0.284128450313176,-0.01523018896849811,0.26129692792892456,0.3621112108230591,-0.8947622179985046,0.005527096800506115,-0.0069273351691663265,-0.009297788143157959,-0.26688092947006226,-0.06140759959816933,0.3691827356815338
1724162840.8803282,-0.18556606379292295,0.1401314808917913,-0.02578699498477462,0.9722465253047068,-0.37692068138669993,0.2866741120608316,0.002005440450671704,0.2629142999649048,0.36805906891822815,-0.8918567895889282,-0.0025748752523213625,-0.018081214278936386,0.010299681685864925,-0.25335967540740967,-0.11972515285015106,0.3224080204963684
1724162840.915199,-0.1894775008360689,0.13925122681405858,-0.019235960035084633,0.9717701355789455,-0.3829025680236085,0.2878699160538808,0.016585872282418607,0.26335078477859497,0.37361443042755127,-0.8894147276878357,0.014553835615515709,-0.02887611649930477,-0.0012206453830003738,-0.23602443933486938,-0.0919121578335762,0.23834563791751862
1724162840.952214,-0.19222527137773152,0.13884569878816921,-0.014500091083512997,0.9713706849430077,-0.3870632335009228,0.289288726978941,0.02722667870283222,0.2641667127609253,0.37747055292129517,-0.8875426650047302,0.022985676303505898,-0.04842112585902214,-0.009442740119993687,-0.10989169031381607,-0.02467537857592106,0.14383921027183533
1724162841.006547,-0.19262591491614428,0.1390416616035226,-0.012515544270250945,0.9712908715267278,-0.38728074573671856,0.29056775043414346,0.03159866999266557,0.265278160572052,0.3776719570159912,-0.8871253728866577,0.01341164018958807,-0.02994895726442337,-0.002741425298154354,-0.00787420105189085,-0.007605589460581541,0.03134644031524658
1724162841.035552,-0.192072182477491,0.1392278313084288,-0.013038661406097064,0.9713669203775884,-0.3863131283102367,0.2906704753548863,0.030397429029631065,0.265473872423172,0.3767758309841156,-0.8874477744102478,0.008729548193514347,-0.008734571747481823,-0.001021666917949915,-0.008395345881581306,0.007246207445859909,-0.059007614850997925
1724162841.088395,-0.19239290549834398,0.1395296915416624,-0.01469971777513457,0.9712364693934066,-0.3874407582020571,0.29069803282084783,0.027150771800006197,0.26537638902664185,0.37782010436058044,-0.8870328664779663,0.002530472818762064,0.002799814101308584,-0.003248580265790224,-0.054845940321683884,0.01843874529004097,-0.10726772248744965
1724162841.1484308,-0.1938021934932331,0.13966557116294848,-0.01656903821006474,0.9709065878162272,-0.3908299378789287,0.290443301334208,0.02375431361097958,0.26478222012519836,0.38095590472221375,-0.885868489742279,0.0020530715119093657,0.0044151837937533855,-0.003402497386559844,-0.07801956683397293,0.03636147826910019,-0.10752338171005249
1724162841.161353,-0.19559828329406195,0.14008397141051673,-0.01833939898912039,0.9704542562328871,-0.3949656511996074,0.29088105369683304,0.020808727573373653,0.26471585035324097,0.3847765028476715,-0.8842356204986572,7.352902321144938e-05,0.003614516695961356,0.0005303769721649587,-0.09328307956457138,0.025413500145077705,-0.088336281478405
1724162841.204802,-0.19740292902606085,0.14101572618209754,-0.019896180613930267,0.969923061556368,-0.3990494535740592,0.29250221037470686,0.018535613454490035,0.26569366455078125,0.38854265213012695,-0.8822932839393616,-0.002460535615682602,0.004462332930415869,-0.0012999619357287884,-0.06740526854991913,0.06188997998833656,-0.07079499959945679
1724162841.26236,-0.19877050504762725,0.14191536048064307,-0.021167153857578815,0.969485502648573,-0.40217218243337155,0.2941055813984136,0.016708517311617894,0.26675495505332947,0.39141812920570374,-0.8807006478309631,-0.002882800530642271,0.008246049284934998,-0.0036520538851618767,-0.06164676696062088,0.057033468037843704,-0.052881065756082535
1724162841.274735,-0.20008592204416925,0.14286947684592588,-0.02205602468530687,0.969054917761623,-0.40507833699294304,0.29597791541871615,0.01569620600001061,0.2680705189704895,0.39409077167510986,-0.8791078925132751,-0.004197548143565655,0.010133592411875725,0.0016476833261549473,-0.07916506379842758,0.05412741005420685,-0.04143626242876053
1724162841.321237,-0.2018006603716646,0.1434580569482938,-0.022528325743503268,0.9686014154017927,-0.4086736452975282,0.2972990119935171,0.015538079499955537,0.26881489157676697,0.39739254117012024,-0.877392590045929,-0.004594278521835804,0.005898055620491505,0.0017981507116928697,-0.06826494634151459,0.049019619822502136,-0.02971510961651802
1724162841.370037,-0.2031071023118085,0.1438502577450357,-0.022758501367360434,0.9682647541961626,-0.4113755865966645,0.29824175766582955,0.015669365917273373,0.2693254351615906,0.39987054467201233,-0.87610924243927,-0.0013734757667407393,0.0033668263349682093,0.002418993040919304,-0.048360034823417664,0.026334669440984726,-0.007340451702475548
1724162841.4362411,-0.20398503463723394,0.14437273863242664,-0.022808071734067417,0.9680011858907133,-0.41315541810588097,0.29948146639264883,0.016098461202524717,0.2702009379863739,0.40150123834609985,-0.8750932216644287,-0.0020050774328410625,0.0072185867466032505,0.0014303147327154875,-0.03505096584558487,0.008778405375778675,0.002573928562924266
1724162841.483202,-0.20477662839787056,0.14458081895190938,-0.022700284843535878,0.9678054736649182,-0.4147180914255714,0.30009870846999825,0.01669016068791445,0.2705552279949188,0.40293192863464355,-0.8743258714675903,0.0005545222666114569,-0.001648483332246542,0.005763213150203228,-0.023357471451163292,0.007801361382007599,-0.006773512810468674
1724162841.543833,-0.205097698391856,0.14485394574623145,-0.022872848626697754,0.9676926345496568,-0.4154148251419394,0.3006635558773836,0.01655976477617732,0.2709658443927765,0.4035695195198059,-0.8739045262336731,0.0024753364268690348,0.000631467264611274,-0.0010504053207114339,-0.003143206937238574,0.024352600798010826,-0.007293758913874626
1724162841.556427,-0.2050327124074011,0.1454852292761486,-0.023326729221931,0.9676008356177199,-0.4154121232061718,0.301821323208971,0.01586659927430595,0.2719777822494507,0.40356704592704773,-0.8735913038253784,-0.0005728732794523239,0.0023724765051156282,0.0018920658621937037,0.005120148416608572,0.025974828749895096,-0.015898630023002625
1724162841.563559,-0.2050741981009938,0.14610488659203474,-0.02387637886002071,0.9674853228690855,-0.4156552401825108,0.3029287905751445,0.015002545210707196,0.2729158103466034,0.4037894606590271,-0.8731958866119385,0.0017482630209997296,0.00524033373221755,6.899004802107811e-06,-0.005706397816538811,0.03686729818582535,-0.016705576330423355
1724162841.598629,-0.20531818360412268,0.14657251193886112,-0.024452780726696793,0.967348352991775,-0.4163190073826675,0.30372661887996627,0.014082598722987743,0.2735321521759033,0.4043966233730316,-0.8727219104766846,0.0011018607765436172,0.003998293541371822,0.0013685878366231918,-0.016672901809215546,0.028895150870084763,-0.029183100908994675
1724162841.643907,-0.2057874409793302,0.14676710523387537,-0.024988466233741288,0.9672054613131744,-0.4174299702647976,0.3039853097095997,0.013201614049209649,0.2736232578754425,0.4054124355316162,-0.8722218871116638,-0.0010502745863050222,0.003987846430391073,0.0017381486250087619,-0.02110276371240616,-0.004580883774906397,-0.01979888044297695
1724162841.671278,-0.20656080044780248,0.14651308923629988,-0.025236947304581304,0.9670726487807245,-0.4190728276222342,0.30344397328297695,0.012825997430739906,0.2729516625404358,0.406913697719574,-0.8717331290245056,0.0017482630209997296,0.00524033373221755,6.899004802107811e-06,-0.0465393140912056,-0.015029937960207462,-0.013390242122113705
1724162841.7362142,-0.20756711971258024,0.1461981015429304,-0.025343658321778473,0.9669020736923266,-0.4211437662475464,0.3028678428134283,0.012801012668856098,0.2721974849700928,0.4088045656681061,-0.8710840344429016,0.00195759953930974,0.005172290839254856,-0.0013565145200118423,-0.052260950207710266,-0.002940758829936385,-0.005079407244920731
1724162841.783639,-0.20854416996995326,0.14598861666965737,-0.025147468788951927,0.9667286152104454,-0.4230612390902075,0.3026505206944101,0.013455225648803863,0.271774023771286,0.4105537235736847,-0.8703933358192444,1.839266042225063e-05,0.0014461700338870287,0.0027285520918667316,-0.03917960822582245,-0.02187514863908291,0.0034698350355029106
1724162841.7890248,-0.2091415064060758,0.1455863377798479,-0.024901099570220565,0.9666665418760416,-0.42419878689547813,0.3019798889297222,0.013994980956883283,0.27105116844177246,0.41159072518348694,-0.8701289296150208,0.0003415938117541373,0.0020671901293098927,0.002047707559540868,-0.02725120261311531,-0.028769323602318764,0.005645370110869408
1724162841.848402,-0.2096350038998066,0.14517067200829722,-0.024615659998851486,0.9666295873940652,-0.42511520854531015,0.301282116833141,0.014575034232694165,0.2703319191932678,0.4124257564544678,-0.8699572682380676,0.0008006024872884154,-0.000994349829852581,-0.0005269274115562439,-0.018951062113046646,-0.024254757910966873,0.00249760365113616
1724162841.877681,-0.2099145294787279,0.14476282475127153,-0.024448789928829977,0.9666342609094379,-0.42563554428976563,0.3005152051687201,0.01483356241861945,0.26960110664367676,0.4128997027873993,-0.8699592351913452,0.0009696034248918295,0.0018630602862685919,-0.002042533364146948,-0.014764247462153435,-0.021275296807289124,-0.004003006499260664
1724162841.908637,-0.2103673688550691,0.14435760844461665,-0.024572886221118508,0.9665932842625404,-0.4265956312444813,0.2996504106972403,0.014535422440142524,0.2687315046787262,0.41377395391464233,-0.8698129057884216,9.192171273753047e-05,0.005060686729848385,0.0032589291222393513,-0.031210370361804962,-0.03471098840236664,-0.007256543263792992
1724162841.949592,-0.2108526349488136,0.14400346013728815,-0.024895092454589516,0.9665321455931281,-0.4276808531756884,0.29881169293297577,0.013851181486409798,0.2678695619106293,0.41476166248321533,-0.8696083426475525,0.00032320115133188665,0.000621020095422864,-0.000680844415910542,-0.014845001511275768,-0.019764715805649757,-0.025075051933526993
1724162842.008943,-0.21113569721076111,0.14363406985635613,-0.025042382295870014,0.966521494133881,-0.4283036261643633,0.297986696246068,0.013460821653412116,0.26707613468170166,0.4153282642364502,-0.869581937789917,0.001028331695124507,0.00038377687451429665,0.000838210922665894,-0.010416090488433838,-0.029997648671269417,-0.009894847869873047
1724162842.062039,-0.21122688971395187,0.14360617711915447,-0.02511774737224735,0.9665037787516939,-0.42851145154562936,0.2979061158120255,0.01331874568207345,0.26698073744773865,0.41551730036735535,-0.8695209622383118,-0.0015057330019772053,0.0012315930798649788,-0.0009921279270201921,0.0014541468117386103,-0.009217732585966587,-0.0021146086510270834
1724162842.068017,-0.2112451969003496,0.1434297134117077,-0.025046741242712663,0.9665277380878621,-0.42852934658719605,0.29755770584114055,0.013392256953712453,0.26667559146881104,0.41553357243537903,-0.8696067929267883,-0.0007858017343096435,0.0060881501995027065,-0.0018234397284686565,-0.0012928046053275466,-0.002484080381691456,0.002723377663642168
1724162842.109139,-0.2115785522846685,0.143222141257245,-0.025049897055290572,0.9664856514371961,-0.4292078886746296,0.2971567102940131,0.013400590599191426,0.26624423265457153,0.41615068912506104,-0.8694438934326172,-0.004003012552857399,0.004971748683601618,0.0026346370577812195,-0.03909902274608612,-0.032066382467746735,-0.016993440687656403
1724162842.1869779,-0.21282498474064682,0.14241322734178094,-0.025201208664467414,0.9663274847408947,-0.43178785613491094,0.29552167000152846,0.013117195920074464,0.2645087242126465,0.418495237827301,-0.8688480257987976,0.0003415938117541373,0.0020671901293098927,0.002047707559540868,-0.07189527899026871,-0.03567022457718849,-0.027444878593087196
1724162842.199411,-0.21446370910770432,0.14160493272628177,-0.025429998565311352,0.9660779573894787,-0.4351863072657991,0.2939107146710031,0.012796582935865455,0.26269519329071045,0.42157936096191406,-0.8679067492485046,-0.0018289341824129224,0.0006105729262344539,-0.00031128351110965014,-0.08282499760389328,-0.04075003042817116,-0.034465301781892776
1724162842.231075,-0.21656705601207907,0.1404830393236474,-0.025540113804687056,0.9657695527125123,-0.4394962509582077,0.29174071757193304,0.012725978037606224,0.2602861821651459,0.4254836440086365,-0.8667264580726624,0.0011789400596171618,0.0017950170440599322,-0.003405946772545576,-0.11249233782291412,-0.0497756227850914,-0.03717099502682686
1724162842.3063269,-0.21861449038568584,0.13965424618568495,-0.025459370508351797,0.9654305441026914,-0.44363479527357585,0.29028892315130406,0.013178425185583023,0.2585213780403137,0.42922523617744446,-0.8654087781906128,0.0009364100405946374,-0.004676909651607275,-0.0024207178503274918,-0.08864971995353699,-0.040292803198099136,-0.011600279249250889
1724162842.318707,-0.21998028131302153,0.13922794310653974,-0.02535066264252985,0.9651847105659954,-0.4463790873653964,0.2896234902086142,0.013657231111887633,0.2576080560684204,0.43170225620269775,-0.8644485473632812,0.0006867378833703697,-0.0016834131674841046,-0.001209496520459652,-0.058232810348272324,-0.014052892103791237,-0.004042799584567547
1724162842.3610458,-0.22090014462002727,0.13905882253539228,-0.02533856446840286,0.9649992731405358,-0.4482444224023984,0.28940477689775584,0.013907134791157393,0.25718873739242554,0.4333840608596802,-0.8637315630912781,0.0014286120422184467,-0.00119847955647856,-0.004617168102413416,-0.04152225703001022,-0.0006870623328723013,-0.014734682627022266
1724162842.400579,-0.22145178008732108,0.13918297651114703,-0.02542495928456762,0.9648526731743028,-0.44938772016907425,0.2897223783133693,0.013969335152347447,0.2573213279247284,0.4344141185283661,-0.8631744384765625,-0.0006464023026637733,-0.001242040190845728,0.001361688831821084,-0.023240098729729652,0.0005024689598940313,-0.021779686212539673
1724162842.429103,-0.22206745321013677,0.139285056187158,-0.025860129173409966,0.9646848503852588,-0.4507648067353616,0.28983460092582675,0.013296044922177813,0.2572469711303711,0.43565407395362854,-0.8625714182853699,-0.002783736912533641,0.003841312602162361,-0.0006191175198182464,-0.035051047801971436,0.004438078962266445,-0.01819373294711113
1724162842.487194,-0.22279583021665886,0.13933914947625148,-0.02619509209341113,0.9645000214795267,-0.4523419814904339,0.28990725480118223,0.012850805013648879,0.25711292028427124,0.4370731711387634,-0.8618932366371155,-0.0017370125278830528,0.005671259481459856,0.0029476454947143793,-0.030519049614667892,0.005837099626660347,-0.017567716538906097
1724162842.5189571,-0.22342763249056066,0.13941134952073023,-0.026550938181201654,0.9643336764428576,-0.453729350881745,0.2899936037522779,0.012337359428300465,0.2570136785507202,0.4383205771446228,-0.8612891435623169,-0.0013586750719696283,0.008460626006126404,6.862601730972528e-05,-0.027859870344400406,0.016589941456913948,-0.012100263498723507
1724162842.549032,-0.22413237581611428,0.1395229046477439,-0.026695741793132596,0.964150067539736,-0.45520208001684004,0.2902799532349393,0.012320663733009921,0.2570752799510956,0.43964383006095886,-0.8605960607528687,-0.0027102078311145306,0.007455829065293074,-8.874066406860948e-05,-0.03306787461042404,0.0037612791638821363,-0.006663857027888298
1724162842.58887,-0.22482348434485408,0.1396976609503269,-0.02676744971448214,0.9639617893694458,-0.4566247656334994,0.2907387368668136,0.01248885981040205,0.2572905123233795,0.44092121720314026,-0.8598779439926147,-0.003375002881512046,0.004767619073390961,-0.0014556036330759525,-0.02816108614206314,0.013767460361123085,-0.0036119483411312103
1724162842.649487,-0.22582650297680837,0.13975248597157477,-0.026500771593224885,0.9637267376912934,-0.45858213025303146,0.2911515928599235,0.013428395780164042,0.25739726424217224,0.44267717003822327,-0.8589432835578918,-0.0037201468367129564,0.008518222719430923,0.0018016003305092454,-0.07254143059253693,-0.023891285061836243,0.03621979430317879
1724162842.6914191,-0.2270959238236021,0.13999087970470347,-0.025820194108489014,0.9634122612970945,-0.4609544906978034,0.29221881911487907,0.015444222269146794,0.25801053643226624,0.4448031783103943,-0.8576599955558777,0.00032320115133188665,0.000621020095422864,-0.000680844415910542,-0.0570787638425827,0.02629651315510273,0.019301803782582283
1724162842.7303739,-0.22862009745922968,0.1402062335126206,-0.025081499506753337,0.9630398969350284,-0.4638266364403756,0.29331503464967923,0.017666270767010446,0.25858011841773987,0.44737371802330017,-0.8561501502990723,0.0034852754324674606,-0.0004309257783461362,-0.002940746257081628,-0.08039235323667526,0.025354627519845963,0.007375570945441723
1724162842.762361,-0.2298868878564621,0.14080473144097921,-0.02510897078166389,0.9626502172408277,-0.4663983621378866,0.2948361722803874,0.01835764530609973,0.2595469653606415,0.44967225193977356,-0.8546521067619324,0.0012376682134345174,0.000315733632305637,-0.0005252026603557169,-0.05855446308851242,0.05740002542734146,-0.009057102724909782
1724162842.7911859,-0.23092048370506915,0.14122430024745525,-0.025648698274056914,0.9623271097518431,-0.46865478200849275,0.29566897942271225,0.017775769393805485,0.2599623203277588,0.4516865313053131,-0.8534628748893738,0.0015644612722098827,-0.0027108765207231045,0.003872872097417712,-0.01852433755993843,0.007682536728680134,-0.035403475165367126
1724162842.848936,-0.23136200588747488,0.14176433997592122,-0.026447718733555302,0.9621200007779799,-0.46978514088007595,0.29653339800194256,0.016493485022848083,0.2605506181716919,0.45269471406936646,-0.8527489900588989,0.0018217922188341618,0.008854850195348263,0.0005372759769670665,-0.016173474490642548,0.027248483151197433,-0.01083788275718689
1724162842.8823519,-0.2314876133644448,0.14209490520096035,-0.027075169637380356,0.9620235762577796,-0.4702257783624348,0.2969672479004143,0.015360155427211069,0.26086217164993286,0.45308756828308105,-0.8524450659751892,-0.005358095746487379,0.00978474598377943,0.007782182190567255,-0.032223425805568695,-0.008146480657160282,-0.02272733487188816
1724162842.912807,-0.23171007596387538,0.14207030655094766,-0.027385893228323712,0.9619648640034766,-0.4707730175344509,0.2967942190624483,0.014755298079800552,0.2606421113014221,0.45357534289360046,-0.8522529602050781,-0.00044420798076316714,0.0081553403288126,0.00022426777286455035,0.0060821352526545525,0.015448828227818012,-0.0054329573176801205
1724162842.976883,-0.23152304029926832,0.14183226438689495,-0.027601718232236137,0.9620388671086745,-0.4704617908959147,0.29612798200757506,0.01409918825754751,0.2601154148578644,0.4532979726791382,-0.8525614142417908,-0.0008041526889428496,0.006812142673879862,0.0058318390510976315,0.016122406348586082,-0.011209976859390736,0.005832763388752937
1724162842.989874,-0.23168017842956312,0.14152323995822147,-0.027677920632625284,0.9620443433473436,-0.4708089241601312,0.2954346283644957,0.013826138877720922,0.2594784200191498,0.45360735058784485,-0.8525909185409546,0.0018840704578906298,0.0015577737940475345,-0.0018868916667997837,0.001557235955260694,0.002414221176877618,-0.01666879653930664
1724162843.0348392,-0.23146578869902448,0.1415200230055037,-0.028105010654693556,0.9620840363821634,-0.47050214414728275,0.2951751117411877,0.012829702896194351,0.25929760932922363,0.45333394408226013,-0.8527913689613342,0.0017114777583628893,0.0023479938972741365,-0.005450204946100712,0.021992046386003494,0.02763884700834751,-0.02598174475133419
1724162843.0649881,-0.23092266900855732,0.14143511967985842,-0.028544333869949114,0.9622140805840342,-0.4695313810217189,0.2946748610195345,0.011650699739251999,0.25899866223335266,0.4524684250354767,-0.8533416390419006,0.004014221485704184,0.00376968109048903,-0.01006392389535904,0.037182148545980453,0.041482798755168915,-0.014547725208103657
1724162843.122808,-0.22975629993465418,0.14183443237370355,-0.02928835065908305,0.9624121308028436,-0.46737985305182606,0.294987655577087,0.009857076671143283,0.25954797863960266,0.4505487084388733,-0.8541900515556335,-0.00032320115133188665,-0.000621020095422864,0.000680844415910542,0.08389700949192047,0.02153974398970604,-0.021768363192677498
1724162843.154366,-0.22806394341821876,0.1420874880881664,-0.02951444309500154,0.9627703682493169,-0.4640055060925363,0.2951563954957879,0.008922288836457624,0.26013287901878357,0.4475336968898773,-0.8555959463119507,-0.0032427869737148285,0.00473268935456872,-0.008428312838077545,0.03220905736088753,0.02273700013756752,0.002411657478660345
1724162843.183786,-0.22709339474559964,0.14208456892751803,-0.029978938427088854,0.9629858565685614,-0.4621734069353504,0.2947639108149311,0.0075907967356515105,0.26003482937812805,0.4458945393562317,-0.85648113489151,0.0015868789050728083,0.014771983958780766,-0.01098570041358471,0.0187744852155447,0.011178451590240002,0.021910039708018303
1724162843.250107,-0.22648928386891748,0.1428033723974236,-0.030457362718172815,0.9630067954000048,-0.4610852285715392,0.2960116877448555,0.006728247741118933,0.26124468445777893,0.44492027163505554,-0.8566195964813232,-0.0063093481585383415,0.007197692058980465,0.002169436775147915,0.02231481298804283,0.008575545623898506,-0.003996544051915407
1724162843.265661,-0.22590074651316092,0.14336967080791485,-0.03080832692114197,0.9630496545293924,-0.45999232656574,0.29699025665512957,0.006065210403459517,0.2622249722480774,0.44394123554229736,-0.856827974319458,0.0021521353628486395,1.0447169188410044e-05,-0.0003695609048008919,0.040076158940792084,0.041978176683187485,-0.0183249581605196
1724162843.3005152,-0.22556247841122642,0.1440889671043495,-0.031034711934596785,0.9630144117500583,-0.4593698307170828,0.2984060070066638,0.00583311600824334,0.26351895928382874,0.4433833658695221,-0.8567199110984802,-0.0010686672758311033,0.0025416763965040445,-0.0009904031176120043,0.017526516690850258,0.04366009309887886,-0.005083729512989521
1724162843.3547459,-0.22557603260506917,0.14466385051928418,-0.030822780505740506,0.9629318026591291,-0.45932877665710947,0.2997751706650363,0.00658778899656402,0.2646970748901367,0.4433465600013733,-0.8563756346702576,-0.010745834559202194,0.0072117275558412075,0.009881267324090004,-0.01704847440123558,-0.014740324579179287,0.03449075296521187
1724162843.3959951,-0.22568803316369881,0.1442199662107705,-0.029699453976584345,0.9630074668181116,-0.4592155150297534,0.2993691741182511,0.008808508478396308,0.26436418294906616,0.4432450234889984,-0.856531023979187,-0.00023127946769818664,0.0044396668672561646,0.0039397734217345715,-0.0027110325172543526,-0.0297426488250494,0.05562717840075493
1724162843.428421,-0.2260806175256295,0.14356195330917063,-0.027938899449898778,0.9630663650134158,-0.459481231007947,0.2988520028330065,0.012383822101119444,0.2638864815235138,0.4434832036495209,-0.8565550446510315,-0.0016746923793107271,0.0005443459376692772,0.010907309129834175,-0.01706465519964695,-0.08322741836309433,0.08407159149646759
1724162843.472466,-0.2263278433185719,0.1434153142129888,-0.02621605579399582,0.9630785667500426,-0.45945819675302113,0.2994172025835027,0.016090875309649363,0.2643735706806183,0.4434625506401062,-0.8564155101776123,0.0036139409057796,0.005351937375962734,-0.004608544521033764,-0.0163947194814682,-0.012112891301512718,0.08482223004102707
1724162843.5121999,-0.22667966081213461,0.14369054339930135,-0.024777862189637536,0.9629928751204702,-0.4597259036335481,0.3007886298267718,0.0194412387655368,0.2655126452445984,0.44370248913764954,-0.855938732624054,0.009166614152491093,-0.007424488198012114,-0.0010199418757110834,-0.004729961045086384,0.016091104596853256,0.034843433648347855
1724162843.551377,-0.22676161695014094,0.14424861425193172,-0.024351550117113263,0.9629010548420022,-0.45974919107006035,0.3022384758888871,0.020671612255840507,0.2667502760887146,0.4437233507633209,-0.8555430173873901,0.005398472771048546,-0.010540035553276539,0.0027538409922271967,0.0036363997496664524,0.02500496245920658,-0.009083285927772522
1724162843.580724,-0.22641484709771897,0.14474107236813027,-0.02498883902017362,0.9628924038461749,-0.4592323209544404,0.30294663535820754,0.019434583999182183,0.26742446422576904,0.4432601034641266,-0.8555727005004883,0.003088545287027955,-0.004666462540626526,-0.0027902787551283836,0.022587379440665245,0.044919393956661224,-0.032348550856113434
1724162843.6185231,-0.22636964699538145,0.14486553954871959,-0.025542279971018288,0.9628697609536397,-0.4593096017312841,0.3029408546396973,0.018295641886922915,0.2674092948436737,0.4433293640613556,-0.8555415272712708,-0.005115565378218889,0.016256671398878098,0.006796952802687883,-0.058894529938697815,-0.044413380324840546,0.001567638828419149
1724162843.672423,-0.22754433170761706,0.14445473827278726,-0.024757426670617075,0.9626751006081606,-0.46145922943302103,0.3026305066128788,0.02018555941930366,0.26685914397239685,0.44525519013404846,-0.8547128438949585,0.0015976547729223967,0.0038290938828140497,0.0042510568164289,-0.06825966387987137,-0.04569357633590698,0.02957158535718918
1724162843.7047582,-0.22878817305278615,0.14408961264900355,-0.024016052694651815,0.9624537564050509,-0.4637632227722005,0.30241652976910033,0.022032035923641082,0.2663699984550476,0.4473170042037964,-0.8537883162498474,0.006805141922086477,-0.007366891484707594,0.0007130323792807758,-0.04413028433918953,-0.023138083517551422,0.005570645444095135
1724162843.7596679,-0.22936946130865407,0.1439482343813008,-0.023949783658630895,0.9623382768714903,-0.4649264755206217,0.30224336855434497,0.022308691310132474,0.2660670876502991,0.44835707545280457,-0.8533371090888977,0.0016047968529164791,-0.005636329762637615,0.004025064408779144,-0.004745445214211941,-0.021707994863390923,-0.0024431394413113594
1724162843.79145,-0.22933655847652065,0.1437632133445163,-0.024480731824647033,0.9623603596993406,-0.4650278376453368,0.30156585682780723,0.02105946490537947,0.2654753625392914,0.44844770431518555,-0.8534737825393677,0.0018105414928868413,-0.0020567430183291435,-0.0024172686971724033,0.005171135067939758,0.005595995578914881,-0.031661175191402435
1724162843.847512,-0.22916664851760124,0.14360919143405504,-0.02544134214812239,0.9623989375751357,-0.4649819851056137,0.300718347668005,0.018854187256239288,0.26475805044174194,0.4484066963195801,-0.853718101978302,0.0012192756403237581,-0.0011304364306852221,-0.0032537546940147877,0.002695715520530939,0.0006242027156986296,-0.05137842893600464
1724162843.8808808,-0.22927203807083102,0.14362685841655942,-0.02641572379518723,0.9623449191501561,-0.46549543482481726,0.3002902126291126,0.016806053083485026,0.2643243670463562,0.4488655924797058,-0.8536113500595093,-0.0009364100405946374,0.004676909651607275,0.0024207178503274918,-0.01338272076100111,0.007431257516145706,-0.041596248745918274
1724162843.920135,-0.22965975111448392,0.1433881106317574,-0.027120256522879815,0.9622684594963669,-0.4665034548574952,0.29947974832099195,0.015302703784471449,0.26349884271621704,0.4497661292552948,-0.853392481803894,0.0004922020598314703,0.003478429978713393,-0.002196450252085924,-0.018179235979914665,0.001761771272867918,-0.04904450848698616
1724162843.952435,-0.23074736994846945,0.1431526586376706,-0.027400060919555234,0.9620353965835183,-0.468803341112409,0.2990080390082032,0.014958969050498329,0.26279085874557495,0.4518190622329712,-0.8525259494781494,0.002108207903802395,0.006583530921489,-0.005600672215223312,-0.05835745111107826,-0.0037990668788552284,-0.01996212638914585
1724162843.981223,-0.2316609464277826,0.14302236250680458,-0.02727830491987907,0.9618386517601886,-0.470625328644891,0.2989402988511726,0.01547348781002373,0.26249024271965027,0.4534437358379364,-0.8517556190490723,-0.0038452204316854477,-0.0009122712654061615,0.008548317477107048,-0.026685470715165138,-0.021676378324627876,0.003979296423494816
1724162844.021513,-0.23167787489977815,0.1425386707014514,-0.027321787384865515,0.9619051574379374,-0.4706807415454431,0.29785424573986097,0.015129921839783431,0.2615576386451721,0.4534931182861328,-0.8520162105560303,-0.0008741315104998648,-0.002620166866108775,-3.4495024010539055e-06,0.019037799909710884,-0.04128102585673332,-0.009006276726722717
1724162844.069013,-0.2312161575111407,0.1423121576133751,-0.027361743626356797,0.96204863505571,-0.46975764384213115,0.29725492497190253,0.014762685934848613,0.2611694633960724,0.45267021656036377,-0.8525726795196533,0.001994343241676688,0.005894467234611511,-0.00628324132412672,0.025208907201886177,0.01341125089675188,0.012993884272873402
1724162844.099258,-0.2308313495614182,0.14246723697200323,-0.026923237163487924,0.9621305102919628,-0.4688392882055616,0.29775153538305305,0.015654240178170745,0.2617146968841553,0.45185112953186035,-0.8528399467468262,-0.0001909855054691434,-0.000655949697829783,-0.00629186537116766,0.01129030529409647,0.03695814311504364,0.030665958300232887
1724162844.1485748,-0.23039131460644344,0.1427408427517347,-0.026921332727133058,0.9621954272507887,-0.46793976600273673,0.29827952995057205,0.01564808191330888,0.2622842788696289,0.45104849338531494,-0.8530898094177246,0.0006683452520519495,-0.003129582852125168,-0.003938048612326384,0.018201487138867378,0.007040437310934067,-0.007349387742578983
1724162844.181051,-0.2304137576411139,0.14271247644573196,-0.02799012731847752,0.9621637713035845,-0.4683119408142362,0.2976839763600356,0.013340351639509536,0.26172691583633423,0.4513806402683258,-0.8530852794647217,0.006541102193295956,0.010217125527560711,-0.018391422927379608,-0.024083761498332024,0.047438547015190125,-0.07181596010923386
1724162844.238624,-0.23165006453316636,0.14330867761655577,-0.029791870180074613,0.9617241082940241,-0.4713682737438031,0.29829825787785313,0.010204826063357503,0.2618442475795746,0.45410576462745667,-0.8516017198562622,0.0031513404101133347,0.012061107903718948,-0.007112828548997641,-0.06289473176002502,0.08951510488986969,-0.07987483590841293
1724162844.26748,-0.23329180801678806,0.14419595868827786,-0.030956186031473376,0.9611577658011177,-0.475055699681131,0.2999411897630256,0.008739795040608315,0.2627464830875397,0.4573879837989807,-0.8495649099349976,0.0010834680870175362,0.0025521237403154373,-0.0013599640224128962,-0.08960253745317459,0.05469619482755661,-0.04026930406689644
1724162844.29854,-0.2349147384861255,0.1449205605920763,-0.03142825691261761,0.960637922908051,-0.478496676696216,0.30157658350287475,0.008680635720450117,0.26366645097732544,0.46044522523880005,-0.8476262092590332,-0.0014434130862355232,-0.0038953204639256,0.006967535242438316,-0.06443855166435242,0.02880139835178852,-0.018325934186577797
1724162844.353286,-0.23594978957344198,0.14501410550862545,-0.03183223823536197,0.9603568370853905,-0.48072737849708325,0.3017516751991245,0.008223639523154875,0.26350894570350647,0.46242424845695496,-0.8465971946716309,-0.0006831460050307214,-0.0019642168190330267,0.006288415752351284,-0.03116545081138611,0.004595059435814619,-0.016206027939915657
1724162844.397553,-0.23613035403444219,0.14470633773577912,-0.03188925970939324,0.9603569994371131,-0.48111516345173494,0.301071003109883,0.007996853040308295,0.2628794312477112,0.4627680480480194,-0.8466050624847412,0.0037717330269515514,-0.0005320825148373842,0.0013051361311227083,0.0008077446836978197,-0.010459772311151028,-0.0007529198192059994
1724162844.450218,-0.23579202058411242,0.14468394078836308,-0.03157308055824639,0.9604538846591713,-0.48032898629429266,0.3011275597011448,0.008549150918220111,0.2630351483821869,0.4620709717273712,-0.846937358379364,0.001939206849783659,0.0037261205725371838,-0.004085066728293896,0.016196059063076973,-0.001084970310330391,0.03751463443040848
1724162844.478798,-0.23522388117114507,0.1450076749842338,-0.03040326166057943,0.9605821407224838,-0.47880752840499996,0.3023513080904646,0.01105191989153195,0.26428040862083435,0.46072113513946533,-0.8472850322723389,0.003896806389093399,0.008898410946130753,-0.0054415808990597725,0.025524741038680077,0.014664187096059322,0.08712422847747803
1724162844.5075011,-0.2348671437398082,0.1458736330567678,-0.028885361250592132,0.9605852067836327,-0.47759771760288505,0.3049867648453575,0.014670181572830588,0.26667964458465576,0.4596470296382904,-0.8471166491508484,0.0032320115715265274,0.00621020095422864,-0.0068084439262747765,-0.009995968081057072,0.03961718827486038,0.08741986751556396
1724162844.53823,-0.23498430317048255,0.1469396691443663,-0.027503469491584148,0.9604346049704899,-0.47738354380344983,0.30807711887172234,0.018269944416069113,0.2693261206150055,0.45945683121681213,-0.846382200717926,0.001773797906935215,-0.0027789196465164423,0.002509458689019084,-0.008930976502597332,0.03638281300663948,0.0625636875629425
1724162844.594347,-0.2348836148139181,0.1477832797788896,-0.026864047575764664,0.9603478321552235,-0.4769594072077726,0.31025333623650153,0.02006684074023673,0.2712268531322479,0.4590800702571869,-0.8459795713424683,0.0022915347944945097,-0.007319742813706398,0.0028155676554888487,0.02050846256315708,0.03534962981939316,0.02236892096698284
1724162844.6346688,-0.23462215929437397,0.14795834455224735,-0.02670009105444246,0.9603893646545669,-0.47637214580736886,0.31067553642628293,0.020418177826315578,0.27166637778282166,0.45855826139450073,-0.8461215496063232,0.0013918684562668204,-0.0019206563010811806,0.0003095587599091232,0.020067207515239716,0.009322203695774078,-0.0015810001641511917
1724162844.663696,-0.23417837567551916,0.1478921602912112,-0.026964824652954533,0.9605004867970597,-0.4755558164197797,0.3103106399146624,0.019648152132372743,0.2714718282222748,0.4578326642513275,-0.8465768098831177,-0.00011386460391804576,-0.0006890633376315236,-0.000682569167111069,0.030622055754065514,0.0014545274898409843,-0.01775413379073143
1724162844.694941,-0.2338701970590576,0.1475361360520179,-0.027481779442806668,0.9606156685918685,-0.4751005491844775,0.3092022360061127,0.018229645447976686,0.2705967128276825,0.45742785930633545,-0.8470756411552429,0.0002828655415214598,0.0035464733373373747,-0.0008330366690643132,0.010598734021186829,-0.016610924154520035,-0.02132585272192955
1724162844.759956,-0.23390537894785737,0.14704551871303917,-0.027601673087116474,0.9606789221941847,-0.47521916649123225,0.3080625712597925,0.017721258201176128,0.26961469650268555,0.4575333595275879,-0.8473317623138428,-0.0025560075882822275,0.005219439510256052,0.0007460208144038916,-0.0026448951102793217,-0.029683688655495644,-0.005919437389820814
1724162844.7751431,-0.2340138811567551,0.14630692137281662,-0.02778191611129743,0.9607600357778746,-0.475509792957674,0.3063569644670194,0.016976273760566162,0.2681289613246918,0.4577917456626892,-0.8476635813713074,0.0007051305146887898,-0.0002372432209085673,0.001519055338576436,0.002731551183387637,-0.04019242897629738,-0.021356897428631783
1724162844.842267,-0.23412331883553028,0.1455239653547584,-0.027861871226889677,0.9608499895508659,-0.47577095613955855,0.30460446591455437,0.01642361545301748,0.2666071653366089,0.45802393555641174,-0.8480181097984314,-0.001939206849783659,-0.0037261205725371838,0.004085066728293896,0.002327161841094494,-0.05898718908429146,-0.019082054495811462
1724162844.8717,-0.23396268283844265,0.1446865645055185,-0.028189565923639335,0.9610059862641933,-0.47556000120441183,0.3025565129337869,0.01521012062935706,0.2648986876010895,0.457836389541626,-0.8486545085906982,-0.006970550864934921,0.0008618515566922724,0.005881492514163256,-0.0045555345714092255,-0.07127150148153305,-0.0027383388951420784
1724162844.901382,-0.23384533264140808,0.14375238185533573,-0.028374745248524166,0.9611692660640344,-0.4753928470735219,0.3003759233149399,0.01426839087534859,0.26307013630867004,0.45768776535987854,-0.8493032455444336,0.003977477550506592,0.0030475042294710875,-0.005137196741998196,0.002070864662528038,-0.022503620013594627,-0.019543224945664406
1724162844.932181,-0.23385494131970536,0.14328551482581428,-0.02892559562900283,0.9612202130697358,-0.47558817835301,0.299063684619744,0.012832764680915031,0.26192906498908997,0.45786142349243164,-0.8495622873306274,0.004704550839960575,-0.0015613619470968843,-0.006194501183927059,0.010136009193956852,-0.016412245109677315,-0.05498162657022476
1724162844.987012,-0.23350648576023772,0.14248084746440629,-0.02997662097043894,0.9613923439566381,-0.4752096575599098,0.29668778744921176,0.010011242505414752,0.25996050238609314,0.4575248956680298,-0.8503478765487671,0.0013919100165367126,0.0002495066437404603,0.010693388991057873,-0.0005375787150114775,-0.06665626913309097,-0.10307620465755463
1724162845.0484738,-0.23371551742867844,0.14171172054882436,-0.030351954678803778,0.9614435228826443,-0.4757564213720595,0.2948307060644716,0.008861251521116777,0.25830817222595215,0.4580110013484955,-0.8505896925926208,-0.0016966769471764565,0.0027458062395453453,0.0030998378060758114,0.0010935604805126786,-0.04109606519341469,-0.025760149583220482
1724162845.0774832,-0.2341315096276933,0.14108328936099038,-0.03038790424459483,0.961433500331578,-0.4766196668904977,0.2934921058395972,0.00858958496049672,0.25705486536026,0.4587782025337219,-0.8505558967590332,0.0004370657552499324,0.0013100834330543876,1.7247512005269527e-06,-0.018451716750860214,-0.030241752043366432,7.516029290854931e-05
1724162845.107504,-0.23428240899698605,0.14070003025406103,-0.030303279755262938,0.9614556490701276,-0.4769049066090634,0.292713320077137,0.00861828922580246,0.2563546299934387,0.4590316414833069,-0.850630521774292,-0.004572335630655289,0.0015264323446899652,-0.0007782087777741253,0.000168526079505682,-0.01899707317352295,0.010766606777906418
1724162845.147232,-0.23426596124305096,0.14020919536201804,-0.03024909156245331,0.9615330699123285,-0.47685954951765946,0.2916534250267015,0.008466034479230332,0.25545889139175415,0.4589913487434387,-0.8509216904640198,-0.006974142976105213,0.004509481601417065,0.0008025735151022673,-0.006596796680241823,-0.038580283522605896,0.012104149907827377
1724162845.1761398,-0.2347592425567299,0.13967396649711022,-0.03007817967236299,0.9614959828237863,-0.47781772945459283,0.2906392829744215,0.008715658421568946,0.2544696629047394,0.45984241366386414,-0.8507585525512695,0.0007970106671564281,0.002653280273079872,-0.005605846643447876,-0.030886653810739517,-0.010065319016575813,-0.009835770353674889
1724162845.232295,-0.23549153599208122,0.13943540036152205,-0.030124810255879254,0.9613500093892308,-0.47932518236860006,0.29020812901877524,0.008735245519993022,0.25390416383743286,0.46118050813674927,-0.8502030372619629,-0.0020969989709556103,0.0021578995510935783,-0.0018286141566932201,-0.03701985627412796,-0.009475640021264553,-0.009407931938767433
1724162845.261177,-0.2361518380049073,0.13917374834551324,-0.030072118336732904,0.961227650122069,-0.4806570225485304,0.2897655410999605,0.008932166975226488,0.2533521354198456,0.4623618721961975,-0.8497259616851807,-0.0008041944238357246,0.004641979932785034,-0.004551991820335388,-0.03389803692698479,-0.0032618080731481314,0.008947635069489479
1724162845.348371,-0.236686588360361,0.13914838505999433,-0.03009372511407207,0.9610990771471024,-0.4817531607718657,0.28978677702116923,0.009053560051673305,0.2532252073287964,0.46333351731300354,-0.849234402179718,-0.0012228675186634064,0.004778066650032997,-0.0018251645378768444,-0.023467743769288063,0.003464668057858944,-0.0023771626874804497
1724162845.359649,-0.23712844632222804,0.1393027348272702,-0.030029837384025804,0.9609698072987114,-0.4826330021368538,0.2902356118059057,0.009426618000784108,0.25348958373069763,0.4641130268573761,-0.8487297296524048,-0.003525611013174057,0.0033563789911568165,0.0027885541785508394,-0.018084030598402023,-0.009999005123972893,0.013110876083374023
1724162845.381854,-0.23726150513222954,0.13950879494027643,-0.02979190857005813,0.9609144662920744,-0.48283109861589124,0.2908387736251592,0.010099915351763303,0.2539750933647156,0.46428850293159485,-0.8484885692596436,-0.0022879429161548615,0.003672112710773945,0.0022633513435721397,-0.000308317132294178,0.008813105523586273,0.01909813843667507
1724162845.4097,-0.23712716429172417,0.13975821619430295,-0.029438079814501736,0.960922346163764,-0.482448966127647,0.29155350016945714,0.010956246541619911,0.25463244318962097,0.4639500081539154,-0.8484767079353333,-0.0033346673008054495,0.0018421659478917718,-0.0013034114381298423,0.00563394371420145,0.009737641550600529,0.022762266919016838
1724162845.464696,-0.23703964506467912,0.14000961849254961,-0.02904595724342474,0.9609192042526229,-0.4821501976738383,0.2923001007387326,0.011912273847871947,0.25530576705932617,0.4636853337287903,-0.8484190106391907,-0.0005361295770853758,0.0030946533661335707,-0.0030346610583364964,-0.002482437063008547,0.01100411918014288,0.011660228483378887
1724162845.493651,-0.23738233989232774,0.14026969222981137,-0.028735642099606072,0.9608060540268232,-0.48275180137779816,0.29309712813789873,0.012844510433630413,0.2559012770652771,0.46421825885772705,-0.8479480743408203,-0.0005361295770853758,0.0030946533661335707,-0.0030346610583364964,-0.03805524855852127,0.003946331329643726,0.010747510939836502
1724162845.53974,-0.2380399501933145,0.14061185298452977,-0.028550645302250897,0.9605987945788361,-0.48403100681585365,0.2940664651945344,0.01366067472958308,0.25655075907707214,0.4653508961200714,-0.8471305966377258,0.0019647416193038225,-0.0042931330390274525,-0.001582506811246276,-0.029159775003790855,0.025741446763277054,0.0012329367455095053
1724162845.568588,-0.23861100235865015,0.1410390957349533,-0.028293331506554976,0.9604020945092452,-0.4851103094944667,0.29524927445031196,0.014651966598861879,0.2574062943458557,0.4663059413433075,-0.8463455438613892,-0.0013111972948536277,-0.003930250182747841,-5.174311809241772e-06,-0.03917849436402321,0.030514471232891083,0.020440733060240746
1724162845.6569471,-0.23873656123237266,0.14138187251700451,-0.02814335594430205,0.9603249090693767,-0.48531527666212565,0.29611071409216416,0.015209278397711776,0.25810736417770386,0.46648725867271423,-0.8460320234298706,0.011021516285836697,0.0036300066858530045,-0.020872144028544426,-0.014453697949647903,0.07469084113836288,0.010840648785233498
1724162845.668473,-0.23889956771055654,0.1425309524580552,-0.02816805744614322,0.9601137172286363,-0.4856362552330079,0.2986764913640159,0.015844665410734322,0.26023316383361816,0.4667711555957794,-0.8452238440513611,0.0015424767043441534,-0.0005094163352623582,-0.003934598993510008,-0.015122600831091404,0.051625605672597885,0.006293247453868389
1724162845.6902552,-0.2390414488412947,0.1433020382734191,-0.028282871948800994,0.9599602848312246,-0.4859477278387416,0.3003531950773655,0.016070427602232124,0.26160696148872375,0.4670465886592865,-0.8446474075317383,-0.0012044748291373253,0.006224235985428095,0.0009033872629515827,-0.027940457686781883,0.026781173422932625,0.008363013155758381
1724162845.7322922,-0.23970294418243307,0.1438629821372979,-0.02825103786755169,0.9597122799634116,-0.48727555284479357,0.3017363037100869,0.01668573199414551,0.2625904083251953,0.4682202935218811,-0.843691885471344,0.0015976547729223967,0.0038290938828140497,0.0042510568164289,-0.04217575863003731,0.009706484153866768,-0.0027631705161184072
1724162845.787158,-0.24060421612051244,0.14415668364370027,-0.028202502252306985,0.9594441328658307,-0.4890911270004801,0.302581036596178,0.017278440430806768,0.26304927468299866,0.46982377767562866,-0.8426569104194641,0.0007970522274263203,0.004823443479835987,0.004777984227985144,-0.047354161739349365,0.0070654223673045635,-0.002027498558163643
1724162845.818963,-0.24169224930912947,0.14410722699422038,-0.028014565353664724,0.9591835631408356,-0.4912502632602074,0.30277394868378454,0.018052685816480875,0.2629087567329407,0.47172868251800537,-0.8416359424591064,0.005846747197210789,-0.0004885219968855381,-0.004673720803111792,-0.04473176598548889,0.014925923198461533,-0.0020171497017145157
1724162845.849674,-0.24242748970158606,0.14402244467432934,-0.027957351556594574,0.9590123542905218,-0.49273225573483215,0.3027541258010125,0.018396389387691014,0.26268333196640015,0.47303488850593567,-0.840972900390625,-0.0028572240844368935,0.00239695911295712,0.009234336204826832,-0.01917160674929619,-0.03292814642190933,0.011290304362773895
1724162845.906136,-0.2427781599907478,0.14414393429245487,-0.028028140481213652,0.9589033377113918,-0.49346659937698656,0.3030530184732479,0.018438101284331307,0.2628309428691864,0.4736817479133606,-0.8405625820159912,0.004649456590414047,-0.0015595457516610622,0.00638750521466136,-0.0107315918430686,-0.013889282010495663,-0.0009545477805659175
1724162845.993886,-0.24272866212816616,0.14416683184273588,-0.028009866942829205,0.9589129771375605,-0.49335960399456247,0.3031044251119132,0.018472642467879375,0.2628892958164215,0.4735875129699707,-0.8405974507331848,0.002041862579062581,-0.004326246213167906,0.004026789218187332,0.01200189534574747,-0.005449823569506407,-0.007677918300032616
1724162846.005703,-0.24261807791657514,0.1441286378648997,-0.02790856188547903,0.9589496389586974,-0.49310343770602205,0.3030526476372495,0.018631127711092824,0.26288196444511414,0.47336187958717346,-0.8407267928123474,0.003981069661676884,-0.0006001257570460439,-5.827739369124174e-05,0.000154158566147089,-0.004406552761793137,-0.009549069218337536
1724162846.0235329,-0.24290160421335727,0.14405534342386733,-0.027945173364904975,0.9588878478340339,-0.49369410077840375,0.3029235516996099,0.018613602099750062,0.2626899778842926,0.47388210892677307,-0.8404937386512756,0.004913929384201765,0.0005407577846199274,0.0028259162791073322,-0.01790035329759121,-0.008558284491300583,-0.021906590089201927
1724162846.0665479,-0.24351379772839807,0.1437707858481394,-0.028242633949290812,0.9587665227089844,-0.49503981348337567,0.30224589545142216,0.018029455832698094,0.26193028688430786,0.4750666916370392,-0.8400619626045227,0.0007051305146887898,-0.0002372432209085673,0.001519055338576436,-0.03076927922666073,-0.01736421138048172,-0.024841943755745888
1724162846.108679,-0.2442218951636445,0.14311396366388343,-0.02853416892580648,0.9586760669019524,-0.4965859593158039,0.30075842452189955,0.017281150789712933,0.26046252250671387,0.4764266610145569,-0.8397481441497803,-0.0002900076797232032,0.005918949376791716,0.0010590290185064077,-0.03304648771882057,-0.026805153116583824,-0.017725665122270584
1724162846.1424608,-0.24493325657840073,0.14261483683230988,-0.028720645882776206,0.9585633310177293,-0.49810317553714695,0.2996780365633475,0.016849151851553897,0.25934141874313354,0.47776007652282715,-0.8393374085426331,0.0015756702050566673,0.006030553951859474,-0.0035564142744988203,-0.03587410971522331,-0.01422059629112482,-0.013192063197493553
1724162846.17748,-0.24540449821189045,0.14209272589928526,-0.028727690598276196,0.958520184670691,-0.4990758563259389,0.29859770204160935,0.016706727068047413,0.2582976818084717,0.47861433029174805,-0.8391726016998291,0.0018289341824129224,-0.0006105729262344539,0.00031128351110965014,-0.005127415992319584,-0.02301989495754242,-0.015026870183646679
1724162846.212358,-0.24553263567365205,0.14183032986902738,-0.028710486698448473,0.9585267627429666,-0.4993365949429827,0.2980455159610554,0.01664093517179645,0.25779759883880615,0.47884324193000793,-0.8391957879066467,-0.0019795424304902554,-0.0008006672142073512,0.00393287418410182,0.0006678706267848611,-0.024984067305922508,0.008344165049493313
1724162846.257885,-0.2453921656255564,0.14136685541324562,-0.02848108022518363,0.9586380908064488,-0.49898792723326685,0.2971099426725568,0.01682699893370096,0.257061243057251,0.47853711247444153,-0.8395962119102478,0.006375693250447512,0.0037120855413377285,-0.01179689820855856,0.00600146409124136,0.021299736574292183,-0.005737341474741697
1724162846.2884731,-0.2454229191004217,0.14123004228061792,-0.028374364832615618,0.9586534493451633,-0.499020459843975,0.29686843426143594,0.016992769805114823,0.2568538784980774,0.47856569290161133,-0.8396433591842651,0.000304808490909636,-0.0008251499384641647,-0.003409396391361952,-0.0041429284028708935,-0.011722708120942116,0.0013478908222168684
1724162846.3987179,-0.24549240547332693,0.14104879855983088,-0.02847918162191415,0.9586592681106871,-0.4991974133471977,0.29642002625791936,0.016686087086025852,0.25645262002944946,0.4787210524082184,-0.8396774530410767,-0.0018289341824129224,0.0006105729262344539,-0.00031128351110965014,-0.007308636326342821,-0.009193294681608677,-0.011854956857860088
1724162846.445003,-0.24598910894006598,0.140896936992852,-0.028610603498324505,0.9585503341975598,-0.5002537137838782,0.2961019261755099,0.016490162609839865,0.25603780150413513,0.4796481728553772,-0.8392748236656189,0.0006464023026637733,0.001242040190845728,-0.001361688831821084,-0.02780880033969879,0.0005514338845387101,-0.007095145061612129
1724162846.457542,-0.24631999158752815,0.1409475797504062,-0.028657016829238845,0.9584565307201791,-0.5009423134711861,0.2962512595611156,0.016535813371438706,0.2560666501522064,0.48025229573249817,-0.8389204740524292,-0.0027801450341939926,0.00019368267385289073,0.004459802061319351,-0.005017059855163097,-0.01434287428855896,0.0013444414362311363
1724162846.4644299,-0.2464559077483227,0.14089843552999345,-0.02853832779007178,0.9584323567077675,-0.5011844382826545,0.2962317680626822,0.016815106357274078,0.256016343832016,0.4804646670818329,-0.8388142585754395,-0.0009144670912064612,0.00030528646311722696,-0.00015564175555482507,-0.004370657727122307,-0.01310083456337452,-1.72473955899477e-05
1724162846.5123482,-0.24669625706195206,0.14075289931407373,-0.02856989861753006,0.9583909839145534,-0.501687218671792,0.29593441503305734,0.01674875575387779,0.25569644570350647,0.48090553283691406,-0.8386591672897339,-0.0012928046053275466,-0.002484080381691456,0.002723377663642168,-0.0039887698367238045,-0.016129260882735252,-0.008201178163290024
1724162846.550807,-0.24680779574832187,0.14068606381292034,-0.02878083882084347,0.958365760828326,-0.501980224248753,0.2956904269505177,0.01628999850104505,0.2554507255554199,0.481162428855896,-0.838586688041687,-0.00022772920783609152,-0.0013781266752630472,-0.001365138334222138,0.004524816293269396,0.008694281801581383,-0.009531822055578232
1724162846.58109,-0.24667461049534484,0.14071021517969937,-0.028956201230582408,0.9583911732012629,-0.5017612144272243,0.2956235353874137,0.01587377656065656,0.2554253339767456,0.4809704124927521,-0.838704526424408,-0.0015057330019772053,0.0012315930798649788,-0.0009921279270201921,0.0012560193426907063,-0.00040825968608260155,-0.008180481381714344
1724162846.623483,-0.24673536452234063,0.14099919020083773,-0.02897742585988747,0.9583324868403084,-0.5018869267173252,0.29626865125877094,0.016014525836560992,0.2559486925601959,0.4810806214809418,-0.8384817838668823,-0.00011386460391804576,-0.0006890633376315236,-0.000682569167111069,-0.00617709057405591,0.009332925081253052,0.005580557510256767
1724162846.652194,-0.24687741336893146,0.1410234705539802,-0.029019856440794703,0.9582910416644097,-0.5021894247656523,0.296326103344682,0.01598652259281632,0.2559543550014496,0.4813458025455475,-0.8383278250694275,0.0006464023026637733,0.001242040190845728,-0.001361688831821084,-0.016688136383891106,0.004117029719054699,-0.0041666897013783455
1724162846.707088,-0.24726935830750868,0.14113455640053457,-0.02914947534453711,0.9581696777869874,-0.5030272496845597,0.29657631093878906,0.01590728320654667,0.2560461461544037,0.48208001255989075,-0.8378778100013733,0.00045900867553427815,-0.00306153972633183,-0.0025746349710971117,-0.021983996033668518,0.004434535279870033,-0.009192505851387978
1724162846.7383862,-0.2475657079937788,0.14132945798585278,-0.02955670444223073,0.9580519697757702,-0.5037534253906013,0.2968434018838965,0.015236132856686447,0.256167471408844,0.4827161133289337,-0.8374744057655334,-0.00032320115133188665,-0.000621020095422864,0.000680844415910542,-0.004237967077642679,0.008718719705939293,-0.01927216909825802
1724162846.767373,-0.24788373322743212,0.14144537567499563,-0.02999775974708878,0.9579388855793637,-0.5045356753645305,0.29691889014411355,0.014453311914650834,0.25612014532089233,0.48340103030204773,-0.837093710899353,-0.00036353670293465257,0.0023044331464916468,0.0005286521627567708,-0.017187563702464104,0.005763696506619453,-0.022511908784508705
1724162846.847447,-0.24838138127409337,0.14170557362745875,-0.030373519723219472,0.9577596678043144,-0.5056629518570948,0.2973860558026115,0.013960490783142926,0.2563513219356537,0.4843875467777252,-0.8364524245262146,0.0007602669065818191,0.0019311035284772515,-0.0006791196647100151,-0.02497304417192936,0.024380581453442574,-0.026035334914922714
1724162846.858778,-0.24894103006756582,0.14192097493337585,-0.03094219109591878,0.9575642323667105,-0.5069770353812542,0.29765734230510593,0.013042493545953878,0.25639134645462036,0.48553675413131714,-0.8357735872268677,0.000929267902392894,0.004788513761013746,-0.0021947254426777363,-0.023871183395385742,0.02837887592613697,-0.024666747078299522
1724162846.905005,-0.2492318394497749,0.14210341278266045,-0.031446614666034475,0.9574451028426074,-0.5077232368964985,0.2978398041713538,0.012149444174952312,0.25643742084503174,0.48618894815444946,-0.8353802561759949,0.0023211361840367317,0.002867857227101922,-0.0018851668573915958,-0.0019239725079387426,0.021052001044154167,-0.020931344479322433
1724162846.935886,-0.2492393247682783,0.14242242862033544,-0.03170359281280511,0.957387307898609,-0.5078133993947923,0.29841292837633027,0.011775494135965833,0.2569032907485962,0.48626774549484253,-0.8351912498474121,-0.0025524157099425793,0.0015718091744929552,0.005824940279126167,0.007322920486330986,-0.009737552143633366,0.011402972973883152
1724162846.966044,-0.2491231019528026,0.1431194874804359,-0.031771646737633996,0.9573113616630463,-0.5075883048017692,0.29991484956895015,0.01198998074530248,0.25818970799446106,0.48607105016708374,-0.8349089622497559,-0.0015424767043441534,0.0005094163352623582,0.003934598993510008,0.008557555265724659,0.0204206220805645,0.01428429875522852
1724162847.017717,-0.24875807893421462,0.14362556947154967,-0.03186178407745885,0.957327467524948,-0.5068643352776909,0.30093032544059817,0.011955067420226003,0.2591416537761688,0.4854382276535034,-0.8349822163581848,0.00022772920783609152,0.0013781266752630472,0.001365138334222138,0.02637707069516182,0.02614915929734707,-0.005648819729685783
1724162847.071178,-0.24866990925838683,0.14408828765634674,-0.03218671677433555,0.9572699645627355,-0.5067793648028985,0.30177013358683075,0.011481377956178837,0.2598550319671631,0.4853639304637909,-0.8348037004470825,0.000929267902392894,0.004788513761013746,-0.0021947254426777363,-0.010914402082562447,0.024038637056946754,-0.011269169859588146
1724162847.1364899,-0.24903043306325925,0.14449966330033445,-0.03257258288859197,0.9571011480692934,-0.5076306957133969,0.30254481100305364,0.011007350111419673,0.2603784501552582,0.48610809445381165,-0.8342074155807495,0.0005693230195902288,0.0034453165717422962,0.003412845777347684,-0.018604926764965057,0.017873769626021385,-0.01494019664824009
1724162847.184422,-0.24943705295273527,0.14478972396685058,-0.03287239496822182,0.9569411410151595,-0.5085512267672113,0.30310409738899735,0.010668175291398449,0.26071128249168396,0.486912339925766,-0.8336341977119446,0.00045545841567218304,0.0027562533505260944,0.002730276668444276,-0.019853845238685608,0.006646443158388138,-0.01736953854560852
1724162847.192895,-0.24967993271585728,0.14507302876508868,-0.03330628472117602,0.9568198945455786,-0.5091796663139613,0.30354306202373116,0.009972643879845637,0.26098570227622986,0.4874611496925354,-0.8332275152206421,0.003235603217035532,0.002562570618465543,-0.0017295250436291099,-0.01631343364715576,0.008383863605558872,-0.02250846102833748
1724162847.2387571,-0.24998243643074047,0.14517076737990492,-0.033727518879679744,0.9567113134449542,-0.5099281624393552,0.3035837535294692,0.009218135773996218,0.2609104514122009,0.4881145656108856,-0.8328684568405151,-0.001483748434111476,-0.0009698672220110893,0.006815343163907528,-0.004862901289016008,-0.018749427050352097,-0.0082046277821064
1724162847.2735481,-0.2499782447551497,0.14534313002196173,-0.03413057827095146,0.9566719540373434,-0.5100439939677449,0.30374469916544283,0.00843543055150037,0.26102757453918457,0.4882156550884247,-0.8327724933624268,0.0033933953382074833,-0.0033214492723345757,0.004184155724942684,0.015564724802970886,0.013770458288490772,-0.027675412595272064
1724162847.328809,-0.24970704723098167,0.14562473493396483,-0.03420600290659193,0.9566972862906338,-0.5095111977712317,0.30428406260638863,0.008336415477964002,0.2615545988082886,0.4877505898475647,-0.8328796625137329,-0.00032320115133188665,-0.000621020095422864,0.000680844415910542,0.02821318805217743,0.018243325874209404,0.004820302128791809
1724162847.376155,-0.24928449501309147,0.1457133429237245,-0.033972404166473964,0.9568023450784195,-0.5085742595581788,0.3045345455925877,0.008745309170468835,0.2619001567363739,0.4869324564933777,-0.8332497477531433,0.00165634136646986,0.0001796471478883177,-0.0032520298846066,0.015043046325445175,0.006614916026592255,0.01037326455116272
1724162847.388876,-0.24917572032146149,0.14575616043859976,-0.033817917921739736,0.9568296072028711,-0.5083032927111033,0.3046961951454262,0.009068439773137914,0.26207441091537476,0.4866957664489746,-0.8333331942558289,0.0024717445485293865,0.00427909754216671,-0.006129324436187744,0.0009038163116201758,0.0171480942517519,0.016070377081632614
1724162847.443996,-0.24909329114300535,0.14606276962598294,-0.033897840090315615,0.9568014798248872,-0.5081571526863092,0.30532375003497947,0.009042155284177494,0.26261869072914124,0.4865680932998657,-0.8332363963127136,0.001432203920558095,-0.004846109542995691,0.00046175095485523343,0.01503577921539545,0.009569850750267506,-0.02055223658680916
1724162847.4561682,-0.248886735217343,0.14627398518966306,-0.03422303620678315,0.9568113781086768,-0.5078356724805655,0.305578386744054,0.008378830622349837,0.2628779113292694,0.4862872064113617,-0.8333186507225037,0.002952737733721733,-0.00098390260245651,-0.0008964883745647967,0.01693109981715679,0.022039217874407768,-0.019484583288431168
1724162847.4888902,-0.24859869924830902,0.14668671037621764,-0.034737824976678745,0.9568045397506801,-0.5074062000429631,0.3061648103669457,0.007388598011438179,0.2634294629096985,0.48591190576553345,-0.83336341381073,5.51363336853683e-05,0.0021683466620743275,-0.002198175061494112,0.02298363298177719,0.02730044722557068,-0.0202168058604002
1724162847.543885,-0.24836876872335617,0.14695810219121197,-0.034872021573488336,0.956817704040703,-0.5069770099119828,0.3066563421359971,0.007169077646997437,0.2639019787311554,0.48553672432899475,-0.8334325551986694,0.0007015386945568025,0.0034103868529200554,-0.0035598636604845524,0.005472518503665924,0.017099127173423767,0.0013858354650437832
1724162847.590372,-0.24838636149957985,0.1472362948487723,-0.03467798976592108,0.956777436129197,-0.5069494739058834,0.3073902808394805,0.0077608979315059185,0.2645176351070404,0.4855126440525055,-0.8332513570785522,-0.0007454660953953862,0.003162696724757552,-0.0016712475335225463,-0.00963683146983385,0.001744597451761365,0.011023864150047302
1724162847.6251268,-0.2486219629001923,0.14732522384840505,-0.0344337429860323,0.9567113741616752,-0.5073523738187252,0.3077684537404149,0.008432570487849504,0.2647734582424164,0.4858648478984833,-0.8329647779464722,-0.00011386460391804576,-0.0006890633376315236,-0.000682569167111069,-0.011546436697244644,0.008206077851355076,0.010408195666968822
1724162847.654439,-0.24890867941097822,0.14740853180846708,-0.0343655865356833,0.9566264062846985,-0.5079153175616712,0.3080464029446384,0.008735311105603886,0.26492199301719666,0.48635679483413696,-0.8326303958892822,0.0024018073454499245,-0.002983049489557743,-0.0015807822346687317,-0.0030921371653676033,0.008314092643558979,-0.0022886404767632484
1724162847.682956,-0.24871990836615054,0.14738315943604657,-0.034361217698479586,0.956679590583525,-0.5075288201618796,0.3079567133104826,0.008660690699020878,0.26490429043769836,0.4860190451145172,-0.8328332304954529,0.002247607335448265,-0.0007466594106517732,-0.0024155438877642155,0.01293531246483326,0.021885868161916733,0.0036917231045663357
1724162847.749656,-0.24837949943327897,0.14761787073790844,-0.03439361977465763,0.956730684699679,-0.5068421291673743,0.30840128480837575,0.008601043826936801,0.2653757631778717,0.48541882634162903,-0.8330332040786743,0.0085314204916358,7.490217103622854e-05,-0.007087539415806532,0.013038485310971737,0.03785815089941025,0.0099051957949996
1724162847.8244429,-0.24809438139799683,0.14847624954827796,-0.03453180729448028,0.9566668490854247,-0.506296442412152,0.3101949431217437,0.008691901148764464,0.2669503092765808,0.48494166135787964,-0.8328079581260681,-0.0023063356056809425,0.00222594290971756,-0.00046520051546394825,0.005127415992319584,0.02301989495754242,0.015026870183646679
1724162847.838015,-0.2478123286315185,0.14908219461191477,-0.03478833635956101,0.9566364058040454,-0.5057974951687441,0.3113581483343783,0.00837839149151796,0.26799294352531433,0.48450523614883423,-0.8327270746231079,-0.003224352840334177,0.008349021896719933,0.0046840691938996315,0.0010579748777672648,0.012741540558636189,0.006521307397633791
1724162847.8546371,-0.24780161193455863,0.14946960614179738,-0.03475859154467853,0.9565797923756996,-0.5057626312454152,0.3122404357563877,0.008663620917643904,0.2687327265739441,0.4844747483730316,-0.8325064182281494,-0.0018472853116691113,0.001334566273726523,0.00734399538487196,-0.0017114777583628893,-0.0023479938972741365,0.005450204946100712
1724162847.883624,-0.24780871547249153,0.14955993193954303,-0.034609194811434575,0.9565692781819132,-0.5057283049013649,0.3125264484038099,0.009044620838927632,0.2689759433269501,0.4844447076320648,-0.8324453234672546,0.0011421963572502136,0.0010728401830419898,0.001520780147984624,0.0047965142875909805,0.005669487174600363,0.007448258809745312
1724162847.939694,-0.24775272789922928,0.14967616867830227,-0.0345781525302669,0.9565667040226067,-0.5056029873332359,0.31279336781868755,0.009158773651305801,0.2692168056964874,0.4843350946903229,-0.8324312567710876,0.0015057330019772053,-0.0012315930798649788,0.0009921279270201921,0.008608541451394558,4.1788676753640175e-05,-0.0014782436192035675
1724162847.968596,-0.24757541955720477,0.14973350868030325,-0.034638771104878834,0.9566014900010223,-0.5052602635372045,0.31285497682786323,0.008993533787387483,0.26931917667388916,0.4840351939201355,-0.8325725793838501,0.0018840704578906298,0.0015577737940475345,-0.0018868916667997837,0.008916941471397877,-0.004430991131812334,0.00019127922132611275
1724162848.010047,-0.2474557464672081,0.1497537071278834,-0.034677820933575354,0.9566278717657284,-0.5050285115157115,0.3128561687283874,0.008875390431187402,0.2693546712398529,0.48383238911628723,-0.8326789736747742,0.0024202000349760056,-0.0015368794556707144,0.0011477696243673563,0.009453071281313896,-0.007525644730776548,0.003225940279662609
1724162848.0500789,-0.2471104143148815,0.15009803526222185,-0.034855538468830514,0.9566567204743123,-0.5043782107930808,0.3134646304002732,0.008557749201153219,0.2699582576751709,0.48326319456100464,-0.8328140377998352,-0.000741874217055738,-0.00048493361100554466,0.003407671581953764,0.027985459193587303,0.016865199431777,0.003455163910984993
1724162848.087522,-0.24651092792791326,0.15030266219090063,-0.03494170258816834,0.9567760412344293,-0.5031815283895952,0.3137629158457051,0.008264127631531764,0.27038493752479553,0.48221516609191895,-0.8332829475402832,-0.0019647416193038225,0.0042931330390274525,0.001582506811246276,0.03302398696541786,0.004981967620551586,0.01181657612323761
1724162848.1271992,-0.2457481503497726,0.15045793910395844,-0.03459262183115493,0.9569605422186496,-0.5015121604359654,0.3141579410601264,0.008829349091005339,0.2709624767303467,0.48075205087661743,-0.8339405059814453,0.0008741315104998648,0.002620166866108775,3.4495024010539055e-06,0.03422088548541069,-0.011461166664958,0.03380522504448891
1724162848.203002,-0.24525359409290293,0.1505847564542115,-0.034049494822712044,0.9570870006179141,-0.5003272744713765,0.3146440109848667,0.009899858767705442,0.2715438902378082,0.47971272468566895,-0.8343498110771179,0.0015205338131636381,0.003862207056954503,-0.0013582393294200301,0.005523671396076679,0.005400947295129299,0.027158616110682487
1724162848.205371,-0.2452922450451996,0.15072313380184063,-0.03363080845461048,0.9570700745172362,-0.5002690287289353,0.3151880618934103,0.010904897253205587,0.27200645208358765,0.47966161370277405,-0.834228515625,0.000591265968978405,-0.0009263065876439214,0.0008364861714653671,-0.0023210947401821613,-0.0006976942531764507,0.012268997728824615
1724162848.2608771,-0.24532699357460352,0.15058145488620128,-0.03326916513606578,0.9570961083922997,-0.5002244047717965,0.31507432898686993,0.011624313697314856,0.2719182074069977,0.479622483253479,-0.8342797756195068,0.003544003702700138,-0.0019102091901004314,-6.0002144891768694e-05,-0.001248918822966516,-0.011227326467633247,-0.002429341431707144
1724162848.293802,-0.24558211189297077,0.15039170045007413,-0.03306264914306275,0.9570676698345046,-0.5006798989574568,0.31481106075646875,0.012061347629121005,0.2716308832168579,0.4800221025943756,-0.8341435194015503,-0.00036353670293465257,0.0023044331464916468,0.0005286521627567708,-0.028734952211380005,-0.029739191755652428,0.012460713274776936
1724162848.348546,-0.24601170375724984,0.14988263800933152,-0.03254161984560176,0.9570550362397903,-0.5013938919891822,0.3140387395643551,0.013066113116389872,0.2708806097507477,0.48064833879470825,-0.8340268731117249,0.0026882649399340153,-0.003084206022322178,0.002665100386366248,-0.012157086282968521,-0.03819291666150093,0.02102375216782093
1724162848.37745,-0.24588203468869194,0.1496115379733948,-0.0322660239299877,0.9571401292488403,-0.5010444452173453,0.31355764271614794,0.013462517418439648,0.27053114771842957,0.4803418815135956,-0.8343168497085571,0.0018289341824129224,-0.0006105729262344539,0.00031128351110965014,0.011634374968707561,-0.017011918127536774,0.020821688696742058
1724162848.419651,-0.24557018083898569,0.14956938645067885,-0.03198607822596302,0.9572361569556724,-0.5003191430150091,0.31355556478610713,0.01393103012264492,0.27063679695129395,0.4797056019306183,-0.8346485495567322,0.0,0.0,0.0,0.012662664987146854,-0.018798302859067917,0.011276069097220898
1724162848.448683,-0.24532143005678225,0.149440103248915,-0.03179788783810012,0.9573263885061599,-0.4997534050504355,0.3133208688685827,0.014173648675045494,0.2705245018005371,0.47920912504196167,-0.8349701166152954,0.00011386460391804576,0.0006890633376315236,0.000682569167111069,0.009533742442727089,-0.013376551680266857,0.0035303249023854733
1724162848.479809,-0.24515642040715754,0.14924968403965538,-0.03162565648742355,0.9574040923178074,-0.4993645235508418,0.3129570362374773,0.014378166052605335,0.27027803659439087,0.478867769241333,-0.8352457284927368,0.0009696034248918295,0.0018630602862685919,-0.002042533364146948,0.005486802663654089,-0.0018317187204957008,0.0009338505333289504
1724162848.5699239,-0.24531895702363898,0.14901218218122841,-0.03139525350318589,0.9574069921824468,-0.49962535153753473,0.3125826554929961,0.014805185408336034,0.26992690563201904,0.47909674048423767,-0.8352279663085938,0.0005325376987457275,0.0005529768532142043,-0.002044257940724492,-0.012714684009552002,-0.008872156031429768,0.008283238857984543
1724162848.5751162,-0.24516315467254546,0.14870358877033985,-0.03129244158679945,0.9574982792764076,-0.49927958910669884,0.31191897981575556,0.014794883121563155,0.26942333579063416,0.478793203830719,-0.8355645537376404,0.0016012049745768309,-0.001988699659705162,-0.0010538548231124878,0.031165368854999542,-0.008935386314988136,-0.004561634734272957
1724162848.682972,-0.24461395868635022,0.14861424006797125,-0.03088947962041337,0.9576656855458449,-0.49803256132136786,0.3118318472101429,0.0154158347731291,0.26953351497650146,0.47769802808761597,-0.8361556529998779,-0.000591265968978405,0.0009263065876439214,-0.0008364861714653671,0.030107559636235237,-0.012996274046599865,0.030452381819486618
1724162848.688896,-0.2440399535817539,0.14914117613390687,-0.030532391433984254,0.957741629709777,-0.4967395931277406,0.3130898267919958,0.016276295375502875,0.27077516913414,0.4765617251396179,-0.8364028334617615,-0.0028021293692290783,0.002395142801105976,-0.003347669495269656,0.01949445717036724,0.018205169588327408,0.03146255761384964
1724162848.6977859,-0.24362098578930375,0.14944549480951783,-0.030453030333960317,0.9578034777455288,-0.4958553870775918,0.3137303855714365,0.016463573965457064,0.2714408338069916,0.47578421235084534,-0.8366297483444214,0.0007015386945568025,0.0034103868529200554,-0.0035598636604845524,0.02378436177968979,0.03281658515334129,0.010407758876681328
1724162848.739109,-0.243054550940491,0.14971408975721076,-0.0304280823771437,0.9579061274429244,-0.49468894838868793,0.314233093449677,0.016456393986486725,0.2720327079296112,0.4747579097747803,-0.8370203375816345,-0.0019979351200163364,-0.0022468373645097017,0.001204322325065732,0.03165042772889137,0.004008467774838209,-0.006532091647386551
1724162848.758641,-0.24272531592842497,0.14968133028068456,-0.030539145108318077,0.9579912277617386,-0.49405483837752256,0.31403703728668714,0.016073104931719723,0.2719615399837494,0.47419974207878113,-0.8373598456382751,5.51363336853683e-05,0.0021683466620743275,-0.002198175061494112,-0.028822805732488632,-0.016593027859926224,0.0019984901882708073
1724162848.813468,-0.24285983049006374,0.1498421675498387,-0.030669551620005484,0.9579278068162962,-0.4943681562493968,0.31435179623213405,0.01593087194595919,0.27217915654182434,0.47447556257247925,-0.8371328711509705,0.00011386460391804576,0.0006890633376315236,0.000682569167111069,-7.348740473389626e-05,-0.0014443534892052412,0.009853454306721687
1724162848.847114,-0.2425045794904634,0.15018114152075088,-0.030730291515955726,0.9579628301463494,-0.4936587508961794,0.31500654578317794,0.01585598461387563,0.27283143997192383,0.47385096549987793,-0.8372743129730225,0.0029124021530151367,0.0019415507558733225,-0.001048680511303246,0.027875186875462532,0.012528505176305771,0.007851514033973217
1724162848.879095,-0.24193096672143893,0.15041960412530317,-0.03064494593356241,0.9580731201594768,-0.49245922010345966,0.3154729212677754,0.015959093909833078,0.2733980417251587,0.4727943241596222,-0.8376867175102234,-0.0008557388791814446,-0.0011739969486370683,0.002725102473050356,0.03334667161107063,-0.018421659246087074,0.013034114614129066
1724162848.965378,-0.24120655442953065,0.15087264194127936,-0.030496373445732878,0.9581892635041118,-0.4909288028688527,0.31642136387962083,0.0162615408205903,0.2744172513484955,0.4714452028274536,-0.8381136655807495,0.0024202000349760056,-0.0015368794556707144,0.0011477696243673563,0.03655729815363884,0.018354974687099457,0.017287477850914
1724162848.9780688,-0.2406964917629828,0.1512062803162357,-0.030341167825293006,0.9582698802531295,-0.48983460346010627,0.3171479278878116,0.01659120862546403,0.27518680691719055,0.47047996520996094,-0.8384037017822266,0.0009144670912064612,-0.00030528646311722696,0.00015564175555482507,0.01691586524248123,-0.0027389030437916517,0.005531828384846449
1724162849.0149221,-0.24063876109996915,0.1513032977317437,-0.0301530102495847,0.958275016579845,-0.48965417280857676,0.3174521600202434,0.017031077409327012,0.2754683792591095,0.4703207314014435,-0.8384006023406982,0.0018289341824129224,-0.0006105729262344539,0.00031128351110965014,-0.0014102610293775797,0.0004744864418171346,-0.003038110677152872
1724162849.0459719,-0.2409718873736714,0.1512083628624129,-0.030207486501133935,0.9582045433626684,-0.49035145995904855,0.3172765685783951,0.016986286843055504,0.27521875500679016,0.47093597054481506,-0.838137149810791,0.0024753364268690348,0.000631467264611274,-0.0010504053207114339,-0.01965571753680706,-0.0021630311384797096,-0.011303665116429329
1724162849.0776548,-0.24121687620022975,0.1511197715619544,-0.03024219876347199,0.9581557872319264,-0.49086290257237275,0.3171084370549389,0.016954384321128724,0.27500271797180176,0.4713870882987976,-0.8379544615745544,-5.51363336853683e-05,-0.0021683466620743275,0.002198175061494112,-0.0029603964649140835,-0.013575321063399315,0.0030208630487322807
1724162849.116071,-0.24094776538971063,0.15079789810662114,-0.02998143109822915,0.9582823664501853,-0.4902361786205021,0.3164777030845519,0.017238562173179543,0.27456602454185486,0.47083428502082825,-0.838408350944519,0.002093407092615962,0.0014897305518388748,-0.003250305075198412,0.010334386490285397,-0.012200737372040749,0.013387228362262249
1724162849.184711,-0.2407418152148419,0.15079746060823954,-0.029589665303585942,0.9583463984513106,-0.48968983403091587,0.3166439642949893,0.01800957723522691,0.27478545904159546,0.4703522026538849,-0.8386070132255554,0.0021521353628486395,1.0447169188410044e-05,-0.0003695609048008919,0.005912742577493191,-0.0049227396957576275,0.029132522642612457
1724162849.213863,-0.2405114104841513,0.15083915718668034,-0.029317789769975802,0.9584060301540246,-0.48913185001381315,0.31683547574389964,0.018534676866541137,0.2750277817249298,0.4698597192764282,-0.8388036489486694,0.0009144670912064612,-0.00030528646311722696,0.00015564175555482507,0.005868773441761732,-0.0005198193248361349,0.013517580926418304
1724162849.249934,-0.24025121539379166,0.15091233498987597,-0.029262393470629155,0.9584614667204852,-0.4885830298763723,0.31697679871514567,0.01859678276484695,0.2752266526222229,0.4693751931190491,-0.8390096426010132,0.0025927512906491756,-0.00449726264923811,-0.005672748200595379,0.012332797050476074,0.0119005823507905,-9.930739179253578e-05
1724162849.29899,-0.24005355836298478,0.15077715040646553,-0.029250399428972222,0.9585326483653837,-0.4881796218676923,0.3166439409388821,0.0184730582858844,0.27500632405281067,0.46901893615722656,-0.8392810821533203,0.0005325376987457275,0.0005529768532142043,-0.002044257940724492,0.0034740250557661057,-0.011342518962919712,-0.005895290989428759
1724162849.330542,-0.2400485863610787,0.15060098708924657,-0.029198132761226313,0.9585632249323813,-0.4881559572422329,0.31627867418831757,0.018486798181328173,0.2747032046318054,0.4689980447292328,-0.8393920660018921,0.0007822097977623343,-0.002440519630908966,-0.0032554795034229755,-0.008145982399582863,-0.008921122178435326,-0.006401303224265575
1724162849.358886,-0.24023208876611696,0.15061754458999005,-0.029298482431890777,0.9585115744592395,-0.48856154573331595,0.31629826685962914,0.018347917477174767,0.2746604382991791,0.4693562090396881,-0.839205801486969,-0.004091342445462942,-0.0037365679163485765,0.004454627633094788,-0.012898528017103672,-0.018993528559803963,0.0017653804970905185
1724162849.4034672,-0.24033331137975622,0.15042537000030254,-0.029343503836138488,0.9585149665449633,-0.4887857475786112,0.3158666335102885,0.018182010964115095,0.27426549792289734,0.46955418586730957,-0.8392242193222046,0.004811231978237629,0.006422961130738258,-0.015669770538806915,-0.016518577933311462,0.033169250935316086,0.0028031528927385807
1724162849.437138,-0.24045886462056754,0.15093158013311717,-0.02981140325554479,0.9583894489008907,-0.48918365327364377,0.3167704157305647,0.017496657098165724,0.27496564388275146,0.46990543603897095,-0.8387984037399292,0.0009512107935734093,0.0004168902523815632,-0.0047710854560136795,-0.002959446981549263,0.030133647844195366,-0.021543562412261963
1724162849.4944549,-0.24067430593140227,0.1514491431286247,-0.030456828077943452,0.9582334250336368,-0.4898229344144404,0.31762312200256804,0.01646727566608015,0.27558690309524536,0.4704696536064148,-0.83827805519104,-0.004230741411447525,0.003593622473999858,0.0012694988399744034,-0.014271054416894913,0.028082264587283134,-0.02038005366921425
1724162849.548326,-0.2412074309787732,0.15156886522611687,-0.03093889179280476,0.9580650436780102,-0.49106302189321493,0.3177374646649415,0.015690855379809177,0.27550026774406433,0.47156357765197754,-0.8376917243003845,-0.005031344015151262,0.004587972071021795,0.0017964261351153255,-0.03501426428556442,0.0073304190300405025,-0.012736628763377666
1724162849.5774698,-0.24184599145250635,0.1516708034715966,-0.031050483236070486,0.957884220629278,-0.4923973807961073,0.31802875567016253,0.015747795480062665,0.2755472660064697,0.4727398157119751,-0.8370129466056824,-0.0024018073454499245,0.002983049489557743,0.0015807822346687317,-0.029035218060016632,0.011147293262183666,-0.003615397959947586
1724162849.60834,-0.24211595289287857,0.1516618984950033,-0.03101354225994116,0.957818682232213,-0.4929350078720667,0.31808097043117006,0.015925374265027548,0.2755114436149597,0.4732135236263275,-0.8367570638656616,0.000473809486720711,0.002032260177657008,-0.004925002343952656,-0.0013805762864649296,0.015002411790192127,0.013028816320002079
1724162849.657228,-0.24215624708772465,0.15175676538050825,-0.03096259573754575,0.9577950881938585,-0.4929987852031135,0.3183274005628556,0.01610441998713495,0.2757081985473633,0.4732697010040283,-0.8366605043411255,-0.0001506083062849939,-0.001411240198649466,0.004244157578796148,0.00226189149543643,-0.019677504897117615,-0.0028675287030637264
1724162849.688922,-0.24206211029920466,0.1519780298652715,-0.030978454043496143,0.9577833004728383,-0.49280863847148904,0.31879383793896626,0.016158286965020623,0.2761266231536865,0.4731021821498871,-0.8366172313690186,0.004116876982152462,-0.004282685462385416,-0.0019520679488778114,0.012164270505309105,0.030897656455636024,-0.010865914635360241
1724162849.7375789,-0.24179284478362362,0.15239543958182622,-0.0312609720779536,0.9577757663446138,-0.4923461923660373,0.3195214417056942,0.015676810540558653,0.27680397033691406,0.4726947247982025,-0.8366237282752991,0.0,0.0,0.0,0.021308941766619682,0.02784479223191738,-0.009309496730566025
1724162849.788731,-0.2415197087050402,0.1529408984891956,-0.03137783509377848,0.9577539637848014,-0.4918198543755102,0.3206218214460172,0.015624438936201733,0.2778027653694153,0.47223082184791565,-0.8365546464920044,0.003235603217035532,0.002562570618465543,-0.0017295250436291099,0.016468625515699387,0.03525887802243233,0.00916262436658144
1724162849.865274,-0.2413128873101123,0.15361732036399994,-0.031271530369621194,0.9577013071108218,-0.4913527495717621,0.3221451122906119,0.016153794910441787,0.27914655208587646,0.47181904315948486,-0.8363396525382996,0.004304270725697279,2.0894338376820087e-05,-0.0007391218096017838,0.015168636105954647,0.0400700569152832,0.0017281643813475966
1724162849.8790479,-0.2412426401193514,0.15402098974203815,-0.03110681180699595,0.9576595277173923,-0.49114837825016733,0.3231180524214471,0.0167092464786098,0.2799907624721527,0.47163882851600647,-0.8361590504646301,0.0018473268719390035,0.0008355971076525748,0.00303983548656106,0.003275980707257986,0.0018072804668918252,0.008806497789919376
1724162849.886345,-0.241131560035655,0.15420828309748788,-0.030944648728822462,0.9576626335842966,-0.4908653197770166,0.3235992900372442,0.017122355402792555,0.28043556213378906,0.4713892340660095,-0.8361507654190063,0.002266000024974346,0.0006995105068199337,0.0003130082623101771,0.00015424180310219526,-6.622698856517673e-05,0.011218592524528503
1724162849.961279,-0.24108031881178604,0.15421266468452,-0.03076895450572122,0.957680498822494,-0.49070267466484147,0.32369186207696565,0.01748568411416262,0.28053733706474304,0.47124576568603516,-0.8361974954605103,0.0015608693938702345,0.0009367536986246705,-0.0012060471344739199,0.0040398393757641315,9.0753601398319e-05,0.013206297531723976
1724162849.973866,-0.24101764053483218,0.15413412997048467,-0.030528378887470745,0.9577166183849667,-0.49049675071653137,0.32363168649626817,0.01793887820066861,0.2805178761482239,0.47106415033340454,-0.8363063335418701,0.0036578683648258448,-0.0012211458524689078,0.0006225670222193003,0.011509735137224197,-0.006758091039955616,0.004902362357825041
1724162849.993482,-0.24089401502762742,0.15393507679707724,-0.03041438203596986,0.9577833868994505,-0.49021122866537,0.32322401882320295,0.018027155449999388,0.2802196443080902,0.47081226110458374,-0.8365481495857239,0.0003415938117541373,0.0020671901293098927,0.002047707559540868,-0.005391847342252731,-0.022950034588575363,-0.0010814507259055972
1724162850.034817,-0.2409020712663823,0.15363466938156692,-0.030177025662043316,0.9578370500775386,-0.4901546477335799,0.3226819193028679,0.0183771057174664,0.27977454662323,0.47076234221458435,-0.8367251753807068,0.0018289341824129224,-0.0006105729262344539,0.00031128351110965014,0.007205463945865631,-0.006778985261917114,0.005641484167426825
1724162850.095962,-0.24060263657469166,0.15356997724564278,-0.03007172519486206,0.9579259868625574,-0.4895120121895427,0.32253407999102496,0.018453803627397604,0.2797466814517975,0.4701952636241913,-0.8370532989501953,-0.0024018073454499245,0.002983049489557743,0.0015807822346687317,0.012009162455797195,-0.00840475782752037,0.023247582837939262
1724162850.1501179,-0.24023764576230655,0.15316425896035543,-0.02947214109327091,0.9581011794840724,-0.48857954629201494,0.3218744918259904,0.019386318310636506,0.27933308482170105,0.46937212347984314,-0.8376531600952148,0.007121159229427576,0.000549388350918889,-0.010125651024281979,0.01581408828496933,-0.002396870870143175,0.02493090182542801
1724162850.183711,-0.2400420056451608,0.15334971076261944,-0.029036310384604927,0.9581338790911483,-0.4880338440518307,0.3224774561957798,0.02035721379271041,0.27991923689842224,0.4688901901245117,-0.837727427482605,-0.00011386460391804576,-0.0006890633376315236,-0.000682569167111069,-0.0008301625493913889,-0.007023087237030268,0.015611492097377777
1724162850.234997,-0.24010830453137824,0.15313399043583928,-0.0288256476069738,0.9581581221659953,-0.4881036344021787,0.3221214210004804,0.02071925527915604,0.27961060404777527,0.4689518213272095,-0.8377959728240967,0.0,0.0,0.0,-0.005935077089816332,-0.008219794370234013,0.00649371137842536
1724162850.240602,-0.2402807800336232,0.15290227208867657,-0.028712118885955762,0.9581552894168162,-0.4884219043658033,0.3216999975941702,0.020903063927714797,0.27921029925346375,0.4692329168319702,-0.8377720713615417,-0.0002828655415214598,-0.0035464733373373747,0.0008330366690643132,-0.010768377222120762,-0.016781620681285858,-0.006411651615053415
1724162850.292319,-0.2405959350086781,0.1524702837850257,-0.028701659354674197,0.9581453681236696,-0.4890688066217165,0.32080712126437505,0.02080728574485038,0.2783663868904114,0.4698040783405304,-0.8377328515052795,0.0022879429161548615,-0.003672112710773945,-0.0022633513435721397,-0.015270775184035301,-0.007993042469024658,-0.011738402768969536
1724162850.33499,-0.24088616158989615,0.1522455769359299,-0.028960074421134817,0.9581003997948249,-0.48974892534919606,0.32022846192509646,0.020234105085730168,0.2777809202671051,0.47040435671806335,-0.8375902771949768,0.0015828122850507498,-0.003434869460761547,-0.0037824069149792194,-0.011429146863520145,-0.003433142090216279,-0.025365637615323067
1724162850.3747292,-0.24118356571788543,0.1519898277781024,-0.029489140877548094,0.9580500410450518,-0.4905328234231111,0.3194382988807221,0.019059192369001624,0.27700313925743103,0.4710959494113922,-0.837459146976471,0.0014102194691076875,-0.002644649473950267,-0.0073457201942801476,-0.008248204365372658,0.01881556585431099,-0.03717920184135437
1724162850.408972,-0.241522761109399,0.15155975426368842,-0.029927586192158826,0.9580191184029561,-0.4913748071664178,0.3183148790613365,0.017998171740422772,0.27593788504600525,0.47183847427368164,-0.8373928070068359,0.003386211581528187,0.003973810933530331,-0.00597368273884058,-0.023129824548959732,0.004839162342250347,-0.026176035404205322
1724162850.4565291,-0.24188380764795772,0.15139885385576723,-0.030386863288300675,0.9579389903916511,-0.49226246994407,0.31778307489995544,0.01704941690229084,0.2753615379333496,0.4726209342479706,-0.837141215801239,0.0010318818967789412,-0.005434016231447458,-0.004466700833290815,-0.004884452559053898,0.0031363526359200478,-0.03867814317345619
1724162850.5149078,-0.2421365884371121,0.1512798411285462,-0.0311603000530181,0.9578690730403769,-0.4930310866751559,0.3171551529549801,0.015400493784940239,0.27472245693206787,0.47329816222190857,-0.8369685411453247,0.0013734757667407393,-0.0033668263349682093,-0.002418993040919304,-0.01124538667500019,0.0023479049559682608,-0.0396154448390007
1724162850.5266361,-0.2421221838453705,0.1514309304398238,-0.032224890573709954,0.9578136711562681,-0.4933460362957538,0.31692158881256377,0.013169443103355261,0.2744804918766022,0.47357556223869324,-0.8368910551071167,0.0010834680870175362,0.0025521237403154373,-0.0013599640224128962,0.002453701803460717,0.01817692071199417,-0.05229158326983452
1724162850.558869,-0.2423863703746474,0.15167956288057924,-0.03326128560484392,0.9576720055241881,-0.49421803046123214,0.31697260531268445,0.011158777819773712,0.27439436316490173,0.4743434190750122,-0.8364843130111694,-0.006324148736894131,0.0021038916893303394,0.004519803915172815,0.0020350285340100527,0.018313009291887283,-0.049564752727746964
1724162850.606282,-0.2420285486468903,0.15083541977447462,-0.033154697572506345,0.9578995161192206,-0.4934644601233805,0.31508016241260905,0.010781688832812374,0.2729215919971466,0.47367987036705017,-0.8373417258262634,-0.010312318801879883,0.01433960348367691,0.015187903307378292,0.04741865023970604,-0.08140341937541962,0.05191272124648094
1724162850.6573858,-0.2405257476528224,0.14937043253990032,-0.03115708461383736,0.9585744548385312,-0.48977977983466425,0.31259794691587783,0.013737510718604688,0.27137720584869385,0.4704315662384033,-0.8396716713905334,-0.0016302900621667504,0.015825746580958366,0.003856206778436899,0.0865606889128685,-0.0974489226937294,0.10908553749322891
1724162850.703682,-0.2389476945076899,0.14785278484695752,-0.02843820555598556,0.95928866366641,-0.48572425217492554,0.31035844447214816,0.01820364386552621,0.2700765132904053,0.4668489694595337,-0.8420870900154114,0.010224547237157822,0.0031468889210373163,-0.004882465582340956,0.08362279832363129,-0.08920106291770935,0.11801548302173615
1724162850.7549381,-0.23726441897226055,0.1470890467717605,-0.027102560575086563,0.9598623180467776,-0.4818906317229029,0.30904134590438465,0.020053409202644135,0.26950952410697937,0.46345534920692444,-0.8441408276557922,0.016537444666028023,-0.009868595749139786,-0.012356813997030258,0.1082308366894722,-0.011378136463463306,0.01578650064766407
1724162850.766654,-0.23567839035790875,0.1473709213087301,-0.028299333082651094,0.9601752844074877,-0.47903851347417914,0.3087507171670973,0.01703822210919501,0.2696647346019745,0.4609261453151703,-0.8454750180244446,0.02357027493417263,-0.018027525395154953,-0.020662473514676094,0.09963925927877426,0.09209547936916351,-0.09841584414243698
1724162850.808576,-0.23339340391783062,0.14927946733412956,-0.033339431075269266,0.9602768298087608,-0.4759671819976035,0.30998282504890046,0.006358280861247539,0.2711368203163147,0.45819833874702454,-0.8464863300323486,0.012813189998269081,-0.021727390587329865,-0.013735750690102577,0.17404790222644806,0.18398483097553253,-0.2818344235420227
1724162850.858957,-0.23033348782643356,0.15212882197875216,-0.040870314279486446,0.9602774809256112,-0.4721512569918232,0.31195948708979787,-0.009446622289026582,0.27334415912628174,0.4548032283782959,-0.8476065993309021,-0.00973234511911869,0.00033154114498756826,0.0026860153302550316,0.18122470378875732,0.21072721481323242,-0.2960566282272339
1724162850.9111528,-0.2269426512760637,0.15487663811105193,-0.04797409989902156,0.9603169653200174,-0.4675873094806816,0.313970790252907,-0.024473680138198645,0.2756865918636322,0.45073390007019043,-0.8490205407142639,-0.006750005763024092,0.009535238146781921,-0.002911207266151905,0.1969510316848755,0.22581683099269867,-0.26082026958465576
1724162850.922802,-0.22380948416533047,0.15743134121757008,-0.05353782972642076,0.9603427598663424,-0.4631010819664225,0.31644347102152054,-0.03617768259903019,0.27841153740882874,0.44672471284866333,-0.8502494096755981,-0.014546694234013557,0.019410694018006325,0.000994653208181262,0.16961845755577087,0.1722104400396347,-0.16861188411712646
1724162850.964983,-0.22152590607574651,0.15916143196182786,-0.056511240537633955,0.9604167439529097,-0.4595035407926435,0.3185284699637493,-0.04244616797608898,0.2806851863861084,0.443503201007843,-0.8511878252029419,-0.01871870830655098,0.021525032818317413,0.005144896451383829,0.10430316627025604,0.08028574287891388,-0.05094499886035919
1724162851.0011148,-0.22051304579213743,0.15967813878266204,-0.056749502528666604,0.96055004794161,-0.4575494372677971,0.31943657587291124,-0.043038172072305016,0.28172966837882996,0.4417509436607361,-0.8517537713050842,-0.009875294752418995,0.013479524292051792,0.004805798642337322,0.028234822675585747,0.0006978713208809495,0.056061480194330215
1724162851.053518,-0.2202514566459734,0.15969068692053923,-0.055803732759850275,0.9606633244593691,-0.45670996551746795,0.31989458144053695,-0.041095296040791734,0.282236248254776,0.4409976601600647,-0.8519763946533203,0.0020050774328410625,-0.0072185867466032505,-0.0014303147327154875,0.019699769094586372,0.0021004360169172287,0.047686267644166946
1724162851.082643,-0.21987462316181913,0.15965414982089196,-0.05548536430184545,0.9607741413504707,-0.4558399375624427,0.31992590513260355,-0.040561690583817665,0.2823835015296936,0.44021666049957275,-0.8523313999176025,0.006981243379414082,-0.016145067289471626,-0.011412396095693111,0.04830999672412872,0.03775313124060631,-0.0014614321989938617
1724162851.116448,-0.2192267949692017,0.16011312503803798,-0.05644921611282108,0.960789717971205,-0.4548618577526573,0.32039611313705063,-0.042613979216786696,0.2829197347164154,0.43933823704719543,-0.8526068329811096,0.001927956473082304,-0.0071854726411402225,-0.0070396107621490955,0.025106601417064667,0.03680761530995369,-0.03855167329311371
1724162851.1524901,-0.21854743949317462,0.16070004595321963,-0.057522831393883915,0.9607827800501584,-0.45386341067651187,0.32109372002824027,-0.04484649654710771,0.28365272283554077,0.43844106793403625,-0.8528250455856323,0.0039442842826247215,-0.0034924657084047794,-0.005515381693840027,0.02939658612012863,0.055759355425834656,-0.038838814944028854
1724162851.2033591,-0.21786082273922927,0.16149563724761046,-0.058002230118885174,0.960776457934745,-0.45266681836830097,0.322537222272494,-0.04570471829784488,0.28504958748817444,0.43736532330513,-0.852911651134491,0.00026447296841070056,0.0021003035362809896,-0.0035615884698927402,0.021985027939081192,0.04361475631594658,0.005395740736275911
1724162851.261138,-0.21742240438473423,0.1619688975337469,-0.05752791126388996,0.9608246387451995,-0.4516437669786612,0.3237567267329771,-0.04460271387660442,0.2862316966056824,0.43644508719444275,-0.8529871702194214,0.0009144670912064612,-0.00030528646311722696,0.00015564175555482507,0.022770438343286514,0.020012449473142624,0.04026905447244644
1724162851.294972,-0.2172547432367315,0.16199026825250126,-0.05650391879898755,0.9609197010319223,-0.4509657031568269,0.32427479362263845,-0.04246166898470261,0.28676778078079224,0.4358349144458771,-0.8531190752983093,0.00022772920783609152,0.0013781266752630472,0.001365138334222138,-0.007286917883902788,-0.02239842340350151,0.06015388295054436
1724162851.342335,-0.21738476120991332,0.1618809238614456,-0.055587718368516954,0.9609621527969815,-0.4509205304099995,0.32448692744154606,-0.04051399304253112,0.2869550287723541,0.43579423427581787,-0.8530768752098083,-5.51363336853683e-05,-0.0021683466620743275,0.002198175061494112,-0.01836377941071987,-0.039047591388225555,0.03130504488945007
1724162851.358444,-0.21750982865397692,0.16113420135225756,-0.05458097061509206,0.9611171342069451,-0.4508097945546355,0.32334248158359086,-0.03869544312989335,0.28599387407302856,0.4356945753097534,-0.8534504771232605,-0.0035475539043545723,0.007728002034127712,0.005364913493394852,-0.014449529349803925,-0.07241197675466537,0.05315644294023514
1724162851.387399,-0.21791847343438658,0.15964714398464686,-0.0520581357613649,0.9614125597176906,-0.4507502589197059,0.32133086478031164,-0.033911479236276444,0.28428468108177185,0.43564099073410034,-0.8540486693382263,-0.0067132203839719296,0.012427577748894691,0.002545896451920271,-0.05434981361031532,-0.1320018321275711,0.1339411586523056
1724162851.438696,-0.21906290761351535,0.15758213291750572,-0.04823504100328993,0.9616926117213183,-0.4517540804324128,0.31876844072479027,-0.026383209266815276,0.28195813298225403,0.4365443289279938,-0.8543586134910583,-0.0017773481085896492,0.008596712723374367,0.0027954529505223036,-0.08193885535001755,-0.15780533850193024,0.18415307998657227
1724162851.485869,-0.22019632106810186,0.15533541961092065,-0.04368123402365763,0.9620168218560045,-0.4525225999773928,0.3161710523030277,-0.01738636588589185,0.27963367104530334,0.43723562359809875,-0.8547689914703369,0.002857265993952751,-0.00022679605172015727,0.0011494944337755442,-0.062092188745737076,-0.15715651214122772,0.19136478006839752
1724162851.517086,-0.220887713696843,0.15322047755252374,-0.03924761009574628,0.9623885110187868,-0.45246817821980106,0.31375685056895786,-0.008732723068948279,0.27757662534713745,0.43718668818473816,-0.8554642200469971,0.00777474557980895,-0.005503831431269646,-0.0013295009266585112,-0.04755575582385063,-0.14159967005252838,0.1732349693775177
1724162851.548903,-0.22138452892221475,0.15146166490773572,-0.03532076289755548,0.9627048292813035,-0.45221103945366387,0.3118587038952416,-0.0010499357535717234,0.27598682045936584,0.43695539236068726,-0.8560965061187744,0.007910553365945816,-0.009186390787363052,-0.0032232915982604027,-0.04734247550368309,-0.12997135519981384,0.13351678848266602
1724162851.604759,-0.2220792127906776,0.15004960624421415,-0.03275472901501438,0.9628567582250156,-0.45280615256561874,0.31010337730781334,0.003969629228298777,0.27440425753593445,0.4374906122684479,-0.8563318848609924,0.019438596442341805,-0.018838636577129364,-0.01636003702878952,-0.04994063451886177,-0.03727138042449951,0.0487513467669487
1724162851.6538649,-0.22260666442530108,0.15033401091223775,-0.03301060874987594,0.962681726073735,-0.4539556443284421,0.3106879188079368,0.0037534445709799177,0.27475082874298096,0.4385239779949188,-0.8556919097900391,0.021252688020467758,-0.0267131756991148,-0.02408221922814846,0.00520263472571969,0.10320153087377548,-0.08549075573682785
1724162851.738714,-0.22198563795087017,0.15207154600802872,-0.036031422071008144,0.9624439151697549,-0.4536576762309428,0.31294736317909655,-0.00204822673761288,0.2767237424850464,0.438256174325943,-0.8551932573318481,-0.0006831876235082746,-0.004134380258619785,-0.004095415119081736,0.04689411818981171,0.1155795082449913,-0.1468568742275238
1724162851.7510161,-0.22103896129559922,0.15376528139477125,-0.03907405692354945,0.962273982090536,-0.4527237936713082,0.3150580463705445,-0.008032989590536565,0.27865487337112427,0.43741655349731445,-0.8549960255622864,-0.016621708869934082,0.01936713233590126,0.006973510142415762,0.031850289553403854,0.07393627613782883,-0.09113039821386337
1724162851.787566,-0.22098579483076922,0.1541356134182157,-0.03976798784462202,0.9621984508712048,-0.4528429570333769,0.31552952102382503,-0.009348185944721296,0.27904176712036133,0.4375237226486206,-0.8548150062561035,-0.016012050211429596,0.01988699473440647,0.010538548231124878,-0.02131604216992855,-0.016209205612540245,0.019919320940971375
1724162851.792433,-0.22145527620353206,0.15315626408914818,-0.03816669656412613,0.9623117657915884,-0.45327145460927065,0.3142194688375316,-0.006253518027877371,0.2778637111186981,0.43790897727012634,-0.8550014495849609,-0.007642487995326519,0.00763906491920352,0.004740621894598007,-0.02289656177163124,-0.07547492533922195,0.09677878022193909
1724162851.851163,-0.2216179900170673,0.15168451182667222,-0.03584564495071071,0.9625966173018287,-0.4528520851590463,0.3121310913381766,-0.0019770411231822167,0.2761339247226715,0.4375319182872772,-0.855754554271698,-0.0006464023026637733,-0.001242040190845728,0.001361688831821084,0.0189850814640522,-0.09963947534561157,0.09742043912410736
1724162851.9012542,-0.22126122017346214,0.14990564966549297,-0.03370002784696742,0.9630347613744284,-0.4514471296178021,0.30920520429035603,0.0015870098526126178,0.27381569147109985,0.436268150806427,-0.8571435213088989,0.0012228675186634064,-0.004778066650032997,0.0018251645378768444,0.028930312022566795,-0.10585685819387436,0.08806610107421875
1724162851.913443,-0.22009800282715813,0.14796979734370372,-0.03142964006773209,0.9636772588974781,-0.4483821254700653,0.305867975094949,0.0050598416495903995,0.2713550627231598,0.43350815773010254,-0.8593236207962036,0.01415403001010418,-0.005439376458525658,-0.008047479204833508,0.0692262351512909,-0.09023360908031464,0.12704819440841675
1724162851.9896,-0.2180798030701155,0.1474598442318519,-0.029580947092163655,0.9642725783488844,-0.4437184115258727,0.3053107586532122,0.008047191069901717,0.2714809477329254,0.4293007552623749,-0.8613935708999634,0.009890095330774784,-0.00838572345674038,-0.007156165782362223,0.08623895794153214,-0.030336327850818634,0.08330357074737549
1724162852.0012689,-0.21614035405375454,0.14773988519365683,-0.028436138135593234,0.9647007339798623,-0.43943014642261763,0.30615120611415025,0.009945393758044834,0.2727571427822113,0.42542383074760437,-0.8629125356674194,0.006136754993349314,-0.006407471839338541,-0.005732750054448843,0.07576564699411392,0.01104908250272274,0.05444899946451187
1724162852.04848,-0.21469053750292014,0.14835091982556123,-0.02780326302174091,0.9649491924496567,-0.4362903178820372,0.3075465924812916,0.011079695011964423,0.27436399459838867,0.42258021235466003,-0.8637999892234802,0.003121738787740469,0.001873507397249341,-0.0024120942689478397,0.04277125746011734,0.016254715621471405,0.03793168440461159
1724162852.0784059,-0.21418250756457966,0.1488873666215143,-0.027338213594157012,0.9649927252319053,-0.43510955678518465,0.3088483663654473,0.012147955063341867,0.27563971281051636,0.4215097725391388,-0.86391681432724,0.000624459411483258,0.005613663233816624,0.001214670715853572,0.0003380851703695953,0.010055145248770714,0.01773644983768463
1724162852.10854,-0.21440667499976296,0.14865724479084555,-0.02739835794399865,0.9649766825764963,-0.4355849608790192,0.30835518771201376,0.011988350173317607,0.2751527726650238,0.42194080352783203,-0.863861620426178,-0.0016012049745768309,0.001988699659705162,0.0010538548231124878,-0.02767004258930683,-0.03731389343738556,-0.033163122832775116
1724162852.163484,-0.21588017986778207,0.14753320840141598,-0.027876344931525195,0.9648070021513727,-0.43873077795147086,0.30591891162257173,0.01094520711022378,0.2726462483406067,0.42479079961776733,-0.8632594347000122,0.0017666141502559185,0.004516340792179108,-0.0076483795419335365,-0.10491935163736343,-0.044992513954639435,-0.06002911925315857
1724162852.1942449,-0.21806616114209684,0.14621676428386535,-0.028262838780637862,0.9645045293198926,-0.4432931155694887,0.3032121480745818,0.010240556987361309,0.26972711086273193,0.4289166033267975,-0.862135648727417,-7.352902321144938e-05,-0.003614516695961356,-0.0005303769721649587,-0.1051255315542221,-0.0682564228773117,-0.030920740216970444
1724162852.2485309,-0.21987710510691946,0.14512490588533505,-0.027812027502396586,0.964271359537426,-0.4468365309885046,0.3013275582209927,0.011291430158609289,0.2676491141319275,0.432114839553833,-0.8611856698989868,0.002442142926156521,-0.005908502731472254,-0.0014285899233072996,-0.06914816051721573,-0.03372322395443916,0.00925245601683855
1724162852.301193,-0.22042194789687766,0.14448759796301425,-0.02698713938116991,0.9642660915209761,-0.4476956482584598,0.3004134805926548,0.01292503383844725,0.26675185561180115,0.4328894317150116,-0.8610749840736389,0.003224352840334177,-0.008349021896719933,-0.0046840691938996315,-0.0030267001129686832,-0.02231493405997753,0.023032154887914658
1724162852.312823,-0.2198054079365406,0.14438210407139793,-0.02608466327312928,0.9644474370919082,-0.44617022382038274,0.30051077771544604,0.014585673314060436,0.26703080534935,0.43151384592056274,-0.8616787791252136,-0.0004370657552499324,-0.0013100834330543876,-1.7247512005269527e-06,0.02863817848265171,-0.028556659817695618,0.05758340284228325
1724162852.351153,-0.2190327777352796,0.14425008489088625,-0.025278279671734565,0.9646644464590451,-0.4443588184570548,0.3004766585902976,0.015972651992643784,0.2672322988510132,0.4298790693283081,-0.862433135509491,-0.0017150696367025375,0.0012996362056583166,0.00037128565600141883,0.03187010809779167,-0.026686787605285645,0.030007295310497284
1724162852.409935,-0.2186467533614347,0.14369718196152315,-0.024869582312037238,0.964845172065591,-0.44346061613533005,0.29939810675257916,0.01643792408635463,0.2664157450199127,0.4290679097175598,-0.8630894422531128,-0.004083683714270592,0.010822655633091927,0.0023302524350583553,-0.001146695576608181,-0.03896401450037956,0.028348557651042938
1724162852.4587379,-0.21891559282092568,0.14298914419477396,-0.02439105655726729,0.9649015801572672,-0.4438718379372044,0.2981213529893906,0.017202977104173643,0.2652617394924164,0.42943933606147766,-0.8632601499557495,-0.004748478531837463,0.008134446106851101,0.0009633894660510123,-0.044306859374046326,-0.03621439263224602,0.02997828647494316
1724162852.470382,-0.22004607507868998,0.14185628504121084,-0.02372673048947538,0.9648282250046721,-0.4459829570963678,0.2961473143879935,0.01845109894439919,0.26329195499420166,0.4313448965549469,-0.8629130721092224,0.006665701046586037,-0.002206864533945918,-0.01285592745989561,-0.07130799442529678,-0.050463054329156876,0.001362561946734786
1724162852.561822,-0.22135194664347885,0.1416128974876988,-0.023631541108759018,0.9645675487590819,-0.4486070904517753,0.2958780471615547,0.018983556368880813,0.26272863149642944,0.43371087312698364,-0.8618981838226318,0.002585609210655093,0.004968160763382912,-0.005446755327284336,-0.0832802951335907,-0.034825634211301804,0.0043397461995482445
1724162852.571002,-0.22282680040025896,0.1416649024355004,-0.023810750784514157,0.9642158651746958,-0.4516520990555082,0.29615390688719,0.01913592940387887,0.2625797390937805,0.43645256757736206,-0.8605585694313049,-0.00032320115133188665,-0.000621020095422864,0.000680844415910542,-0.08334572613239288,-0.004196605645120144,-0.02098105102777481
1724162852.584303,-0.2238161553073708,0.14200179925044576,-0.02418545094732724,0.9639278025126886,-0.45376651092807924,0.2968786113531707,0.018846788782097477,0.26293277740478516,0.4383539855480194,-0.8594836592674255,-0.002585609210655093,-0.004968160763382912,0.005446755327284336,-0.03413303196430206,-0.0016850006068125367,-0.023343002423644066
1724162852.632856,-0.22411515328033624,0.1421780047321542,-0.0241789084026166,0.9638325369922004,-0.4543678289754034,0.2973188422495342,0.01905392620619188,0.26323384046554565,0.4388943910598755,-0.8591156601905823,0.0015093248803168535,-0.004879223182797432,0.006071046926081181,0.0036210829857736826,-0.004113486036658287,-0.004834537394344807
1724162852.664932,-0.2236887388732605,0.14221679325642356,-0.024103335845885514,0.9639277432936428,-0.45347878842850103,0.29736779732828067,0.019087039592347126,0.26339012384414673,0.438095360994339,-0.8594754934310913,1.839266042225063e-05,0.0014461700338870287,0.0027285520918667316,0.03630707040429115,-0.004846338648349047,0.010013250634074211
1724162852.719514,-0.2228575015350406,0.14227532793803363,-0.023776232600008416,0.9641196911593702,-0.45169165147389095,0.2975123597550896,0.019527511124486755,0.26374346017837524,0.43648815155029297,-0.8601845502853394,-0.0029379369225353003,0.00607770262286067,-0.0014538788236677647,0.03908378630876541,0.0072882589884102345,0.042009852826595306
1724162852.797497,-0.22154585197642085,0.14206049373895885,-0.02284711410057722,0.964476159695128,-0.4487534339260754,0.2972642418945624,0.020950556987138207,0.26390454173088074,0.4338427484035492,-0.861472487449646,0.0037681409157812595,0.003115547588095069,-0.0037737833335995674,0.08296392112970352,0.011565358377993107,0.04993264004588127
1724162852.809665,-0.2200297499075635,0.14214608963377712,-0.021882221563846272,0.9648328617615151,-0.44538439886794207,0.2976511028946,0.022526670120635812,0.2646649479866028,0.4308048188686371,-0.8627628087997437,0.002934345044195652,-0.002430072519928217,-0.0036250401753932238,0.08684233576059341,0.019017601385712624,0.04176250845193863
1724162852.851265,-0.21888499622727464,0.14231309980812226,-0.02142894346930103,0.9650787632514497,-0.4429224807247825,0.2980338038199227,0.02317761341327595,0.265305757522583,0.42858177423477173,-0.86367267370224,-0.0032060020603239536,0.007625029422342777,-0.0029712095856666565,0.0336480550467968,-0.006918527185916901,0.046081122010946274
1724162852.902464,-0.21868125753784784,0.14211050396038113,-0.020948909013004065,0.9651653696864538,-0.44236861167273667,0.2977821505995615,0.02403077097117011,0.2651579976081848,0.4280812740325928,-0.8639662265777588,0.0022404235787689686,0.006548600737005472,-0.012573381885886192,-0.0318341888487339,-0.009789515286684036,0.020781895145773888
1724162852.9075398,-0.2198998190423197,0.14193817068466708,-0.02109097275901083,0.9649106858493183,-0.4448855775984794,0.29754862961045886,0.02406736296701018,0.2646394968032837,0.43035459518432617,-0.8629952669143677,0.0006280096713453531,-0.00020412984304130077,-0.004090240690857172,-0.08455786108970642,-0.012531589716672897,-0.017953287810087204
1724162852.9622998,-0.2217243118122013,0.14169358167465657,-0.02140348337645187,0.9645222119185305,-0.44868549869578017,0.29718146456117733,0.023914733565721706,0.2638418674468994,0.43378153443336487,-0.8615224957466125,0.004943014122545719,-0.01329628936946392,2.3564265575259924e-05,-0.07224038243293762,-0.02974945679306984,-0.013803845271468163
1724162853.021167,-0.22237180871482135,0.14183438684950192,-0.022345773190481328,0.964331024139447,-0.4502813594066476,0.2971508447176713,0.022196586619260446,0.26361244916915894,0.435218870639801,-0.8608675599098206,-0.002486545592546463,-0.009372897446155548,0.008479692041873932,-0.020302286371588707,-0.012085724622011185,-0.05147729814052582
1724162853.0267591,-0.22230883316145902,0.14191015558008613,-0.023030997594664038,0.9643182885363139,-0.45035993898620735,0.29697739255180083,0.020747390365434958,0.2634531259536743,0.4352896213531494,-0.8608806133270264,-0.0026994738727808,-0.0056572239845991135,0.004764186218380928,0.015189938247203827,0.005163297988474369,-0.03010130673646927
1724162853.074895,-0.22167849415442123,0.14202430737807806,-0.022980549641508242,0.9644478323469373,-0.44906372738266315,0.2971439382241948,0.0206933842939642,0.2637614905834198,0.4341222941875458,-0.8613755106925964,-0.0010686672758311033,0.0025416763965040445,-0.0009904031176120043,0.03115125000476837,0.018676111474633217,0.03742567449808121
1724162853.141259,-0.22049061811581522,0.14218119121027906,-0.0223117930575157,0.9647126549525046,-0.44644844901211717,0.2976030171234366,0.021787310746127813,0.26448890566825867,0.4317648112773895,-0.8623368144035339,-0.0020234698895365,0.005772416479885578,-0.0012982371263206005,0.05890092998743057,0.0020898045040667057,0.07468994706869125
1724162853.168336,-0.21898110776368784,0.14230253221917932,-0.020632258881238104,0.9650759038020089,-0.44287496033523766,0.2984015545471755,0.02490479782812781,0.2656293213367462,0.42853882908821106,-0.8635945320129395,-0.0046494146808981895,0.0037297087255865335,0.00399632565677166,0.06517305970191956,-0.027684547007083893,0.08972945064306259
1724162853.2159681,-0.21816233574173413,0.14177899893654755,-0.019470888386271933,0.9653624846145565,-0.44087680839621535,0.29766133462625655,0.026837962262204536,0.2652406096458435,0.42673259973526,-0.8646078109741211,0.004521224182099104,0.012341911904513836,-0.014610741287469864,-0.004466479644179344,-0.02768772281706333,0.04546244069933891
1724162853.2294369,-0.21892388128281745,0.14116304152808862,-0.018844802787139816,0.965292784291912,-0.44224733207075606,0.29674406839189194,0.028136749021509894,0.2642761766910553,0.42797166109085083,-0.8642906546592712,0.0037681409157812595,0.003115547588095069,-0.0037737833335995674,-0.07091797888278961,-0.017077773809432983,-0.02122795768082142
1724162853.27495,-0.22098008324389745,0.1404907228735236,-0.019339604251704792,0.9649124706909948,-0.44658385717247556,0.2954042472237173,0.02746602191638436,0.2625751495361328,0.4318869411945343,-0.8628603219985962,0.008880156092345715,-0.0073233311995863914,-0.0052658249624073505,-0.11838976293802261,-0.015734435990452766,-0.0705522671341896
1724162853.326163,-0.22364496461300523,0.14006902213660322,-0.02004869292668653,0.9643451548302526,-0.452214246106988,0.2946130881265696,0.02666711762040003,0.26118218898773193,0.43695828318595886,-0.8607271909713745,0.008979219943284988,-0.011728067882359028,-0.002232888014987111,-0.11166832596063614,0.012592014856636524,-0.0667370930314064
1724162853.3776999,-0.22562124179083376,0.13996086086697096,-0.020878807639744344,0.9638827835815938,-0.4564778103901667,0.29432375089210766,0.025522567558116497,0.2603903114795685,0.4407893121242523,-0.8590120077133179,-0.0016160057857632637,-0.00310510047711432,0.0034042219631373882,-0.09077173471450806,-0.006091007962822914,-0.017829833552241325
1724162853.389843,-0.2260431851313408,0.14008627678101299,-0.021665071898170334,0.9637482935747446,-0.45756781034909344,0.29428944974226695,0.024047611031423922,0.26022133231163025,0.4417674243450165,-0.8585606217384338,0.0005545222666114569,-0.001648483332246542,0.005763213150203228,0.018965262919664383,0.0009835849050432444,-0.023717250674962997
1724162853.4587169,-0.22517043581665916,0.14043224999182635,-0.021784529804858503,0.9638996024728441,-0.4558235061787238,0.29483675228285244,0.02366432086319772,0.26091471314430237,0.44020190834999084,-0.8591541051864624,0.0016012049745768309,-0.001988699659705162,-0.0010538548231124878,0.06919213384389877,0.029320303350687027,0.006362485699355602
1724162853.472206,-0.2237329448411374,0.1415395414993454,-0.021297021898224598,0.9640832199223435,-0.45273107465385476,0.2972469134433505,0.02476735840047531,0.26338210701942444,0.43742311000823975,-0.8598202466964722,-0.006419620476663113,0.0028609985020011663,0.006565786432474852,0.0758759155869484,0.01538577675819397,0.05005264654755592
1724162853.520994,-0.22259466190999674,0.14173509518967994,-0.020436313048468536,0.9643366178936557,-0.45015539341065747,0.2978875150851702,0.026307477377475883,0.2642626464366913,0.43510547280311584,-0.8607255816459656,-0.0060080899856984615,0.012190335430204868,0.004064951557666063,0.03624803200364113,-0.0165408868342638,0.06095004081726074
1724162853.5497642,-0.22242143661573255,0.14134373660144045,-0.019283394744110477,0.9644577025077248,-0.4494645302917672,0.297552132398851,0.028515345009953442,0.2640620172023773,0.4344833195209503,-0.8611013293266296,-0.001755405217409134,0.004225089680403471,0.00021909346105530858,-0.006640599574893713,-0.02549670822918415,0.038024529814720154
1724162853.580902,-0.222827667902617,0.14049300261019504,-0.018487037183949128,0.9645038609493264,-0.4500725837175078,0.2961453481418493,0.029934895107753857,0.2627732455730438,0.43503090739250183,-0.8612191081047058,0.0001102726673707366,0.004336693324148655,-0.004396350122988224,-0.02301323600113392,-0.037488047033548355,0.024917541071772575
1724162853.6371589,-0.2233299461947056,0.14013006698125074,-0.01811314862621071,0.9644476026300551,-0.45098965825537746,0.29562159189456105,0.03072885542236207,0.2622057795524597,0.4358564615249634,-0.8609746098518372,0.004858751315623522,-0.0037977523170411587,-0.005359739530831575,-0.01149536669254303,-0.007832429371774197,0.0154133141040802
1724162853.668838,-0.22279047066956809,0.14044383702065905,-0.018076458233282133,0.9645273957626326,-0.4498744496775821,0.29622771514123153,0.030775059227409873,0.26286932826042175,0.4348524808883667,-0.8612799048423767,0.002666280372068286,-0.0008827458950690925,-0.005142371170222759,0.04488704353570938,0.03305714204907417,0.009438976645469666
1724162853.702452,-0.22151463583234654,0.1413463982303363,-0.018236004325612846,0.964686384472035,-0.4473074853503491,0.29789393969031247,0.030435139782182017,0.2646307945251465,0.4325394928455353,-0.8619049191474915,-0.00030840036924928427,0.004472780041396618,-0.0016695228405296803,0.06975076347589493,0.04804883897304535,0.015306234359741211
1724162853.749969,-0.2202349584189633,0.1420354742803973,-0.017935772297448034,0.9648837569018756,-0.4446005520739564,0.299309954758038,0.03096532031647106,0.26619526743888855,0.4300973117351532,-0.8626449704170227,-0.0011054109781980515,0.001819499651901424,0.003936323802918196,0.07069024443626404,0.01569964736700058,0.019862819463014603
1724162853.82371,-0.21886414792578857,0.1424120698417852,-0.017265666003848074,0.9651523228632721,-0.4416062363502444,0.30019816414485234,0.032093638913142604,0.2673410177230835,0.4273921549320221,-0.8636345863342285,-0.004491622559726238,-0.0021543113980442286,0.009910006076097488,0.07414912432432175,-0.016080666333436966,0.05975160002708435
1724162853.835573,-0.21698037636360215,0.14244942254953702,-0.016573605195752433,0.9655842157554779,-0.4375786013463505,0.30026018324718423,0.032917935825341915,0.26790153980255127,0.4237474501132965,-0.8652553558349609,0.0011605889303609729,0.0025190101005136967,0.004249332007020712,0.08427819609642029,-0.01217666920274496,0.05691511929035187
1724162853.878742,-0.21551996578763896,0.1425298954388979,-0.015691686159512296,0.9659140747626492,-0.43434973390186815,0.3005772087751041,0.03431489230648921,0.26857951283454895,0.4208206236362457,-0.8664727807044983,0.00222566444426775,0.0036249638069421053,0.00016081606736406684,0.04798533022403717,-0.0306015033274889,0.025682220235466957
1724162853.934953,-0.21524840286440036,0.1422950577458444,-0.01532732148538579,0.9660150825748943,-0.4336970211889843,0.30018402741295347,0.034880425600489706,0.2683199644088745,0.42022842168807983,-0.8668404817581177,0.0017298703314736485,0.0037941639311611652,-0.00272165285423398,-0.010121891275048256,-0.011199256405234337,0.012994321063160896
1724162853.946877,-0.21564502055941462,0.14183236645465527,-0.015274313182163324,0.9659955958468764,-0.43450016595493995,0.2992737536310526,0.03491143155810915,0.26743122935295105,0.4209570586681366,-0.8667616248130798,0.0074112084694206715,-0.003199398284777999,-0.0008008487056940794,-0.015461718663573265,-0.006478830240666866,-0.007646437268704176
1724162853.98873,-0.21578667272088684,0.14190780694594451,-0.015414730448887774,0.9659506478148524,-0.43482698594235314,0.29939911731138874,0.03469921073516212,0.26749929785728455,0.421253502368927,-0.8665965795516968,0.006269012577831745,-0.004272238351404667,-0.0023216288536787033,0.00783039815723896,0.020689163357019424,-0.005426058080047369
1724162854.0934281,-0.21550588807637047,0.1422414725872856,-0.015632647158725768,0.9659606860096948,-0.4343134081147496,0.29997418585146934,0.03429696299919583,0.26806148886680603,0.42078766226768494,-0.8666491508483887,0.005012951325625181,-0.006034142337739468,-0.004524977877736092,0.029263896867632866,0.033939801156520844,-0.019583890214562416
1724162854.106818,-0.21525616933052497,0.14266105233023027,-0.01645705079373129,0.96594087570016,-0.43404596700391107,0.300464076064728,0.03265784075870562,0.2685193121433258,0.4205450415611267,-0.866625189781189,-0.00038192939246073365,0.0008582633454352617,-0.0021998996380716562,-0.0028052879497408867,0.02572709508240223,-0.031092632561922073
1724162854.1089659,-0.21581286374929165,0.14248839344751707,-0.017334610716289004,0.9658267491554863,-0.435446894940596,0.29978458149707843,0.03090572825321204,0.2677561342716217,0.4218156337738037,-0.8662437200546265,0.006459956057369709,-0.005786451511085033,-0.006413594353944063,-0.037768565118312836,0.012678680941462517,-0.05959180369973183
1724162854.15908,-0.21662025987779807,0.14224232958835054,-0.018148848217176036,0.9656673339965802,-0.4373377535693344,0.29901585425088817,0.029338745705093757,0.26685473322868347,0.4235292971134186,-0.8656855821609497,0.002519222442060709,-0.008111778646707535,-0.006203124299645424,-0.029240695759654045,0.01857137493789196,-0.06137443333864212
1724162854.211143,-0.2176504744894661,0.14186591254620948,-0.018915310684006363,0.9654762974413942,-0.4396686189356982,0.298020686425043,0.027885147681797753,0.265702486038208,0.42563962936401367,-0.8650046586990356,-0.0015573191922158003,-0.006754546891897917,-0.004098864272236824,-0.039965104311704636,-0.0026131675112992525,-0.052171140909194946
1724162854.22336,-0.21841381106412605,0.14125131960435683,-0.019530427608012137,0.9653817465791581,-0.44141892449291814,0.29652630597669344,0.02654067916834497,0.2641914486885071,0.4272228181362152,-0.8646869659423828,0.00032320115133188665,0.000621020095422864,-0.000680844415910542,-0.0477515310049057,-0.027705252170562744,-0.031130140647292137
1724162854.268785,-0.21956380646815502,0.14040562010417432,-0.019605826659055074,0.9652427426057899,-0.44379539392999934,0.2948450441667442,0.02636388748139162,0.2624415457248688,0.42937028408050537,-0.8641560077667236,0.0012376682134345174,0.000315733632305637,-0.0005252026603557169,-0.0593571700155735,-0.0398743711411953,-0.011320475488901138
1724162854.334825,-0.22060365133496224,0.1394704282295202,-0.01948199198488504,0.9651437239746585,-0.4458919390570801,0.2930420167768466,0.02652586364427153,0.26062241196632385,0.4312627911567688,-0.8637640476226807,0.003848812310025096,-0.002735359128564596,-0.0034693984780460596,-0.04736246168613434,-0.038028936833143234,-0.029156232252717018
1724162854.381143,-0.2215980005810799,0.13877916225573095,-0.01949215563755412,0.9650153120030915,-0.44793050962813263,0.291699491335854,0.02650339302576015,0.25920918583869934,0.4331011474132538,-0.8632693290710449,0.0014470047317445278,0.00024769039009697735,-0.001888616243377328,-0.05638249218463898,-0.04522990062832832,-0.01479332335293293
1724162854.392756,-0.22269415447405091,0.13818791878818248,-0.0197428716113249,0.9648427694963913,-0.4502450128727374,0.2904771349231876,0.026048369222678686,0.2578659653663635,0.43518614768981934,-0.862622857093811,-0.00032320115133188665,-0.000621020095422864,0.000680844415910542,-0.048287663608789444,-0.024610595777630806,-0.034164804965257645
1724162854.428931,-0.22387137809692165,0.13767053290742068,-0.020309837547167975,0.9646324593477591,-0.4528158478510727,0.2892756194679024,0.024977529508411485,0.25650933384895325,0.43749934434890747,-0.8618568778038025,-0.0009144670912064612,0.00030528646311722696,-0.00015564175555482507,-0.06100952997803688,-0.02618749439716339,-0.03603940084576607
1724162854.468711,-0.22470671772041284,0.13725497384279292,-0.020864705450932507,0.9644856305420858,-0.4546861465651917,0.28824047929348384,0.02386339392515902,0.25538402795791626,0.4391803741455078,-0.8613359332084656,-0.0002900076797232032,0.005918949376791716,0.0010590290185064077,-0.032642100006341934,-0.00801039393991232,-0.020000508055090904
1724162854.521222,-0.2251937513258051,0.13709555783791527,-0.021184654829550214,0.9643877462807359,-0.4557733280493148,0.2878189648503947,0.02326214540934677,0.2548852562904358,0.44015684723854065,-0.8609851598739624,-0.0033566101919859648,0.006213788874447346,0.0012729482259601355,-0.01652679406106472,-0.007584783248603344,-0.0035579209215939045
1724162854.5374541,-0.22532277687629856,0.13695896574340294,-0.021214345617594048,0.9643763724592948,-0.45604740321100995,0.28752722019472177,0.02317284256552101,0.25459983944892883,0.44040292501449585,-0.8609437942504883,0.0008741315104998648,0.002620166866108775,3.4495024010539055e-06,0.005986146628856659,-0.007818711921572685,-0.001488592242822051
1724162854.5908709,-0.2252587491966507,0.1369200428137525,-0.02107565763409,0.964399870496553,-0.45587750939499944,0.28749858885269647,0.023428735297191604,0.25459638237953186,0.4402503967285156,-0.8610228300094604,-0.006136754993349314,0.006407471839338541,0.005732750054448843,0.011737546883523464,-0.0010396386496722698,0.02703516185283661
1724162854.65148,-0.2249672044824028,0.1370755521604077,-0.020561719161187448,0.9644569261636002,-0.45513032401830117,0.28803954878203664,0.024510504710153584,0.2551555037498474,0.4395793676376343,-0.8612000942230225,0.0021485434845089912,0.0036580772139132023,-0.005448480136692524,0.029124189168214798,0.028096158057451248,0.031048517674207687
1724162854.6815019,-0.22430411143040216,0.13742717258380296,-0.020041418662813202,0.9645722861475425,-0.45362137349428017,0.2889476121209946,0.025577418461423657,0.25612613558769226,0.43822354078292847,-0.8616029024124146,0.0018253423040732741,0.003037057351320982,-0.004767635837197304,0.04100862890481949,0.02560490369796753,0.017609110102057457
1724162854.715867,-0.2235247501453925,0.13800637792182532,-0.02002203794365035,0.9646708928463613,-0.4520182545578782,0.2900897169672074,0.025644389315974216,0.2573106288909912,0.43678197264671326,-0.8619818687438965,-0.0019096053438261151,0.00646147970110178,-0.0006156680174171925,0.04061955586075783,0.03592859208583832,0.015635201707482338
1724162854.744824,-0.22267144182425172,0.13848048319490058,-0.019956985334008213,0.9648016747520929,-0.45025470227712505,0.291010350243258,0.025729039369537715,0.25832468271255493,0.43519487977027893,-0.8624811768531799,-0.0031472735572606325,0.006145745515823364,-9.046535706147552e-05,0.04470328241586685,0.027276095002889633,0.023688780143857002
1724162854.776225,-0.22164996877196133,0.13913067358263603,-0.019652296820788773,0.9649495055789437,-0.44807406970837654,0.29240041859256205,0.02635400512505284,0.25979629158973694,0.43323054909706116,-0.8630278706550598,-0.0031288808677345514,0.007591915782541037,0.002638086676597595,0.06062764301896095,0.029215916991233826,0.04422333464026451
1724162854.827441,-0.2200637567438591,0.13973058553044934,-0.0188796099399212,0.9652412854049927,-0.4446094853111914,0.29380117144013973,0.02775401575558587,0.2614380121231079,0.4301053583621979,-0.864094614982605,-0.001318339491263032,0.005535172764211893,0.00022081815404817462,0.09278468042612076,0.024282457306981087,0.06619429588317871
1724162854.881186,-0.21809883925681467,0.1403330131903213,-0.017585812644759922,0.9656242915642858,-0.44022034745712707,0.29537777289457123,0.03012684119731997,0.2633470296859741,0.42613881826400757,-0.8654791116714478,-0.003496009623631835,0.01354397926479578,-0.001912180450744927,0.08327975869178772,0.012818298302590847,0.12406298518180847
1724162854.9484391,-0.2163294591361905,0.1406563038551991,-0.015287127341529465,0.9660142823533738,-0.43593170765434236,0.2968324736293757,0.03455936867887723,0.2651378810405731,0.42225515842437744,-0.8668347597122192,0.0021853288635611534,0.00655041728168726,8.62369779497385e-06,0.0683981403708458,-0.0011581054423004389,0.13506615161895752
1724162854.993516,-0.21526202441293302,0.14077456707375152,-0.012782375859437253,0.9662718760167487,-0.43300697085750367,0.2980445646513134,0.03956525723733893,0.26654988527297974,0.4196021556854248,-0.8676895499229431,0.0017702060285955667,0.0008687104564160109,-0.0025694607757031918,0.022784024477005005,-0.02960638701915741,0.12668447196483612
1724162855.007359,-0.2148235395744577,0.14047060686536417,-0.010442924333152843,0.9664417775500488,-0.4314217852345893,0.29836897485163477,0.04423399874848482,0.26702654361724854,0.4181627333164215,-0.8682377338409424,0.002857265993952751,-0.00022679605172015727,0.0011494944337755442,0.004207664635032415,-0.04959430918097496,0.1108403205871582
1724162855.036083,-0.21446405173641306,0.13981012346016086,-0.008486357787511457,0.9666365163388739,-0.43013171711719395,0.29775458133374855,0.047946111163820054,0.26665109395980835,0.4169905185699463,-0.8689166307449341,0.004803614690899849,-0.005966098979115486,-0.0031615644693374634,-0.003857729956507683,-0.06870666146278381,0.08397573232650757
1724162855.056229,-0.21432160437125455,0.13916953914824917,-0.0070339601905042405,0.966772187858172,-0.4294360871662705,0.2969945199230308,0.05067453355470123,0.26607540249824524,0.41635817289352417,-0.8693962097167969,0.008178617805242538,-0.010733718052506447,-0.0017059606034308672,0.009305146522819996,-0.05412331968545914,0.04749727249145508
1724162855.109655,-0.21372075180966646,0.13885126215095203,-0.006377595224967743,0.9669555371335662,-0.42803953070364253,0.29648259550803296,0.05170258651542396,0.26579993963241577,0.4150879979133606,-0.8700875639915466,0.006999677512794733,-0.012528735212981701,0.0016999859362840652,0.03831163048744202,-0.03608957305550575,0.010481318458914757
1724162855.147437,-0.21277951752854707,0.13864488246504553,-0.00617411190413127,0.9671940156280039,-0.4260862674901825,0.2959420719724349,0.05170209517391375,0.26556554436683655,0.413310170173645,-0.8710049390792847,-0.0001322572643402964,-0.0021352332551032305,-0.0034111212007701397,0.03737932816147804,-0.011035645380616188,0.01608257368206978
1724162855.196464,-0.2118515856636913,0.13860251898802747,-0.0059822581132814336,0.9674049360989041,-0.42415504890164846,0.29575507809859,0.05175942397501682,0.26563480496406555,0.4115508496761322,-0.8718165159225464,0.002247607335448265,-0.0007466594106517732,-0.0024155438877642155,0.02877078577876091,-0.011077433824539185,0.017560817301273346
1724162855.250718,-0.211169923389279,0.1384322990286612,-0.005723052255579472,0.9675799619578362,-0.4227085303403277,0.29536938198939,0.0519877062109733,0.26547154784202576,0.4102320969104767,-0.8724875450134277,0.0015276758931577206,-0.0056032161228358746,-0.0015842316206544638,0.02972550503909588,-0.018648499622941017,-0.0028990106657147408
1724162855.261775,-0.21077701408069702,0.13808225663613288,-0.0053540421745922355,0.967717740756679,-0.4218225313999879,0.2946992427077973,0.052467790854578304,0.26499226689338684,0.40942391753196716,-0.8730126619338989,0.00038547965232282877,-0.006676056422293186,-0.0031050117686390877,0.014227084815502167,-0.023679343983530998,0.004765110090374947
1724162855.304827,-0.21051027199749023,0.13778467463956853,-0.005412140242279358,0.9678178783263175,-0.4213169916359925,0.293977796854027,0.05211299108354281,0.26442232728004456,0.4089626371860504,-0.8734016418457031,-0.0013699254486709833,-0.002450966974720359,-0.00288591836579144,0.009724685922265053,-0.014890763908624649,-0.0005616404814645648
1724162855.354998,-0.20999877377273435,0.13721912149636223,-0.006224675282422951,0.9680044968039808,-0.42055571097591576,0.29229646006319027,0.0499523676563976,0.2630431056022644,0.4082677960395813,-0.8741428852081299,0.0018105414928868413,-0.0020567430183291435,-0.0024172686971724033,0.05552949383854866,-0.0009776783408597112,-0.05857491493225098
1724162855.410079,-0.2090349446928412,0.13710802005536357,-0.007784987000792567,0.9682174759886281,-0.41907682812658476,0.29118691925650403,0.04626415789916668,0.26224610209465027,0.4069173336029053,-0.8750115633010864,-0.0037165966350585222,0.0027004291769117117,-0.0035033111926168203,0.03640289232134819,0.009740548208355904,-0.03546643629670143
1724162855.4221501,-0.20857203619365203,0.13737381879241048,-0.00857776216147406,0.9682728957522998,-0.4183639171231708,0.29132769875951675,0.044549048411112145,0.26245251297950745,0.4062660336494446,-0.8752523064613342,0.0009583529899828136,-0.009048533625900745,-0.004997077398002148,0.024738913401961327,0.01656486839056015,-0.051587387919425964
1724162855.4646502,-0.20870975108123904,0.138253853093262,-0.009447890781366508,0.9681098500281455,-0.41886118144791507,0.2928726740740006,0.04315996493503207,0.26374608278274536,0.4067203402519226,-0.8746522068977356,-0.0019463906064629555,0.0035691396333277225,-0.0060727717354893684,-0.017098676413297653,0.04066682234406471,-0.01584644988179207
1724162855.494808,-0.2090425304109409,0.1390150860085807,-0.00976853176077841,0.9679258752257583,-0.4195957406190881,0.294438455322245,0.0429472748021834,0.2650285065174103,0.4073913097381592,-0.8739520311355591,-0.005850339308381081,0.004136152099817991,-0.00040519837057217956,-0.02085963264107704,0.030256016179919243,-0.0019148295978084207
1724162855.57044,-0.2093840842797994,0.13954351517240365,-0.009802964932552342,0.9677756585542034,-0.42027279116543526,0.29562908387697123,0.04323713522098854,0.26598846912384033,0.40800952911376953,-0.8733718395233154,-0.003694612067192793,0.0004989691078662872,0.004304160363972187,-0.021116964519023895,0.018690288066864014,0.0014207669300958514
1724162855.575863,-0.20999427831917752,0.13987848890625906,-0.009494511512327022,0.9675981520516468,-0.42139773108975104,0.29660315692583566,0.04425863427174189,0.2667047381401062,0.4090363085269928,-0.8726728558540344,0.0,0.0,0.0,-0.036343686282634735,0.01063465140759945,0.02606496959924698
1724162855.633521,-0.21023880242427803,0.14030920889927942,-0.009194776051427012,0.9674856114443707,-0.4217812622103303,0.29771415227364617,0.04517868090502767,0.2676280736923218,0.4093862473964691,-0.8722259402275085,0.00021292839664965868,-0.0037156734615564346,0.0037155053578317165,0.0134418411180377,0.008603615686297417,0.011427119374275208
1724162855.665163,-0.20969378739026845,0.14061580682228667,-0.00894866472653117,0.9675616213646749,-0.4205909472808816,0.29838470556237473,0.04564859937218672,0.26835596561431885,0.40829998254776,-0.8725114464759827,0.0037936759181320667,-0.004903705790638924,-0.0012712234165519476,0.0423453189432621,0.019345736131072044,0.009733013808727264
1724162855.7021952,-0.20889620073956028,0.14091421354552627,-0.008819387720513796,0.9676919709450935,-0.4189263788036828,0.2989379659951915,0.045777111394396365,0.26903843879699707,0.4067799150943756,-0.8730111122131348,0.004627471789717674,0.000641914433799684,-0.0014199663419276476,0.02559087797999382,0.014723151922225952,0.025577615946531296
1724162855.744618,-0.20825370386784708,0.14145430895828193,-0.008841433335528651,0.9677515018035262,-0.4176099770778535,0.2999762402018359,0.04575048992082069,0.27010270953178406,0.40557700395584106,-0.8732421398162842,-0.00011386460391804576,-0.0006890633376315236,-0.000682569167111069,0.016144907101988792,0.010613209567964077,0.011741851456463337
1724162855.77357,-0.2080286091959011,0.14172954207790575,-0.008881354841701942,0.9677592069358167,-0.41715460196908055,0.30051179848332443,0.04571215016014095,0.2706249952316284,0.40516069531440735,-0.8732736706733704,-0.00021292839664965868,0.0037156734615564346,-0.0037155053578317165,-0.006059634033590555,0.006374358665198088,0.011342046782374382
1724162855.839987,-0.20840118393085655,0.1418921936641714,-0.008871194919985411,0.9676552827690442,-0.41789611700992274,0.3009378887479527,0.045940688472517435,0.2709079086780548,0.4058385193347931,-0.8728711009025574,0.002666280372068286,-0.0008827458950690925,-0.005142371170222759,-0.03379494696855545,0.00837014615535736,-0.0056065525859594345
1724162855.891077,-0.20916530974835737,0.14192683207532164,-0.009197381135042093,0.9674822742062861,-0.4195375696700687,0.3010132623047579,0.0455394025353249,0.27077582478523254,0.4073381721973419,-0.8722133040428162,0.00032320115133188665,0.000621020095422864,-0.000680844415910542,-0.03566066548228264,0.006088378839194775,-0.011374940164387226
1724162855.904449,-0.20978150519914215,0.14192051810119216,-0.009579840251509422,0.967346033315879,-0.42089966886569813,0.3009468019657258,0.044947293951810276,0.2705531418323517,0.40858176350593567,-0.8717005848884583,0.0,0.0,0.0,-0.02491478994488716,0.0010468149557709694,-0.010872377082705498
1724162855.942436,-0.21029786574700626,0.14184078378974824,-0.009571596079703931,0.9672457401228652,-0.4219439875379265,0.3008750542064204,0.045111982613558206,0.27036401629447937,0.4095347225666046,-0.8713120222091675,0.0038855974562466145,0.00015698082279413939,0.00198770547285676,-0.02467987686395645,-0.004870319273322821,0.000650599249638617
1724162855.993732,-0.2106420949786161,0.14200235866112138,-0.009368743554809144,0.9671490906327017,-0.4225696120061397,0.30138018761536384,0.0457392597980905,0.2707279920578003,0.4101054072380066,-0.8709304928779602,0.0009328597225248814,0.0011408835416659713,0.002884193789213896,-0.014962291345000267,-0.00812549702823162,0.010698781348764896
1724162856.046142,-0.21092975720096266,0.14192646326049427,-0.009149702932579934,0.9670996621779621,-0.4230871673198325,0.3013678048887758,0.04627060850986621,0.27065417170524597,0.41057735681533813,-0.8707310557365417,0.0026075937785208225,0.0027667004615068436,0.0023607155308127403,-0.020030420273542404,-0.006429864559322596,0.007038104347884655
1724162856.057176,-0.2113006417019801,0.14166803763456304,-0.008898134312169338,0.9670589265285814,-0.42377177001390665,0.30099059606764844,0.04681575336243347,0.270242303609848,0.41120150685310364,-0.8705644011497498,0.003525611013174057,-0.0033563789911568165,-0.0027885541785508394,-0.018326127901673317,0.0032133893109858036,-0.008569939061999321
1724162856.103757,-0.21181326613670465,0.1411448434444407,-0.008492547087784883,0.9670269230106369,-0.424708965374102,0.30013585795924264,0.047614151892960074,0.2693840563297272,0.4120556116104126,-0.8704265356063843,0.0040801335126161575,-0.0050048623234033585,0.0029746592044830322,-0.024416478350758553,-0.052989471703767776,-0.009498056024312973
1724162856.160057,-0.21251210378604346,0.14101036610665751,-0.008634634321714636,0.9668919417129905,-0.42617133174029137,0.29991516785493805,0.04750021554737547,0.2690136432647705,0.41338762640953064,-0.8699093461036682,0.0030298170167952776,-0.003187179332599044,-0.005671023391187191,-0.0310919638723135,0.0060394140891730785,-0.026059480383992195
1724162856.211141,-0.213179804458806,0.1408326421982812,-0.009044398804521792,0.966767070320546,-0.4276547688519537,0.2994739153768544,0.04678680482256769,0.2684485614299774,0.4147379398345947,-0.8694410920143127,0.002857265993952751,-0.00022679605172015727,0.0011494944337755442,-0.03317822888493538,-0.004915741737931967,-0.023035168647766113
1724162856.2235742,-0.21360713819759253,0.14091478650324044,-0.00947337807742817,0.9666567158324251,-0.42864572119986644,0.2995407787645569,0.046068456593951514,0.26838529109954834,0.4156394302845001,-0.8690300583839417,-0.004098484292626381,0.005728855729103088,0.004680619575083256,-0.02018466219305992,-0.006363637745380402,-0.004180487710982561
1724162856.250916,-0.21391933523807044,0.1409077787199581,-0.009491108740029659,0.9665884994710522,-0.42928268515576906,0.2995775027193988,0.04613914374366962,0.26833900809288025,0.41621869802474976,-0.8687670230865479,0.0006647949339821935,0.0026882102247327566,0.0013668631436303258,-0.010973605327308178,0.0036634374409914017,-0.0018677010666579008
1724162856.2999492,-0.21403285843866526,0.1408137427680248,-0.00929105532716733,0.966579030199784,-0.42945566852848005,0.2994857311352328,0.04655972089922882,0.26823803782463074,0.4163759648799896,-0.8687228560447693,0.00011386460391804576,0.0006890633376315236,0.000682569167111069,-0.003342284355312586,-0.010546894744038582,0.011204794049263
1724162856.3474112,-0.21416448782047467,0.14054137413883994,-0.00902067460231985,0.9665920956037337,-0.4296525511636853,0.29904219227433315,0.0470515927393079,0.2678285539150238,0.4165549576282501,-0.8687633872032166,0.0037533403374254704,-0.001978252548724413,-0.0014234157279133797,-0.008336925879120827,-0.0074069080874323845,-0.0023093372583389282
1724162856.3949451,-0.2142496482208599,0.14003886696025034,-0.00885036926300507,0.9666476800812996,-0.4297974052531874,0.29804471368457586,0.0472054402098101,0.26694411039352417,0.41668665409088135,-0.8689724206924438,0.006816350854933262,0.0013745382893830538,-0.006716253701597452,-0.002813338302075863,-0.006346287205815315,0.00408161710947752
1724162856.458658,-0.2143090163924595,0.14008162752991443,-0.00877587408058702,0.9666290274944952,-0.42989274580939757,0.298182802197977,0.04740497779537655,0.26705244183540344,0.41677331924438477,-0.868897557258606,-0.0019024631474167109,-0.003003943944349885,-0.0008416604832746089,-0.0060821352526545525,-0.015448828227818012,0.0054329573176801205
1724162856.471786,-0.2142371112001643,0.13982782315403455,-0.008739256697127554,0.9666820802892265,-0.4297486658601521,0.29763446246626074,0.04733683657505086,0.2665935456752777,0.41664233803749084,-0.8691012859344482,-5.8728212025016546e-05,0.0014792834408581257,-0.00288074417039752,-0.008329742588102818,-0.014702169224619865,0.007848501205444336
1724162856.503992,-0.21412843337485227,0.13981598192457417,-0.008487856049981167,0.9667100819260819,-0.4294531878301296,0.29770166328636477,0.04782605073905016,0.2666880488395691,0.41637369990348816,-0.8692010045051575,0.0005141450092196465,-0.0008931930642575026,-0.00477280979976058,0.008307324722409248,-0.002780691720545292,0.007010072004050016
1724162856.552184,-0.2137030944874363,0.13999305626278102,-0.007845351892395644,0.9667840249361594,-0.4283891615528034,0.29829403032733787,0.04912112072055051,0.26733294129371643,0.41540607810020447,-0.8694658875465393,-0.0009144670912064612,0.00030528646311722696,-0.00015564175555482507,0.029975902289152145,0.013233463279902935,0.045910537242889404
1724162856.588927,-0.21258130867601935,0.1403365069380257,-0.0069086764571485776,0.9669885983813425,-0.42581866880731506,0.299241249650756,0.05086696475790713,0.26847028732299805,0.41306647658348083,-0.8702297210693359,-0.003544003702700138,0.0019102091901004314,6.0002144891768694e-05,0.05047614872455597,0.007829063571989536,0.061918389052152634
1724162856.6498508,-0.21127706428622897,0.14050355088376365,-0.005884455432388727,0.9672569878871596,-0.4228619641858132,0.29980409772131833,0.05264613439912459,0.2693195641040802,0.4103720188140869,-0.8712415099143982,-0.0012228675186634064,0.004778066650032997,-0.0018251645378768444,0.05649908259510994,0.0029026921838521957,0.06588689982891083
1724162856.6627278,-0.2102028683764685,0.14057122385061813,-0.0048727436038233434,0.9674867723625276,-0.4203794818786145,0.30018642629561676,0.05443202580462735,0.26995307207107544,0.4081069231033325,-0.8721089959144592,0.0003783375141210854,0.0027893667574971914,-0.002879019360989332,0.033457111567258835,-0.005404314491897821,0.0501730851829052
1724162856.70364,-0.2095670615863671,0.14068457168639054,-0.004305777229690164,0.9676109265810551,-0.41891583017985334,0.30055513843126186,0.055454121807918526,0.270451158285141,0.4067702889442444,-0.8725789785385132,-0.00022772920783609152,-0.0013781266752630472,-0.001365138334222138,0.022931696847081184,0.003970311023294926,0.02011016383767128
1724162856.768923,-0.20912097086582385,0.14076810121708075,-0.00425628926815215,0.967695434769189,-0.4179952470741625,0.30066882483884627,0.05543629972425167,0.2706611454486847,0.4059291183948517,-0.8729055523872375,0.0017114777583628893,0.0023479938972741365,-0.005450204946100712,0.022763170301914215,0.02296738512814045,0.009343556128442287
1724162856.816247,-0.2085471330387254,0.14106290830868465,-0.004125899844133711,0.9677769283997077,-0.4167800357588118,0.30124930706163117,0.05563980008409687,0.27131396532058716,0.40481823682785034,-0.8732187151908875,0.0007786595961079001,0.0033772734459489584,0.002049432136118412,0.026405805721879005,-0.003031881060451269,0.034982532262802124
1724162856.820137,-0.20790444393808225,0.14183761212614768,-0.00377916239755104,0.9678034262653097,-0.4153315566263672,0.302946726561321,0.05649272216474681,0.27297043800354004,0.40349331498146057,-0.873315691947937,0.002629536669701338,-0.001604922697879374,-0.00021564390044659376,0.041721414774656296,0.039926882833242416,0.01700378954410553
1724162856.868534,-0.2076130924221626,0.14238974655433537,-0.0038196369131164036,0.9677847444446178,-0.4147239765332425,0.30406386228915977,0.05655245167540674,0.2740192413330078,0.4029373228549957,-0.8732439279556274,0.002666280372068286,-0.0008827458950690925,-0.005142371170222759,0.004929204937070608,0.027489041909575462,-0.011806663125753403
1724162856.922482,-0.20798942843817414,0.14282517513794077,-0.004059728163780244,0.9676387973405423,-0.4155322496115079,0.30497581896858267,0.05638079216088555,0.2747175991535187,0.40367695689201355,-0.8726827502250671,0.0002680647885426879,-0.0015473266830667853,0.0015173305291682482,-0.02279173955321312,0.014894308522343636,-0.008439586497843266
1724162856.927659,-0.2083390556626547,0.14293118601042715,-0.0042770524583329705,0.967546996290064,-0.41629897530425947,0.3051804842145463,0.05609792629768483,0.27480313181877136,0.4043782949447632,-0.8723310232162476,0.0024753364268690348,0.000631467264611274,-0.0010504053207114339,-0.022255610674619675,0.011799654923379421,-0.005404924973845482
1724162856.9736562,-0.20859079392381438,0.14298499301001383,-0.004260061942892573,0.9674848217730164,-0.4167984889528367,0.3053547814032098,0.0562503449222797,0.2748943865299225,0.4048351049423218,-0.8720903396606445,0.0,0.0,0.0,-0.01458040438592434,-0.011153923347592354,0.002514850813895464
1724162857.009495,-0.2086214800988543,0.14284669357699672,-0.0041538259943622825,0.9674991269806525,-0.41683547165795315,0.3051083046689459,0.05642271062742988,0.2746749520301819,0.4048689305782318,-0.8721438050270081,0.0008006024872884154,-0.000994349829852581,-0.0005269274115562439,-0.0011314621660858393,-0.014185893349349499,0.0033321466762572527
1724162857.059591,-0.20850348738514185,0.14271491953826657,-0.004203063272021671,0.9675437416659448,-0.4166203053519501,0.3047781803447034,0.056215462109172686,0.274413138628006,0.40467217564582825,-0.8723174929618835,0.002783736912533641,-0.003841312602162361,0.0006191175198182464,0.003407638054341078,-0.024422459304332733,-0.006651659961789846
1724162857.088603,-0.2082549183092815,0.1428173973462587,-0.00411539187435303,0.9675825954345456,-0.4160856272988459,0.3049880526645669,0.056356626826705315,0.2746611535549164,0.40418317914009094,-0.8724661469459534,0.0028792088851332664,-0.004598419182002544,-0.0014268651138991117,0.013559214770793915,0.0013047232059761882,-0.0035790542606264353
1724162857.14467,-0.20821535966253493,0.1428460411563634,-0.004213979939364805,0.9675864189092941,-0.4160347261224323,0.30499907739564286,0.05614710525300488,0.27467694878578186,0.40413662791252136,-0.8724827766418457,0.0,0.0,0.0,-0.009137570858001709,-0.008582721464335918,-0.012166241183876991
1724162857.173514,-0.20836242428951485,0.1427613581936532,-0.004110837669729872,0.9675677698058618,-0.4163044056095069,0.30489049588721756,0.05637992155293232,0.2745494842529297,0.40438327193260193,-0.8724085688591003,0.001755405217409134,-0.004225089680403471,-0.00021909346105530858,-0.0007199729443527758,-0.007026720326393843,-0.009552518837153912
1724162857.2298641,-0.2083688978453436,0.1426681604286188,-0.0041234877360230736,0.9675800440498712,-0.4163268044340413,0.3046848033729363,0.05631305166929064,0.2743673026561737,0.4044037461280823,-0.872456431388855,0.0034852754324674606,-0.0004309257783461362,-0.002940746257081628,-0.006933848839253187,-0.0005861346144229174,-0.009429065510630608
1724162857.258627,-0.20874368766333132,0.14244762430564706,-0.004491213381637615,0.9675300658026363,-0.4172097395344996,0.3041225466717221,0.05557227931330658,0.27376967668533325,0.40521112084388733,-0.8722695112228394,0.0006867378833703697,-0.0016834131674841046,-0.001209496520459652,-0.0230859387665987,-0.003904084675014019,-0.03132875636219978
1724162857.301223,-0.20950232745550618,0.1421239522954186,-0.004926796281871269,0.9674115462535294,-0.4188940493799123,0.30338312124764283,0.05477940712161165,0.2729203402996063,0.4067503809928894,-0.8718191385269165,0.0021337426733225584,-0.0014357229229062796,-0.0030981129966676235,-0.04250674322247505,-0.011984248645603657,-0.031109442934393883
1724162857.359581,-0.2102806815124851,0.14187066305129542,-0.0053868708117182805,0.967277454932625,-0.4206216574098187,0.3027874785015097,0.05397254033270451,0.2721910774707794,0.40832799673080444,-0.8713095188140869,9.547194349579513e-05,-0.0007571065798401833,-0.00204598275013268,-0.032950498163700104,-0.0035376132000237703,-0.021670030429959297
1724162857.39761,-0.21097207583074523,0.14169766282326296,-0.00577620274973586,0.9671499749790002,-0.4221473407989635,0.30237812744514436,0.05331948702784426,0.2716485559940338,0.409720242023468,-0.8708251118659973,-0.003713004756718874,-0.0009472009260207415,0.0015756080392748117,-0.03624889999628067,-0.0228277537971735,-0.015617955476045609
1724162857.426056,-0.21169897054746367,0.14138490968225603,-0.006271616373909801,0.9670338341109812,-0.4237849918212554,0.30162460515489353,0.052388530726398694,0.27079257369041443,0.41121357679367065,-0.8703877329826355,-0.0002680647885426879,0.0015473266830667853,-0.0015173305291682482,-0.03815850242972374,-0.016366276890039444,-0.016233623027801514
1724162857.458848,-0.21235876271895882,0.14122385184966044,-0.00672045360720588,0.9669096775122791,-0.42526441786601193,0.3012056352436152,0.051601084414932684,0.27024713158607483,0.41256165504455566,-0.8699191808700562,0.00022772920783609152,0.0013781266752630472,0.001365138334222138,-0.03812180086970329,-0.017814259976148605,-0.03154418244957924
1724162857.488892,-0.21322686010001157,0.14087110778783454,-0.007001152000621788,0.9667680914787892,-0.42712342072609577,0.30048618286949613,0.05115394138312113,0.2693937122821808,0.414254367351532,-0.8693792819976807,-0.00011386460391804576,-0.0006890633376315236,-0.000682569167111069,-0.04390982165932655,-0.018805021420121193,-0.023989714682102203
1724162857.55127,-0.21411105006616094,0.14065843519909482,-0.007349767207400091,0.966601011779631,-0.42902848146497946,0.30004206030422853,0.0506329894164099,0.2687738239765167,0.4159875214099884,-0.868743360042572,0.0005473383935168386,0.005646776873618364,-0.004394625313580036,-0.05417773872613907,0.010815981775522232,-0.0158529132604599
1724162857.58231,-0.21496039697378055,0.14053790132994162,-0.0074930877434197275,0.9664289678519623,-0.4307958104661632,0.29988335298995206,0.050577788160857395,0.2684183716773987,0.4175940454006195,-0.8680822849273682,0.007503088563680649,-0.0003088745870627463,-0.007925750687718391,-0.044136516749858856,0.027866143733263016,-0.029151620343327522
1724162857.611068,-0.21555169690817672,0.1408000750439135,-0.007934228351788685,0.9662555487075444,-0.432112792114692,0.3003693173090216,0.04997924273257034,0.2686772346496582,0.418790340423584,-0.8674256205558777,0.0005325376987457275,0.0005529768532142043,-0.002044257940724492,-0.014116895385086536,0.023675711825489998,-0.02992912195622921
1724162857.663898,-0.21584249065570094,0.14115548327867253,-0.00842145742854278,0.9661346402700318,-0.4328319621295118,0.300977045458128,0.04921912878787966,0.26911497116088867,0.419443279504776,-0.8669742941856384,-0.005266215652227402,0.012675268575549126,0.0006572801503352821,-0.018310727551579475,0.036672163754701614,0.007948972284793854
1724162857.690816,-0.2160718856528248,0.1414453669281644,-0.008827222014180746,0.9660373189018012,-0.43340581682539536,0.30146718349919016,0.04857878173240856,0.26946836709976196,0.41996416449546814,-0.8666123151779175,-0.003242745529860258,0.006902852561324835,0.001955517567694187,-0.0211761686950922,-0.0016849117819219828,0.010822235606610775
1724162857.757093,-0.2162366459814461,0.14157916176736535,-0.008739690921001656,0.9659816824336782,-0.4337053777489859,0.3018308047923761,0.04888845847697614,0.2697460651397705,0.4202359914779663,-0.8663941025733948,0.0002828655415214598,0.0035464733373373747,-0.0008330366690643132,0.004980357829481363,0.01579086109995842,0.01396611612290144
1724162857.7705,-0.21604321481752262,0.14167205753461012,-0.008572876536721579,0.9660128209551775,-0.43325812092339466,0.30207073470539,0.04921711664929897,0.2700098156929016,0.4198301136493683,-0.8665087223052979,0.00016900099581107497,0.002857410116121173,-0.0015156057197600603,0.011884605512022972,0.006189395673573017,0.028095915913581848
1724162857.9062672,-0.21569188156704108,0.14171822307507914,-0.008345390112853944,0.9660865557602712,-0.432475251215107,0.30220519738273177,0.049594797329856985,0.27022406458854675,0.4191194474697113,-0.8667859435081482,0.0006647949339821935,0.0026882102247327566,0.0013668631436303258,0.017231449484825134,-0.01450694352388382,0.017359189689159393
1724162857.919246,-0.21517776311493148,0.14171847793410255,-0.007845004730973324,0.9662053276257396,-0.431281573818473,0.3023313156088904,0.05047057520077586,0.2704821527004242,0.4180353581905365,-0.8672288060188293,-0.0004186730948276818,0.0001360864844173193,0.0027268272824585438,0.02889542654156685,-0.021331259980797768,0.033480145037174225
1724162857.921547,-0.21441474978916408,0.14204936685389738,-0.007195118382699177,0.966331420630134,-0.4295212018652723,0.3031923368548374,0.0517289829367474,0.2714480459690094,0.4164355397224426,-0.8676965832710266,0.0016012049745768309,-0.001988699659705162,-0.0010538548231124878,0.0498664490878582,0.0051390365697443485,0.0479695163667202
1724162857.9688458,-0.21336161870480508,0.14248908314041706,-0.0064000956713922185,0.9665053526940893,-0.4271232134504498,0.3042935817455292,0.05323763941022825,0.27270185947418213,0.41425418853759766,-0.8683473467826843,0.0003711951430886984,0.012254790402948856,-0.0026530269533395767,0.035198356956243515,0.01581193134188652,0.08155747503042221
1724162857.980897,-0.2120022296421172,0.1433095866829449,-0.004863163076083663,0.966692105381792,-0.42385309862539644,0.30648400620600086,0.05637755192725875,0.27501049637794495,0.4112756550312042,-0.8690348267555237,0.0008189951768144965,0.0004518201167229563,0.002201624447479844,0.08745930343866348,0.0187526922672987,0.08663687855005264
1724162858.022166,-0.20948067033704396,0.14384866877947863,-0.0030832677977932037,0.9671689483853934,-0.4181750652091402,0.30791853826649834,0.059458397104452325,0.276960164308548,0.40609344840049744,-0.8708508014678955,0.004800064489245415,-0.00014830564032308757,0.002143347170203924,0.12868744134902954,0.004981688689440489,0.09925005584955215
1724162858.051052,-0.20735659840018048,0.14415990389835132,-0.001654647266275661,0.967583775240155,-0.4134235863927455,0.3087729544592052,0.0618280243587745,0.2782873511314392,0.40174683928489685,-0.8724423050880432,-0.0008225453784689307,0.005365972872823477,0.003103287424892187,0.08870009332895279,-0.006433691829442978,0.10347280651330948
1724162858.106147,-0.20564661722720876,0.14405292779280943,-4.2660650490930795e-05,0.9679659647466583,-0.4094775711857675,0.3088784157720551,0.06454228357390027,0.27885910868644714,0.3981301486492157,-0.8739164471626282,0.0026259447913616896,0.002042707521468401,-0.005294563248753548,0.05423615872859955,-0.0254690982401371,0.0725511983036995
1724162858.1371078,-0.20495617606472286,0.14395993136938195,0.0009970787600115996,0.9681257447729755,-0.40776614741392186,0.3089761874728195,0.06643333701821873,0.2791513502597809,0.39655962586402893,-0.8745369911193848,0.0009696034248918295,0.0018630602862685919,-0.002042533364146948,0.01720193214714527,-0.020354218780994415,0.042827583849430084
1724162858.166257,-0.20484780366792346,0.14372525959325896,0.001493313241534378,0.9681828820012287,-0.4074082240743084,0.3086583571575422,0.06733306675913087,0.27891647815704346,0.3962310254573822,-0.8747608661651611,0.002651479560881853,-0.005976546090096235,-0.002792003797367215,0.015814004465937614,-0.00673719635233283,0.004163240548223257
1724162858.20619,-0.20445829613731942,0.14347363462791965,0.0017579250717317091,0.9683021159371695,-0.40655813786753564,0.3081462093760698,0.0676334890214461,0.2785704731941223,0.3954503834247589,-0.875224232673645,0.0006464023026637733,0.001242040190845728,-0.001361688831821084,0.028888242319226265,-0.014036000706255436,0.02332230471074581
1724162858.2621331,-0.20398622327936086,0.143356296837374,0.002089108493022927,0.9684183752432814,-0.4055117290165831,0.30793402443635626,0.06810316828682235,0.27851003408432007,0.394489049911499,-0.8756771683692932,0.000896074459888041,-0.0017514565261080861,-0.0025729103945195675,0.014102527871727943,-0.00908519048243761,0.009613445028662682
1724162858.337364,-0.20377525504666533,0.1431714400421691,0.002061994445821374,0.968490223683937,-0.4051082460371966,0.3074800660200071,0.06788628099661771,0.27816063165664673,0.3941182494163513,-0.8759551644325256,0.0015424767043441534,-0.0005094163352623582,-0.003934598993510008,0.0034372396767139435,-0.014234858565032482,-0.011352394707500935
1724162858.3426971,-0.20391210708263058,0.14324371608466163,0.0018274054645439843,0.9684511768172934,-0.40545217091020175,0.30756541180681607,0.06747543085651544,0.2781943380832672,0.3944343030452728,-0.8758021593093872,-0.004891944583505392,-0.002742217853665352,0.0049815550446510315,-0.009372400119900703,0.0016747380141168833,-0.0029215558897703886
1724162858.391124,-0.20395131558684562,0.14302956627617858,0.0014584516077482002,0.9684752314845624,-0.40566120766774544,0.30695649361875904,0.06661904304326581,0.2776360809803009,0.3946264088153839,-0.8758928179740906,0.006074435077607632,-0.0012805579463019967,-0.013692413456737995,-0.0005279956385493279,0.039508357644081116,-0.017441250383853912
1724162858.442323,-0.2039848323544531,0.14303329363521264,0.0010547963643993158,0.9684681380193376,-0.4058543804151479,0.30680081350817573,0.0657838224564708,0.2774766981601715,0.39480388164520264,-0.8758633136749268,0.0018472853116691113,-0.001334566273726523,-0.00734399538487196,0.0012784372083842754,0.017074599862098694,-0.02303905412554741
1724162858.45328,-0.2041472564041569,0.14313072688207806,0.0006840040774117003,0.9684198254365727,-0.4062906776970754,0.30688747962491525,0.06510667393326935,0.27750054001808167,0.39520469307899475,-0.8756749629974365,-0.002075056079775095,-0.0022137234918773174,-0.004404973704367876,-0.010877699591219425,0.022590650245547295,-0.026579728350043297
1724162858.4934359,-0.20440541639805743,0.14308574899028803,0.0003815751067907585,0.9683721782056773,-0.4069081646800343,0.30671584616482217,0.06454536950428269,0.27727651596069336,0.3957718312740326,-0.8754897713661194,-0.004895494785159826,0.003075574990361929,0.010286466218531132,-0.00783039815723896,-0.020689163357019424,0.005426058080047369
1724162858.559483,-0.2049207540286465,0.14294487120814353,0.0009529296373295122,0.9682836339760345,-0.40777787886513667,0.3067620486906455,0.06587538059961692,0.277212917804718,0.3965703845024109,-0.8751484751701355,-0.0015205338131636381,-0.003862207056954503,0.0013582393294200301,-0.032928865402936935,-0.02108306996524334,0.02957114391028881
1724162858.5723062,-0.20564940813725255,0.14260745190138643,0.001174130806752867,0.9681787305627163,-0.4092004167774716,0.30628146191693645,0.06645964627860698,0.27662190794944763,0.39787590503692627,-0.874742865562439,0.0005141450092196465,-0.0008931930642575026,-0.00477280979976058,-0.053583353757858276,-0.015612439252436161,0.0023447051644325256
1724162858.6116328,-0.20677881053125283,0.14225606201341257,0.00105278630724321,0.9679899887381793,-0.4115387841477936,0.30570891594022453,0.0664633559946526,0.27584028244018555,0.40002012252807617,-0.8740114569664001,-0.000624459411483258,-0.005613663233816624,-0.001214670715853572,-0.05001342296600342,-0.008027743548154831,-0.028262613341212273
1724162858.653833,-0.2078656877639898,0.14195529952921518,0.0008884875281949786,0.9678014146943685,-0.4138018147402205,0.30521802117722746,0.06638241962797688,0.2751384377479553,0.40209317207336426,-0.8732811212539673,0.005949361249804497,-0.01071105245500803,-0.006945696193724871,-0.046567969024181366,0.018491430208086967,-0.03325393423438072
1724162858.682197,-0.20878489474813375,0.14187942379003304,9.172698905337514e-05,0.967615068977095,-0.41590811220422863,0.30490203808809385,0.06500569435582522,0.2746076285839081,0.4040207862854004,-0.8725581765174866,0.0035807474050670862,-0.001188032329082489,-0.004986729472875595,-0.055176593363285065,0.014109316281974316,-0.05254335328936577
1724162858.748836,-0.20988578551268375,0.14220261278097288,-0.0007325840094310924,0.9673291739050188,-0.4183635001002342,0.30547223711757765,0.06381895652407447,0.2748059630393982,0.40626564621925354,-0.8714527487754822,0.003257546341046691,-0.001809052424505353,-0.004305884707719088,-0.05138595029711723,0.039048049598932266,-0.05040804669260979
1724162858.778881,-0.21096382191798874,0.14322386079906074,-0.0015492822103113381,0.9669429323567568,-0.4207265405617702,0.30755032155299283,0.06296276627223145,0.27632489800453186,0.4084237515926361,-0.8699623942375183,0.0011937407543882728,0.006888817064464092,-0.0057563139125704765,-0.06406272947788239,0.08545785397291183,-0.019696807488799095
1724162858.808998,-0.21187271198612342,0.1442326185418867,-0.0022901703683328033,0.966592804849455,-0.42272808016789276,0.3096001316881412,0.06220266731590699,0.2778579592704773,0.4102499186992645,-0.8686138391494751,-0.00045900867553427815,0.00306153972633183,0.0025746349710971117,-0.03333143889904022,0.04319978132843971,-0.03805052489042282
1724162858.9111671,-0.21275185203506203,0.1447627591924273,-0.002805502605453122,0.9663190177514914,-0.42463100611863985,0.3107072347526614,0.061689290844855936,0.2785802483558655,0.4119845926761627,-0.8675608038902283,-0.00036353670293465257,0.0023044331464916468,0.0005286521627567708,-0.03777558356523514,0.028654592111706734,-0.02821432054042816
1724162858.924098,-0.21339722465179217,0.14488229416814455,-0.0034278997612770213,0.9661567722921268,-0.4261230148300364,0.31082602619602456,0.06067052257311074,0.27849501371383667,0.4133436381816864,-0.866941511631012,-0.0003451440716162324,0.003750602947548032,0.0032572040800005198,-0.02415819838643074,0.0022852218244224787,-0.0373980775475502
1724162858.9700031,-0.21403207783673062,0.14481366994229253,-0.004094977349554967,0.9660240178778565,-0.42761998642067206,0.3105127755129677,0.059464162665676876,0.2780340611934662,0.414706289768219,-0.8664385676383972,0.0053545450791716576,-0.003966952208429575,-0.0024772705510258675,-0.013353119604289532,0.017618857324123383,-0.04629698395729065
1724162858.9755821,-0.21432683061228064,0.14503676339762986,-0.0050541867595593004,0.9659206362464421,-0.4285050766021855,0.31062791396437595,0.057647744143568845,0.27802151441574097,0.41551151871681213,-0.8660566806793213,0.0003415938117541373,0.0020671901293098927,0.002047707559540868,-0.0019536572508513927,0.006524073891341686,-0.03699827194213867
1724162859.0235329,-0.21459392925897433,0.1453822308352928,-0.005868476445315987,0.9658047814070984,-0.42928196992007817,0.31106718473222517,0.056185564807688416,0.27830302715301514,0.4162180423736572,-0.8656269311904907,-0.0037752832286059856,0.006349875591695309,0.003999775275588036,-0.01753266714513302,0.011684463359415531,-0.008870873600244522
1724162859.0547051,-0.21469372477698392,0.14579645374632083,-0.006553454210246845,0.9657157748889205,-0.42967698854863384,0.3116787202268735,0.054967286304439394,0.2787818908691406,0.41657719016075134,-0.8652999997138977,-0.002346671186387539,0.0051513961516320705,-0.0006173927104100585,0.00016237539239227772,0.03634748235344887,-0.0031879954040050507
1724162859.083552,-0.21441452274468353,0.1462084853000923,-0.006718981945576331,0.9657143320445639,-0.42914237731703897,0.31244115383517046,0.05470666116857271,0.279509961605072,0.41609111428260803,-0.8652989864349365,-0.002666280372068286,0.0008827458950690925,0.005142371170222759,0.01989773102104664,-0.01538968924432993,0.012216819450259209
1724162859.1594949,-0.2141387252667769,0.14695541607292767,-0.00661947137219469,0.9656629026806286,-0.4285113183567012,0.3140511768570429,0.05516665873695329,0.2809838056564331,0.4155171811580658,-0.8650974035263062,-0.0010686672758311033,0.0025416763965040445,-0.0009904031176120043,0.013692070730030537,0.03180493041872978,0.01870134472846985
1724162859.1716352,-0.21389286055205867,0.14744019828921873,-0.006366068007261164,0.9656451677388186,-0.42790592029867747,0.31516660542825614,0.05583912254390754,0.2820264995098114,0.4149664342403412,-0.8650224804878235,0.00045545841567218304,0.0027562533505260944,0.002730276668444276,0.013478626497089863,0.011495956219732761,0.016884222626686096
1724162859.2256088,-0.213706367488008,0.14779681510319903,-0.00589123159508994,0.9656349382907253,-0.4273560415636502,0.31611486699031377,0.05694175293521962,0.2829175591468811,0.41446608304977417,-0.864971399307251,-0.0013147474965080619,0.0018875427776947618,0.005299737211316824,0.001182615291327238,0.002487712539732456,0.022440632805228233
1724162859.248981,-0.2137810908359785,0.1476851403928464,-0.00569007381859767,0.9656367206823806,-0.4274487195641048,0.31597835036869615,0.057343490982508884,0.2827875316143036,0.41455042362213135,-0.8649734854698181,0.004036205820739269,0.0015682210214436054,-0.002256452338770032,-0.005788018926978111,-0.0009907615603879094,0.007554464973509312
1724162859.277278,-0.21444051883164014,0.14858266210962873,-0.004712386614858041,0.965358042201164,-0.4284090064080626,0.3185079693298481,0.06008929266944661,0.2848498821258545,0.415424108505249,-0.8638769388198853,-0.0017334206495434046,0.002023629378527403,0.008026564493775368,-0.04847818985581398,-0.0013947554398328066,0.07376547157764435
1724162859.332384,-0.2147695623629447,0.14881126311637663,-0.0030521700099115988,0.9652563284556522,-0.4285185443377941,0.3198225955067382,0.06383967716035717,0.2859709858894348,0.4155237674713135,-0.863458514213562,0.003084995085373521,0.0011513307690620422,0.002514632884413004,-0.012971765361726284,-0.007416906766593456,0.0739218220114708
1724162859.371982,-0.21465933585217947,0.14862741818655606,-0.0015759664795312513,0.9653127428765071,-0.42782767154280965,0.32006121958701284,0.0668350894964996,0.2862672805786133,0.41489526629447937,-0.8636625409126282,0.004840400069952011,-0.0030737589113414288,0.0022955392487347126,0.01816391944885254,-0.030880218371748924,0.05329325795173645
1724162859.416573,-0.21397693041346422,0.14874591148105995,-0.0007401663741829635,0.9654469565197822,-0.42617058349577924,0.3205386471595881,0.06839313766313414,0.2868958115577698,0.4133869409561157,-0.8641770482063293,0.00048099312698468566,-0.005263000261038542,0.005232836119830608,0.0408606193959713,-0.02533309906721115,0.04111278057098389
1724162859.526175,-0.21279244394782842,0.14865176967305468,-0.0003527507516886409,0.9657234369583435,-0.4236628024423996,0.3202396628057849,0.06870626368030622,0.2869628667831421,0.41110217571258545,-0.8652440905570984,0.001028331695124507,0.00038377687451429665,0.000838210922665894,0.06088385730981827,-0.011607973836362362,0.02391684055328369
1724162859.539506,-0.21153238645253974,0.14854432008389198,-0.00011928280839603818,0.9660168168988879,-0.4210545486175281,0.31982725386591465,0.06865945801741122,0.28694215416908264,0.4087231159210205,-0.8663772940635681,0.0018692697631195188,-0.0035360262263566256,0.0004634757642634213,0.06287404894828796,-0.02826068550348282,0.004069231450557709
1724162859.5414438,-0.2105822546675639,0.14839861597640994,-5.535952014853391e-05,0.9662467986678939,-0.4191293190001974,0.3193279799944194,0.06835875465073185,0.28675606846809387,0.4069652855396271,-0.8672659397125244,5.51363336853683e-05,0.0021683466620743275,-0.002198175061494112,0.032729871571063995,-0.009476099163293839,0.009695068933069706
1724162859.575966,-0.21011707351196082,0.14819336083412102,0.0002649249358040406,0.9663795202226885,-0.4181025212130082,0.31892035871161367,0.06876040287664914,0.286533385515213,0.4060271680355072,-0.8677790760993958,0.0009696034248918295,0.0018630602862685919,-0.002042533364146948,0.016893448308110237,-0.020221762359142303,0.020390400663018227
1724162859.60481,-0.20956780565823638,0.14804485156338582,0.0005997200775840833,0.966521394849172,-0.4168978587498706,0.31862305440683886,0.06918646877870065,0.28642839193344116,0.40492597222328186,-0.8683280944824219,-0.0015608693938702345,-0.0009367536986246705,0.0012060471344739199,0.026038119569420815,-0.023274628445506096,0.021946817636489868
1724162859.637426,-0.2089606341542827,0.14776027847930484,0.0010591854822346101,0.9666959777611088,-0.4155462997477053,0.3180725068342726,0.06979133425929526,0.2861211895942688,0.40368980169296265,-0.8690047264099121,0.0,0.0,0.0,0.0189868975430727,-0.01656186953186989,0.02752392739057541
1724162859.698318,-0.2085225541684286,0.14766289729257848,0.0016019329228902461,0.9668047295249612,-0.4144953777918464,0.3179997472764241,0.07072234285607414,0.2861904501914978,0.4027281105518341,-0.8694280385971069,0.0005728732794523239,-0.0023724765051156282,-0.0018920658621937037,0.018370095640420914,-0.0076163094490766525,0.024184880778193474
1724162859.7679,-0.20802576987584245,0.1474696963000458,0.001862760082275676,0.9669407390957876,-0.4134246279846934,0.3175845283895485,0.07099309107009888,0.28596392273902893,0.40174779295921326,-0.8699559569358826,-1.839266042225063e-05,-0.0014461700338870287,-0.0027285520918667316,0.026670238003134727,-0.0031017411965876818,0.021037114784121513
1724162859.7783241,-0.20751275556161447,0.14730026879735014,0.0017373199669774254,0.9670769859513076,-0.4124442471478717,0.3170510536341549,0.07045510069491115,0.28562241792678833,0.4008498191833496,-0.8704822063446045,0.0018472853116691113,-0.001334566273726523,-0.00734399538487196,0.017327355220913887,0.004420271143317223,-0.007352837361395359
1724162859.8196511,-0.2073108173083033,0.14739766997972362,0.0015560616360059132,0.9671058509729387,-0.4120889637868063,0.3171390995921905,0.07003977258950675,0.28574347496032715,0.4005242884159088,-0.8705922961235046,-0.00024253001902252436,-0.006471926812082529,0.0009852289222180843,0.010635520331561565,-0.013718582689762115,-0.01586874946951866
1724162859.8621469,-0.20718656587763484,0.1478730195623084,0.001078867582350939,0.9670606011879554,-0.41195862616150014,0.3179336063685414,0.06920136714532077,0.28645139932632446,0.4004048705101013,-0.8704146146774292,0.0011054109781980515,-0.001819499651901424,-0.003936323802918196,0.0024466842878609896,0.034152835607528687,-0.020914096385240555
1724162859.891025,-0.20719091833872938,0.14843393449842376,0.0003268561759212025,0.9669742433265253,-0.41217108023641685,0.31882331751828796,0.06787226667073283,0.2871990203857422,0.40059953927993774,-0.8700785636901855,0.0013479411136358976,0.004652427509427071,-0.00492155272513628,-0.010399740189313889,0.047170091420412064,-0.01794036291539669
1724162859.92221,-0.20776240026037418,0.14902693614852444,-0.00017426026085056373,0.9667603799174619,-0.41344326953862115,0.3200140175072971,0.06730489237278195,0.288074254989624,0.4017648696899414,-0.869251549243927,0.0008006024872884154,-0.000994349829852581,-0.0005269274115562439,-0.04630345478653908,0.02276189625263214,-0.026431690901517868
1724162859.972097,-0.20869437456542478,0.14934566298403576,-0.0006152222628977571,0.9665102958504046,-0.41544190442942,0.3207168870433767,0.06688056062434264,0.28843143582344055,0.4035942852497101,-0.868285059928894,0.0006464023026637733,0.001242040190845728,-0.001361688831821084,-0.046185996383428574,0.019803330302238464,-0.020670203492045403
1724162860.001502,-0.2096349085182493,0.14959408173666597,-0.0012246399893921837,0.9662676602021253,-0.4175183831335159,0.3211961927120448,0.06607339528130989,0.28858238458633423,0.40549325942993164,-0.8673496246337891,0.00011386460391804576,0.0006890633376315236,0.000682569167111069,-0.05129091069102287,0.018606621772050858,-0.029787983745336533
1724162860.067585,-0.21045764089430666,0.14988861475509802,-0.001723175989407767,0.9660424228031108,-0.4193190465863464,0.3217971769820617,0.06547625252199352,0.28887221217155457,0.4071385860443115,-0.8664819598197937,-0.0009696034248918295,-0.0018630602862685919,0.002042533364146948,-0.03364797309041023,0.011258852668106556,-0.02531345933675766
1724162860.0962281,-0.21110831372315245,0.1500177740470481,-0.0022492995814183767,0.9658792421816689,-0.42079381256784476,0.3219893812604762,0.06467825824180858,0.2888484001159668,0.40848514437675476,-0.865855872631073,-0.0006280096713453531,0.00020412984304130077,0.004090240690857172,-0.03405236080288887,-0.007535907905548811,-0.02303861826658249
1724162860.1165152,-0.21179403478612233,0.15023311668914285,-0.0028203994665393353,0.9656941806825822,-0.422348776960108,0.322355470204524,0.06383881339819647,0.28896379470825195,0.40990397334098816,-0.8651465773582458,0.0026882649399340153,-0.003084206022322178,0.002665100386366248,-0.03261968120932579,0.009472467005252838,-0.034859079867601395
1724162860.169673,-0.2123529734156292,0.150378650826993,-0.0035799358943600502,0.9655462298159011,-0.4237151763186333,0.32245790282603515,0.06251936902701143,0.28887465596199036,0.41114991903305054,-0.8645849823951721,0.003088545287027955,-0.004666462540626526,-0.0027902787551283836,-0.006301813758909702,0.015246426686644554,-0.031106431037187576
1724162860.2008839,-0.21279682588220375,0.15053965549506299,-0.004591902049726703,0.9654191459220871,-0.42493195208383766,0.3224550536613955,0.060628195400372405,0.2887134552001953,0.4122588038444519,-0.8641106486320496,-0.0012963549233973026,0.0033337126951664686,0.008028289303183556,-0.025326529517769814,-0.01913333684206009,-0.06029069423675537
1724162860.2552218,-0.21319712316103326,0.1506186305481159,-0.005907045324254063,0.9653113587347124,-0.4261658452043577,0.32212737460835655,0.05803951199949235,0.2882690131664276,0.4133826494216919,-0.863722026348114,0.003577197203412652,0.004629760980606079,0.00031818251591175795,-0.010304952040314674,0.013707686215639114,-0.05962328612804413
1724162860.285931,-0.21370003363109213,0.15081871975718047,-0.006845861272478477,0.9651626895945905,-0.4274763506064125,0.32225019436338687,0.056342280898683816,0.28820326924324036,0.41457557678222656,-0.8631720542907715,-0.0027653442230075598,0.0052874828688800335,0.00210943422280252,-0.027169665321707726,0.004748407751321793,-0.03938233479857445
1724162860.3184152,-0.21408977905069956,0.1509513355243387,-0.00752958501685766,0.9650505547573561,-0.4284793716538783,0.322314959193048,0.05510868625079739,0.2881273329257965,0.4154881238937378,-0.8627585172653198,-0.000976745504885912,0.007602363359183073,0.0022685255389660597,-0.01307423785328865,0.0072988043539226055,-0.019159065559506416
1724162860.3587198,-0.21434990529350123,0.15093301788731306,-0.007681777042126573,0.9649944393370251,-0.4290551728239961,0.32226206528493195,0.05487848664019263,0.28800585865974426,0.4160118103027344,-0.8625466823577881,-0.00046260067028924823,0.006709170062094927,-0.0025042842607945204,-0.005031344015151262,0.004587972071021795,0.0017964261351153255
1724162860.401414,-0.21432801200316837,0.1510093309514432,-0.007648897063218155,0.9649876255224533,-0.4289958653639855,0.3224381051821886,0.0549757454446378,0.28816550970077515,0.41595786809921265,-0.862519383430481,0.0003415938117541373,0.0020671901293098927,0.002047707559540868,0.00799892470240593,0.0016920885536819696,0.005340549163520336
1724162860.4559078,-0.21405257559609725,0.15101151590642423,-0.007476265732582162,0.9650497873760058,-0.428383361810658,0.3224617831864061,0.055235586828930705,0.2882666289806366,0.41540080308914185,-0.8627540469169617,0.0005473383935168386,0.005646776873618364,-0.004394625313580036,0.013287682086229324,0.013010170310735703,0.02097618766129017
1724162860.498454,-0.21369815468444822,0.15124873470255817,-0.007340666208184928,0.9650922130678264,-0.4276102167845956,0.3229626638842556,0.055497236015593546,0.28880056738853455,0.4146973788738251,-0.8629138469696045,0.0019979351200163364,0.0022468373645097017,-0.001204322325065732,0.018657028675079346,0.014137016609311104,0.016148552298545837
1724162860.527297,-0.21311490400985272,0.15165935075758405,-0.007141758220001957,0.9651581960888961,-0.42634463309258663,0.3238193737616596,0.055884994710628216,0.2897064983844757,0.4135454297065735,-0.8631629347801208,-0.002346671186387539,0.0051513961516320705,-0.0006173927104100585,0.02611982263624668,0.01892375946044922,0.01845443807542324
1724162860.557479,-0.21252115989921705,0.15205243431908785,-0.007134693222249521,0.965227307419869,-0.42512224525404696,0.3245496794894287,0.05585359208388999,0.2904977798461914,0.41243216395378113,-0.863429605960846,0.0027582021430134773,0.004177940543740988,-0.001883442047983408,0.03159944340586662,0.02438730001449585,0.009230450727045536
1724162860.609552,-0.21210411551952144,0.15215582446981812,-0.006661790390875314,0.9653061375190942,-0.4241190797858671,0.32489508425315405,0.05673916029940934,0.290927916765213,0.41151806712150574,-0.8637208938598633,0.0005509303882718086,0.001999146770685911,0.0006842939183115959,0.016541246324777603,-0.0026654109824448824,0.04464125633239746
1724162860.662111,-0.21159116286935162,0.1523998837083538,-0.006257859015639325,0.9653829736029235,-0.4229369706232834,0.325493733715975,0.05750641228782847,0.2916002869606018,0.4104404151439667,-0.8640069365501404,-0.004003012552857399,0.004971748683601618,0.0026346370577812195,0.010973772034049034,0.005017213989049196,0.0434030219912529
1724162860.687376,-0.21122445968444462,0.15260517696047302,-0.005850641834031805,0.9654334090639853,-0.4220506024402744,0.3260400471773551,0.05831864400860748,0.2921886742115021,0.40963196754455566,-0.8641917705535889,0.001502141123637557,0.0024160370230674744,-0.004086791072040796,0.024893488734960556,0.033859945833683014,0.0427018441259861
1724162860.717788,-0.2104931877325596,0.15297400085639654,-0.005708168141297941,0.9655355384147333,-0.420507408169929,0.3267452912261994,0.058504339688503916,0.29300060868263245,0.4082237184047699,-0.8645831346511841,0.004462020937353373,-0.008033288642764091,-0.0052092717960476875,0.04131694510579109,0.016791796311736107,-0.001489028218202293
1724162860.775831,-0.20970008992994188,0.15343750951770363,-0.005939688342991067,0.9656331617917095,-0.41895873399847644,0.32747866104206186,0.05791945543491644,0.2938375771045685,0.4068094789981842,-0.8649656176567078,0.0012928046053275466,0.002484080381691456,-0.002723377663642168,0.033531464636325836,0.035408683121204376,-0.005012454465031624
1724162860.8048182,-0.20905622832393742,0.15367014448918878,-0.0060762679106578735,0.9657349763190963,-0.41769347231985776,0.3277857786917643,0.05748649355859359,0.2942686975002289,0.40565329790115356,-0.8653619885444641,0.0013479411136358976,0.004652427509427071,-0.00492155272513628,0.026920383796095848,0.015759246423840523,0.007543679792433977
1724162860.839539,-0.20857429301821928,0.15388955389971248,-0.005921947240813003,0.9658051420843445,-0.4166582872477858,0.32822540092280333,0.057723691309039746,0.2947843074798584,0.4047068953514099,-0.8656295537948608,0.0,0.0,0.0,0.02326969988644123,0.009685131721198559,0.017078951001167297
1724162860.938919,-0.20797315138379538,0.15407883822853813,-0.005708409643317805,0.9659058744716329,-0.41536516020456493,0.32859967473073864,0.05802462785688149,0.2952769100666046,0.4035240709781647,-0.866013765335083,0.0009696034248918295,0.0018630602862685919,-0.002042533364146948,0.028146885335445404,0.009503712877631187,0.02483159489929676
1724162860.976941,-0.2072790549875578,0.15421606075440772,-0.005472350068345842,0.9660345832740269,-0.41388062487346466,0.3288507515413928,0.05831228897083961,0.2956874966621399,0.40216532349586487,-0.8665056228637695,-0.0037569322157651186,0.005625882651656866,-0.0036555035039782524,0.028190771117806435,0.0007604655693285167,0.01967887580394745
1724162860.98948,-0.2067730410474462,0.1541408653757467,-0.005142244830226907,0.9661568175676921,-0.4127562519413695,0.32872226085714845,0.058774908663342076,0.29572194814682007,0.4011356234550476,-0.8669710159301758,0.0001102726673707366,0.004336693324148655,-0.004396350122988224,0.014477398246526718,0.003862295998260379,0.03280699998140335
1724162861.010888,-0.2063996317991149,0.1539196887347512,-0.004588383503843495,0.9662746326988851,-0.41183322049953147,0.32840170393296364,0.059694265023722694,0.29556331038475037,0.40028995275497437,-0.8674158453941345,0.00018739368533715606,0.004303580150008202,0.0012129461392760277,0.008292090147733688,-0.027558812871575356,0.03202648460865021
1724162861.039854,-0.20621048316123292,0.15337756816343587,-0.004144270715003197,0.9664032298840407,-0.4113381655913262,0.32737928441136077,0.060310240636286545,0.2947399616241455,0.3998362421989441,-0.8679051399230957,0.006041283253580332,-0.005650365259498358,-0.0036867670714855194,0.01639402098953724,-0.018575096502900124,0.0020451825112104416
1724162861.085853,-0.20599804119248252,0.15294027018601963,-0.004382704421537265,0.966516897813695,-0.41101691916028393,0.3262871068508355,0.059528971739970946,0.29383304715156555,0.3995417654514313,-0.8683481812477112,0.003962676972150803,-0.0020462959073483944,-0.0027868293691426516,0.010444575920701027,-0.012204370461404324,-0.011776783503592014
1724162861.117137,-0.20566858623459533,0.15302012274286284,-0.004545170929284518,0.966573598906176,-0.4104027394513478,0.3263206984799473,0.059095164596358454,0.29394081234931946,0.39897865056991577,-0.8685705661773682,0.0011238036677241325,-0.0003733297053258866,-0.0012077719438821077,0.028337744995951653,0.003649173304438591,-2.803222741931677e-05
1724162861.172425,-0.20484084877422257,0.15299984329494148,-0.004645985742176688,0.9667520391969211,-0.40877143697063195,0.3260599822766338,0.0585530989115904,0.29392245411872864,0.397482305765152,-0.8692625761032104,0.00022772920783609152,0.0013781266752630472,0.001365138334222138,0.045290395617485046,0.0038026096299290657,0.010960900224745274
1724162861.208836,-0.203906517405021,0.15299623918230668,-0.004344496804844617,0.9669515209336387,-0.40679162899910243,0.32598436626709826,0.05882346533623191,0.29410815238952637,0.3956648111343384,-0.870028555393219,0.00032320115133188665,0.000621020095422864,-0.000680844415910542,0.04564986750483513,-0.016708675771951675,0.017635542899370193
1724162861.260511,-0.20317274841040417,0.15281943588731542,-0.003913275620394674,0.9671357960278634,-0.4051834082181592,0.32563131431709685,0.05936714679226022,0.2940041422843933,0.394187331199646,-0.8707340955734253,0.0,0.0,0.0,0.02508331649005413,-0.020043887197971344,0.021638983860611916
1724162861.290268,-0.20282806690530877,0.15254307929535665,-0.0037606775978075817,0.9672523803729852,-0.4044565235781326,0.32502751485107945,0.059432363707626334,0.29356977343559265,0.39351919293403625,-0.8711827993392944,0.000304808490909636,-0.0008251499384641647,-0.003409396391361952,0.003481208812445402,-0.018637778237462044,0.004262547940015793
1724162861.316444,-0.2028975173073119,0.1522464882934025,-0.0038150241789660032,0.9672843250274802,-0.40463234833745604,0.324379560432384,0.05921393841596659,0.29298317432403564,0.3936808407306671,-0.8713071942329407,0.0,0.0,0.0,-0.01506546325981617,-0.024097776040434837,0.004485308658331633
1724162861.3861141,-0.20311047941247162,0.15193588865034735,-0.0038094342622455577,0.967288499362371,-0.4050779913739262,0.3237562855772212,0.059170169248112414,0.29238420724868774,0.3940904438495636,-0.8713232278823853,0.0012044748291373253,-0.006224235985428095,-0.0009033872629515827,-0.005509303417056799,-0.019991466775536537,-0.006842939183115959
1724162861.435843,-0.202856344561901,0.1518498353888653,-0.003978576858614236,0.9673546307330201,-0.40462747133933574,0.3234470270249472,0.0586793780207636,0.2921711206436157,0.3936763405799866,-0.8715818524360657,0.0016012049745768309,-0.001988699659705162,-0.0010538548231124878,0.021631626412272453,0.004441165365278721,-0.008091959170997143
1724162861.44518,-0.20228731428220806,0.15173526855122385,-0.004283132459694378,0.9674904826462603,-0.40358942632789757,0.3229552564066508,0.05777153187123598,0.2918719947338104,0.39272192120552063,-0.872112512588501,0.0026111439801752567,-0.003051092615351081,-0.0029441958758980036,0.03096005693078041,0.007169347256422043,-0.020785344764590263
1724162861.4887528,-0.20195160582187804,0.1516735974616678,-0.004801754641811211,0.9675678111512492,-0.40308759533360405,0.3225368743699113,0.056527537019061776,0.2915695309638977,0.39226034283638,-0.8724213242530823,0.0021704863756895065,-0.000713546178303659,-0.00802483968436718,0.010459810495376587,0.01257375068962574,-0.036793194711208344
1724162861.5559402,-0.2022380720965968,0.1516290775147761,-0.005297098268185719,0.9675123865775607,-0.40382883282008725,0.3222917135188291,0.05557707498398016,0.2912634611129761,0.39294207096099854,-0.8722167611122131,0.0014873403124511242,-0.0026777631137520075,-0.0017364240484312177,-0.0113188736140728,0.0009035514667630196,-0.029761988669633865
1724162861.58868,-0.2026796184026021,0.15182532822348108,-0.005944057245943779,0.9673855446182797,-0.404918207040321,0.3225326640195714,0.05447315900404918,0.2913377583026886,0.39394357800483704,-0.8717401027679443,-0.008054018951952457,-0.0016902720090001822,0.007241456303745508,-0.033934906125068665,-0.01049447525292635,-0.017277128994464874
1724162861.5939941,-0.20326760157159104,0.15181467522992506,-0.0064398336644330015,0.9672605667789114,-0.40626465620267177,0.32241938182908414,0.0536506369497772,0.2910706698894501,0.3951807916164398,-0.871269166469574,0.004697367548942566,0.005733897909522057,-0.01635233871638775,-0.029938001185655594,0.04204849526286125,-0.023482538759708405
1724162861.640873,-0.20382038843968864,0.15223303115828107,-0.007025813547024462,0.9670743958777646,-0.4075466146546603,0.3231859233646608,0.05281578756520632,0.2915773093700409,0.39635807275772095,-0.8705646991729736,0.0015424767043441534,-0.0005094163352623582,-0.003934598993510008,-0.02520795725286007,0.030297715216875076,-0.037558313459157944
1724162861.7160869,-0.20431134349979316,0.15257587449180968,-0.007838688065184762,0.9669104984260423,-0.4087837174078681,0.3236801469225218,0.05144715751872098,0.29185137152671814,0.3974935710430145,-0.8699549436569214,-0.0027250086423009634,0.002362029394134879,0.0022616267669945955,-0.029916616156697273,0.011482061818242073,-0.03454434871673584
1724162861.727994,-0.20507672727359014,0.15285030803658464,-0.008567595583549978,0.966698991791179,-0.4105503992978044,0.3241160386079535,0.05032928821293197,0.2920064330101013,0.39911404252052307,-0.8691606521606445,0.0007051305146887898,-0.0002372432209085673,0.001519055338576436,-0.0360570028424263,0.019367000088095665,-0.04427434876561165
1724162861.769886,-0.20581656837269818,0.15309963679306118,-0.009160216458603255,0.9664967635322593,-0.4122228309025542,0.32454956532622836,0.049477330212589585,0.2921699583530426,0.40064695477485657,-0.8684000968933105,0.00011386460391804576,0.0006890633376315236,0.000682569167111069,-0.024098912253975868,0.027000747621059418,-0.02603188529610634
1724162861.812212,-0.20602766084701282,0.1533952608522655,-0.009489895293577175,0.9664017495656276,-0.41274180577540864,0.325089716313749,0.048997804914223654,0.2925725281238556,0.40112239122390747,-0.8680449724197388,0.0005509303882718086,0.001999146770685911,0.0006842939183115959,0.0006392186041921377,0.008537299931049347,-0.011519527062773705
1724162861.864894,-0.2059836848296551,0.1537155820964472,-0.009572302139946436,0.9663593898665073,-0.412664261399921,0.32573840597285325,0.048952428009517275,0.2931455075740814,0.4010513722896576,-0.8678845167160034,-0.004230741411447525,0.003593622473999858,0.0012694988399744034,0.010232247412204742,0.019876275211572647,0.0033769900910556316
1724162861.8777862,-0.20571307380646736,0.1538926504997138,-0.009452346243317774,0.9663900178194073,-0.41207054854146824,0.3261186126025314,0.04918109615304594,0.2935516834259033,0.4005074203014374,-0.8679983615875244,0.003749748459085822,0.0016693775542080402,-0.006502334959805012,0.025113951414823532,0.038193002343177795,0.013141484931111336
1724162861.916312,-0.20520540163258874,0.15425552343802537,-0.009309554986039609,0.9664415078892563,-0.41098242305083005,0.3268625863422254,0.049450096100385255,0.29433712363243103,0.39951014518737793,-0.8681919574737549,0.006173540372401476,-0.0035151320043951273,-0.00027564604533836246,0.04312441125512123,0.042407333850860596,-0.010883597657084465
1724162861.9538941,-0.20470953237140255,0.15453456091504908,-0.009083342245332117,0.9665042637226814,-0.40989459029458175,0.3274627199561861,0.0498604627981505,0.2949977219104767,0.39851266145706177,-0.8684261441230774,0.008039218373596668,-0.003403527894988656,-0.004891089629381895,0.03296573460102081,0.02831573598086834,-0.0033463812433183193
1724162862.002355,-0.2041321403492885,0.15501454733079498,-0.00904682553413717,0.9665498409066712,-0.40869544511720896,0.32839954329561366,0.0499297325627705,0.2959650754928589,0.39741256833076477,-0.8686011433601379,0.002361471764743328,-5.7596073020249605e-05,-0.001732974429614842,0.031643327325582504,0.015644052997231483,0.004077731166034937
1724162862.053689,-0.20347182441045217,0.15544964958291171,-0.009104383678739471,0.966618641904669,-0.40736339905553737,0.3291826825967861,0.04974810987982757,0.2968160808086395,0.3961898684501648,-0.8688692450523376,-0.0004186730948276818,0.0001360864844173193,0.0027268272824585438,0.03577093780040741,-0.0017516858642920852,0.006978590041399002
1724162862.1048942,-0.202654592808337,0.15562242444243443,-0.008853935353094922,0.9667648834407061,-0.4056264224065572,0.3294977011305354,0.05003511085481877,0.2973119914531708,0.3945944309234619,-0.8694255352020264,0.0003599864721763879,0.0035133601631969213,0.004776259418576956,0.04248424246907234,-0.009838937781751156,0.025200355798006058
1724162862.110394,-0.20152202319278678,0.15565215593056966,-0.008383474804327969,0.9670009470494941,-0.40318918015453753,0.3295325760215019,0.05059811656013177,0.2976526618003845,0.3923538029193878,-0.870322585105896,0.0,0.0,0.0,0.05680021643638611,0.0013848444214090705,0.03663092106580734
1724162862.158587,-0.2003398888027134,0.15570964532823184,-0.007588110012381586,0.9672439070359482,-0.40054271374781847,0.3297510870101017,0.05183471464702877,0.2981780171394348,0.38991814851760864,-0.8712368607521057,0.0006647949339821935,0.0026882102247327566,0.0013668631436303258,0.06351351737976074,-0.0067024072632193565,0.0548526868224144
1724162862.2012339,-0.19910510668384074,0.1556393030132654,-0.006572364175391824,0.9675175741548756,-0.39772423356185127,0.32977133227162686,0.05345533756679738,0.2985503375530243,0.38732123374938965,-0.8722671270370483,-9.547194349579513e-05,0.0007571065798401833,0.00204598275013268,0.05675537884235382,-0.033580876886844635,0.06634806841611862
1724162862.2433581,-0.19791568187797848,0.15532348975105875,-0.005422990798353033,0.9678194272677807,-0.39496720559295373,0.32932315581360605,0.05526588680183274,0.298503577709198,0.3847779333591461,-0.8734080195426941,0.003257546341046691,-0.001809052424505353,-0.004305884707719088,0.042572181671857834,-0.018644778057932854,0.05643023923039436
1724162862.272325,-0.19716894991428022,0.15499716818838605,-0.0043656122985762935,0.9680295049851578,-0.39313273205137755,0.3289007595927101,0.05704989339599394,0.298362135887146,0.3830840289592743,-0.8742005825042725,0.002192470943555236,-0.0029150061309337616,-0.00021736865164712071,0.02975432388484478,-0.04348921403288841,0.058500006794929504
1724162862.325202,-0.1963844271189376,0.15523525515053266,-0.0036987914869053163,0.9681535664256696,-0.3913199666642611,0.3295231113364807,0.058242793523117196,0.2991303503513336,0.3814089298248291,-0.8746703267097473,0.005619018338620663,-0.0018666484393179417,-0.006038859020918608,0.03355301544070244,0.013522899709641933,0.02546106092631817
1724162862.376173,-0.19583388790686093,0.15565033950191248,-0.0032934694061360127,0.9681999198981116,-0.3900535770018946,0.33046589778877766,0.05905303916373663,0.3001113533973694,0.38023796677589417,-0.8748441338539124,-5.51363336853683e-05,-0.0021683466620743275,0.002198175061494112,0.020111175253987312,0.004919284023344517,0.014033941552042961
1724162862.442369,-0.195410696222801,0.15590462390492343,-0.003067340863840611,0.9682452697460362,-0.3891124795590905,0.3310163701871236,0.059468947112526094,0.3007090389728546,0.3793673813343048,-0.8750168085098267,-0.0006464023026637733,-0.001242040190845728,0.001361688831821084,-0.0006392186041921377,-0.008537299931049347,0.011519527062773705
1724162862.4885511,-0.1953836785842345,0.15580279484025858,-0.00298288305397792,0.9682673931635966,-0.3890361588912777,0.3308260560661814,0.059591812742020835,0.3005519211292267,0.37929677963256836,-0.8751014471054077,-0.0004370657552499324,-0.0013100834330543876,-1.7247512005269527e-06,-0.0032687969505786896,-0.009102541022002697,0.0013513402082026005
1724162862.49375,-0.1954093362114287,0.1556585199553637,-0.002971681710653655,0.9682854221966762,-0.38909277524316266,0.3305260109125944,0.059564175282791045,0.30028235912323,0.3793491721153259,-0.8751712441444397,0.0002093365474138409,-6.804324220865965e-05,-0.0013634136412292719,-0.0015205338131636381,-0.003862207056954503,0.0013582393294200301
1724162862.53212,-0.19533981149699323,0.15526118368473688,-0.0029423777525027796,0.9683633259099853,-0.38896776926985743,0.32967057086400275,0.059430569173880794,0.2995489537715912,0.3792335093021393,-0.8754726648330688,0.0021337426733225584,-0.0014357229229062796,-0.0030981129966676235,0.004509498830884695,-0.020424164831638336,-0.005283072125166655
1724162862.561112,-0.19532086791756248,0.154798073729168,-0.0028306052997550974,0.9684416503927087,-0.38892084301026,0.3287173652310295,0.05946107694173273,0.2987200617790222,0.3791900873184204,-0.875774621963501,0.0013918684562668204,-0.0019206563010811806,0.0003095587599091232,0.00037375453393906355,-0.03944213315844536,0.006222656928002834
1724162862.598349,-0.19519932958419545,0.15456595270279375,-0.0027760398065711333,0.968503397939776,-0.38867285305153837,0.3282163459696495,0.059430236269742885,0.2983115315437317,0.37896057963371277,-0.8760131597518921,-0.001197332632727921,-0.003241186961531639,0.0006773949135094881,0.007822264917194843,-0.01572454534471035,0.008980529382824898
1724162862.641961,-0.19496999532003542,0.15421035288810794,-0.002886768321743176,0.9686059422256279,-0.3882708393288749,0.3273625571937066,0.058960862253365075,0.2976124584674835,0.3785885274410248,-0.8764117360115051,0.000304808490909636,-0.0008251499384641647,-0.003409396391361952,0.0003522862680256367,-0.013216027058660984,-0.0034831964876502752
1724162862.6745,-0.19499331627897898,0.1540348053562696,-0.003027332972150468,0.9686287541096538,-0.38837495538676703,0.32693432126704186,0.05860218985489987,0.2972244620323181,0.3786849081516266,-0.8765017986297607,0.0005544805899262428,-0.003818646539002657,-0.004620617721229792,-0.00027169822715222836,0.0030247941613197327,-0.01698007993400097
1724162862.707372,-0.19535457717904522,0.1540448000657525,-0.00377495605533379,0.9685516742165337,-0.38934771533236445,0.32672862154458215,0.05718280155128827,0.29692578315734863,0.37958502769470215,-0.8762136101722717,0.00341170490719378,-0.006215605419129133,-0.01385495439171791,-0.020844565704464912,0.04635348543524742,-0.06846656650304794
1724162862.7596002,-0.19630900533463827,0.15394241922791255,-0.004565382467857999,0.9683716195142107,-0.3915328890731445,0.32638094332384116,0.055852020609493847,0.2963544726371765,0.38160574436187744,-0.8755289912223816,0.00032320115133188665,0.000621020095422864,-0.000680844415910542,-0.06012008339166641,0.0055511207319796085,-0.04028470441699028
1724162862.788516,-0.19733403218718215,0.15368293790796334,-0.004842885772203784,0.9682031075112495,-0.3936993673388823,0.3259151754533264,0.05555229432540568,0.29568126797676086,0.3836073875427246,-0.8748816847801208,-0.0017334622098132968,-0.00014653365360572934,-0.002357266377657652,-0.057020675390958786,-0.005717905703932047,-0.007070561870932579
1724162862.82249,-0.198275059562121,0.15348650369318664,-0.004798876899136072,0.968042212877934,-0.3955874974627532,0.32569898607610054,0.05591960200548229,0.29525983333587646,0.38535037636756897,-0.8742578029632568,0.003525611013174057,-0.0033563789911568165,-0.0027885541785508394,-0.03790827468037605,0.0068350378423929214,-0.008959396742284298
1724162862.864682,-0.19886073657053993,0.15351109674026645,-0.004929562802414832,0.9679174896329218,-0.3968066103165476,0.3258160190543759,0.055880588449066744,0.2952115535736084,0.3864750564098358,-0.8737775087356567,0.0016966769471764565,-0.0027458062395453453,-0.0030998378060758114,-0.0215357206761837,0.014486049301922321,-0.01662006787955761
1724162862.919114,-0.19895127439034319,0.1537013880710658,-0.005251316081193664,0.9678671199960511,-0.39708420216451445,0.3261116920180038,0.055323634491755085,0.29543551802635193,0.3867310583591461,-0.8735885620117188,0.0,0.0,0.0,-0.004575968720018864,0.0030038997065275908,-0.016240958124399185
1724162862.952182,-0.19898238701080553,0.15384862774285105,-0.005647597240698569,0.9678350569357579,-0.3972695793645922,0.3262720751955481,0.05456922471265618,0.29555264115333557,0.38690200448036194,-0.8734732270240784,-0.0029930733144283295,0.003909355960786343,0.0007442961214110255,-0.004230783320963383,0.0014234590344130993,-0.009114331565797329
1724162863.00694,-0.19907873310881347,0.15382336165043473,-0.005933924957246505,0.9678175227649556,-0.39755948883464265,0.32611930541747364,0.053995367214300836,0.2953832447528839,0.38716933131217957,-0.8734120726585388,0.001366333570331335,0.006098597310483456,-0.0021930006332695484,-0.0020638471469283104,0.006527706515043974,-0.011834260076284409
1724162863.0619168,-0.19948721815563827,0.15385078812589617,-0.0060283403523721316,0.9677284916859648,-0.3984105377146869,0.32622106167751186,0.053965738725063196,0.29536643624305725,0.38795387744903564,-0.8730695843696594,0.0015792620833963156,0.002382923848927021,0.0015225049573928118,-0.026200411841273308,-0.008732525631785393,0.002008838579058647
1724162863.074561,-0.1999952165978035,0.15418502472524367,-0.006145014062655918,0.9675696185805189,-0.39945198560260115,0.3269943635097674,0.05406135467195732,0.2959115505218506,0.3889135420322418,-0.8724578022956848,0.001028331695124507,0.00038377687451429665,0.000838210922665894,-0.016159191727638245,0.008317636325955391,-0.011289866641163826
1724162863.1179729,-0.20033518639832065,0.1543984571790007,-0.0066013914449294915,0.9674622639463062,-0.40027536474879144,0.3273335306648398,0.05332837887016318,0.296104371547699,0.3896719515323639,-0.872053861618042,0.003867204999551177,-0.0012891890946775675,-0.0007408466190099716,-0.002239556983113289,0.032820042222738266,-0.03275870531797409
1724162863.151658,-0.20046193078305402,0.15474265565393133,-0.007224169225432368,0.9673766100898816,-0.40071862631542476,0.3278424571602328,0.05222185928013524,0.2964925169944763,0.39008015394210815,-0.8717394471168518,-0.0003451440716162324,0.003750602947548032,0.0032572040800005198,-0.0027909204363822937,0.011136573739349842,-0.010776955634355545
1724162863.207045,-0.20028359348505892,0.15512903645436846,-0.0075831272602544545,0.9673488952472624,-0.40045887400093283,0.32849073377076204,0.051569667419051696,0.2970902621746063,0.3898409605026245,-0.8716429471969604,-0.0005396797205321491,0.008912446908652782,0.0022702503483742476,0.007793696131557226,0.022137148305773735,0.009884499944746494
1724162863.2312279,-0.1999843009038109,0.1554714433897304,-0.007419054330895114,0.9673571084731399,-0.3997839872379996,0.3292367468380399,0.05194780460593534,0.297825425863266,0.38921937346458435,-0.8716698288917542,0.0011018607765436172,0.003998293541371822,0.0013685878366231918,0.026508895680308342,0.00860007293522358,0.02042834646999836
1724162863.2845821,-0.1992830944606607,0.15569465304674102,-0.007172749288487705,0.9674677636906983,-0.39827990751031744,0.32967925556422045,0.05229059159884356,0.29840028285980225,0.38783344626426697,-0.8720908761024475,0.00045545841567218304,0.0027562533505260944,0.002730276668444276,0.03843730315566063,0.0017058944795280695,0.022603880614042282
1724162863.313586,-0.1986573200641051,0.15575311425276694,-0.0069327469073290765,0.9675887585213689,-0.3969385864312205,0.3297789635855312,0.052577170160533364,0.2986554503440857,0.38659676909446716,-0.8725524544715881,-0.0021740782540291548,0.004361175931990147,0.002945920452475548,0.03300156816840172,-0.012500893324613571,0.0266751479357481
1724162863.362292,-0.19804481608822333,0.15580496937699523,-0.006557259496893088,0.9677085934025829,-0.39557911785949024,0.3299221305392692,0.05314932121583859,0.29895034432411194,0.38534265756607056,-0.8730061054229736,-0.0007086808327585459,0.006055036094039679,0.003785856533795595,0.025494888424873352,-0.00854438915848732,0.02952198125422001
1724162863.3938022,-0.19756303672698322,0.1556899298635002,-0.005801556842135914,0.9678304262827085,-0.39436447534268404,0.32988639493714755,0.05449520424992093,0.2990705668926239,0.38422152400016785,-0.873458981513977,0.0006647949339821935,0.0026882102247327566,0.0013668631436303258,0.022233275696635246,-0.02494218945503235,0.041031159460544586
1724162863.459496,-0.19711848384020944,0.1552399979863535,-0.004288206520675227,0.96800123377722,-0.39299117326753796,0.329443899980271,0.05729613806641383,0.29885444045066833,0.3829532861709595,-0.8740897178649902,-0.002721416763961315,-0.0012856008252128959,0.007340545766055584,0.019867345690727234,-0.06060560420155525,0.08301730453968048
1724162863.472548,-0.19644490612130092,0.15427811843640182,-0.002123917050134594,0.9682990615560777,-0.39097517710092805,0.32811437372518654,0.06115093670141693,0.2979402542114258,0.3810901939868927,-0.8752153515815735,-0.0009399601840414107,0.01049470342695713,0.007725629955530167,0.01574605330824852,-0.08987376093864441,0.13560636341571808
1724162863.549514,-0.19591413009857575,0.15268239926367355,0.001509155652267681,0.9686606173538984,-0.3888102777276244,0.3260383371270967,0.06786238690940799,0.296386182308197,0.37908777594566345,-0.8766114711761475,-0.0007234815857373178,0.0009612361900508404,0.006136223673820496,0.00711414497345686,-0.15110738575458527,0.1765076071023941
1724162863.561475,-0.19558681012881757,0.15043251694119142,0.0053965630749763785,0.9690648164224628,-0.38703992721218056,0.3226979844397816,0.07491042704345498,0.2936687171459198,0.3774489462375641,-0.8782317042350769,0.003947875928133726,-0.007140095345675945,-0.00043646199628710747,0.006218378897756338,-0.13618209958076477,0.12526299059391022
1724162863.607095,-0.19518200214373255,0.1479806999496907,0.009575976203925925,0.9694915473543239,-0.38506619271084164,0.31902056182249683,0.08245872702501457,0.2906701862812042,0.3756204843521118,-0.8800113797187805,-0.014543102122843266,0.015763062983751297,0.006073572672903538,-0.005403283983469009,-0.20815765857696533,0.23618881404399872
1724162863.661398,-0.19461030834343954,0.1447479878359074,0.017904211569448686,0.9699764265948743,-0.3815415657768231,0.31526615841843636,0.09828664553705263,0.2877729535102844,0.37235161662101746,-0.8823497295379639,-0.02106841281056404,0.05651886761188507,0.007934032008051872,-0.06830887496471405,-0.27346789836883545,0.5389578938484192
1724162863.6743279,-0.19477802869163902,0.14072298362645638,0.03245020439144497,0.9701574579567782,-0.3777152484772855,0.31241069230372104,0.12705689098432943,0.2856880724430084,0.36879774928092957,-0.8845171332359314,-0.02109087072312832,0.03686584532260895,0.012408774346113205,-0.15223056077957153,-0.4132351279258728,0.7946516871452332
1724162863.7184381,-0.19599522130930816,0.13513201491514193,0.05019512236441139,0.969951325563941,-0.3754010861970592,0.30774849390858633,0.16230938611334983,0.2818189561367035,0.3666457235813141,-0.8866504430770874,0.005622609984129667,-0.005514278542250395,-0.0009599398472346365,-0.17319440841674805,-0.4470006823539734,0.7903201580047607
1724162863.754669,-0.19748573565364452,0.1300022092963482,0.06586021036082372,0.9694127906697462,-0.3744561845517965,0.3034004675542345,0.1935751354504377,0.2780645191669464,0.3657664656639099,-0.8881976008415222,0.023448752239346504,-0.03327580913901329,-0.019220668822526932,-0.17505767941474915,-0.33985719084739685,0.6070201992988586
1724162863.783642,-0.1993777965442089,0.12561361292687365,0.07750312182210975,0.968742923564913,-0.37558924748808953,0.29927931818861536,0.21695339392988391,0.27427938580513,0.3668207824230194,-0.8889394402503967,0.033302102237939835,-0.04238371178507805,-0.02145010605454445,-0.18227620422840118,-0.2614520192146301,0.3865605592727661
1724162863.84571,-0.20180815568313493,0.12275718681506033,0.08341664793966107,0.9681145261353475,-0.3792962479242321,0.29643901116407895,0.2292111188532226,0.2713543474674225,0.3702668249607086,-0.8884083032608032,0.04574461281299591,-0.052341245114803314,-0.03443121537566185,-0.17432434856891632,-0.0642395094037056,0.0771649032831192
1724162863.867568,-0.20428450928782382,0.12190156512786905,0.08239216540168298,0.9677908905571608,-0.38474404581201427,0.2951445190222244,0.22775220252115674,0.2696133255958557,0.3753219246864319,-0.8868157267570496,0.0331621877849102,-0.059078168123960495,-0.02273685298860073,-0.07615339756011963,0.0563102588057518,-0.2509253919124603
1724162863.977168,-0.20602390727222844,0.12274037474163083,0.0757391655055277,0.9678597617610052,-0.3900254917018331,0.29488021415767235,0.2148448277023637,0.2687990963459015,0.3802120089530945,-0.8849778771400452,0.009698593989014626,-0.03306632116436958,-0.011549647897481918,-0.05127399414777756,0.11374708265066147,-0.4192449152469635
1724162863.9938002,-0.20711171567260384,0.1237297435442517,0.06645684908463582,0.9681834616657014,-0.39477325913063555,0.29357020843387016,0.19618594680638635,0.26711416244506836,0.38459891080856323,-0.88359135389328,-0.0053438530303537846,-0.011316264048218727,-0.0030536330305039883,-0.03930913656949997,0.09238394349813461,-0.4946829676628113
1724162864.000968,-0.20819086843678716,0.123964406768404,0.056262782808833754,0.9685678693288614,-0.3999201634363632,0.29019754485450117,0.17525968886164586,0.2635626792907715,0.38934481143951416,-0.8825787901878357,-0.004730085842311382,0.009580614976584911,0.0036919410340487957,-0.0510769821703434,0.052547991275787354,-0.43014997243881226
1724162864.036007,-0.20863789039955097,0.1263532981143689,0.04526588472962018,0.9687393881269343,-0.40366618417112593,0.2908236915487279,0.15329841998403343,0.2636951804161072,0.3927924931049347,-0.8810101747512817,0.027510451152920723,-0.0418970063328743,-0.0293583907186985,0.17396506667137146,0.42466220259666443,-0.6058244705200195
1724162864.0659041,-0.20647589235850816,0.13097745817140405,0.02959914726273491,0.9691936479854653,-0.4033227088473089,0.29351925352822006,0.12148428585934046,0.26610806584358215,0.3924766182899475,-0.880425214767456,-0.014598838053643703,-0.01477025542408228,-0.010597531683743,0.22671769559383392,0.4028692841529846,-0.7379313707351685
1724162864.1221008,-0.20438303812434022,0.13616135034151808,0.013337199861932762,0.969283120325532,-0.40343299112122744,0.29728572884756466,0.08874482999626063,0.2694095969200134,0.39257803559303284,-0.8793753385543823,-0.010077055543661118,0.02376646362245083,-0.016722824424505234,0.13673239946365356,0.42122524976730347,-0.7246845960617065
1724162864.153599,-0.20448261315528216,0.14179181400976482,-0.0029523869091485095,0.968541748272161,-0.40817742334849755,0.30252500148771716,0.0569781926900218,0.2734551429748535,0.39693716168403625,-0.876163899898529,-0.018833130598068237,-0.0053588408045470715,-0.004023121204227209,0.041347894817590714,0.41524583101272583,-0.7642124891281128
1724162864.1844711,-0.20502799258578452,0.14708280512938016,-0.020878942090266667,0.9674162248487553,-0.414614015771284,0.30633947556886176,0.021760202939164325,0.27601903676986694,0.4028366804122925,-0.8726603388786316,-0.03152180463075638,-0.00039576724520884454,-0.005519536789506674,0.10932062566280365,0.4391860365867615,-0.785747766494751
1724162864.2594109,-0.20409196589165723,0.15171382995774302,-0.03589337829476713,0.9664579878836154,-0.4173984892136829,0.30969062972297334,-0.008151667247591022,0.27859899401664734,0.4053836762905121,-0.8706587553024292,-0.03985406458377838,0.03876915201544762,0.0038371114060282707,0.1428203135728836,0.36800283193588257,-0.5462248921394348
1724162864.27194,-0.20322495672416493,0.1551724635475682,-0.04430835726240094,0.9657420901933136,-0.4183755658694229,0.3133995689568546,-0.024638393284445597,0.28170403838157654,0.406276673078537,-0.869242250919342,-0.03328375145792961,0.04165972024202347,0.013794828206300735,0.03786153346300125,0.2060466706752777,-0.2227061539888382
1724162864.3159451,-0.20278352332683608,0.15731696809178816,-0.0488967535176299,0.9652664460247826,-0.4190193536197731,0.3159913929137785,-0.033497892584533534,0.28387466073036194,0.40686485171318054,-0.8682604432106018,-0.018557406961917877,0.007653055712580681,-0.0046301656402647495,-0.0022298533003777266,0.13929037749767303,-0.17936480045318604
1724162864.3449569,-0.20310898883380943,0.15819660950346667,-0.05429647404262219,0.964765432862005,-0.42145010560358404,0.31555622899666463,-0.04440315243941171,0.2831890285015106,0.40908411145210266,-0.8674411773681641,-0.013768034055829048,0.022787965834140778,0.003044085344299674,0.014567604288458824,0.09580107778310776,-0.1550300270318985
1724162864.400992,-0.2041729709147622,0.1592729111386157,-0.058949578234998294,0.9640905094971361,-0.42515346448915925,0.3159237458686566,-0.05340443919852745,0.28303518891334534,0.412460595369339,-0.8658910989761353,0.0062873633578419685,-0.0049962312914431095,-0.009976907633244991,-0.040718480944633484,0.1406020075082779,-0.26927676796913147
1724162864.429761,-0.20593807185289525,0.16144129150928838,-0.06466695971836783,0.9629871307433742,-0.43070471519599446,0.3182142479639469,-0.06393139169937428,0.28429698944091797,0.4175112545490265,-0.8630524277687073,0.008083579130470753,0.009707708843052387,-0.022326020523905754,-0.09170696884393692,0.21876105666160583,-0.26981452107429504
1724162864.460878,-0.20809670628506194,0.165833749947647,-0.06951370476019454,0.9614378572379177,-0.4369737779629394,0.325746802856457,-0.07141244333440187,0.2899465560913086,0.42319953441619873,-0.8583898544311523,-0.006441129837185144,0.02691694162786007,-0.013523898087441921,-0.13397710025310516,0.2836315929889679,-0.12705644965171814
1724162864.518235,-0.21014956678881141,0.1703487902659092,-0.07153224292489858,0.960052885431346,-0.4421461971349571,0.33484716026110223,-0.07281210286302256,0.2970227599143982,0.42788025736808777,-0.8536369204521179,-0.01858285814523697,0.020012635737657547,0.013634935952723026,-0.0995078906416893,0.2079537957906723,-0.03684815391898155
1724162864.6010718,-0.2113983602899826,0.17353371562735542,-0.0728352291488735,0.9591098975062324,-0.44536494538708243,0.34132227266006165,-0.07358207150329568,0.30208131670951843,0.43078726530075073,-0.8503935933113098,-0.0008189535001292825,0.0017183430027216673,0.008182206191122532,-0.03131556138396263,0.1968584656715393,-0.042611680924892426
1724162864.607167,-0.2120104035577884,0.1751961338715102,-0.07397260365568188,0.958585375564025,-0.44713012186977535,0.34448841406497727,-0.07496420195012425,0.30451497435569763,0.4323795735836029,-0.8487158417701721,0.003514443524181843,-0.00992764625698328,0.015024563297629356,0.0045625511556863785,0.055295590311288834,-0.02863914519548416
1724162864.648752,-0.21202936299718989,0.1762208535000905,-0.07513711994222677,0.9583026651762812,-0.4476608465763824,0.3461929358448709,-0.07692902204790376,0.3058832883834839,0.43285807967185974,-0.8479795455932617,0.010536539368331432,-0.004973520990461111,0.001865976257249713,0.021464049816131592,0.06714721024036407,-0.043422993272542953
1724162864.67916,-0.2114590786542083,0.17700125948970571,-0.07632300266112986,0.9581911951588044,-0.4469919603975875,0.34730397795394363,-0.079270017468179,0.3069237172603607,0.43225499987602234,-0.8479112386703491,0.0009109168313443661,0.005512506701052189,0.005460553336888552,0.04303647205233574,0.05121317133307457,-0.04211348295211792
1724162864.705143,-0.21075493796136405,0.17734607416769335,-0.07701347631226144,0.958227326537068,-0.44584269944931515,0.34768257781766143,-0.0808193556175862,0.3074137568473816,0.43121835589408875,-0.8482614755630493,-0.0070767151191830635,0.016902174800634384,0.013458378612995148,0.012559492141008377,-0.03477058559656143,0.005062595941126347
1724162864.757355,-0.21116380803108534,0.17659039646570493,-0.07580986993406358,0.9583728222868625,-0.4461791557014562,0.34661920877621166,-0.07848543563603612,0.30646225810050964,0.4315218925476074,-0.8484513759613037,-0.0002603645552881062,0.01827671192586422,0.0067421249113976955,-0.05249759182333946,-0.07576090842485428,0.0740617960691452
1724162864.811218,-0.21249651593885982,0.17550697751767608,-0.07306390157044203,0.9584905694491032,-0.4478163775869499,0.34564043617367457,-0.07269909946755075,0.30539190769195557,0.43299826979637146,-0.8480850458145142,-0.0014357543550431728,0.010663902387022972,0.004843160510063171,-0.0775306224822998,-0.10678384453058243,0.12352767586708069
1724162864.822741,-0.21391885603328653,0.17398885224003638,-0.06935166820468809,0.958726710190123,-0.4492746456154336,0.34418545703928527,-0.06503478539440367,0.30394425988197327,0.43431228399276733,-0.8479332327842712,0.004969065543264151,0.0027091042138636112,0.000627741334028542,-0.07534214109182358,-0.12356536835432053,0.15128125250339508
1724162864.868833,-0.21533553486035284,0.17251564132675778,-0.06569130803978226,0.9589336130483732,-0.4507608587445046,0.34282222965389164,-0.0574572259423702,0.30257076025009155,0.4356505274772644,-0.8477379083633423,0.01287961844354868,-0.0064772870391607285,-0.002595549914985895,-0.08730732649564743,-0.11956354230642319,0.14364862442016602
1724162864.908493,-0.21679835155703248,0.1719389273799718,-0.06334230904048696,0.9588655527170612,-0.4528643698293146,0.34282882440797946,-0.05220508750002836,0.3022676110267639,0.43754297494888306,-0.8468709588050842,0.018909651786088943,-0.02303924597799778,-0.009236861020326614,-0.06655528396368027,-0.03170999884605408,0.034731198102235794
1724162864.937292,-0.21796296082389163,0.17214185314185565,-0.06323979296082184,0.9585717999049758,-0.45519640205900375,0.34345425620601566,-0.051458880736955134,0.30245277285575867,0.43963873386383057,-0.8457186818122864,-0.0017114777583628893,-0.0023479938972741365,0.005450204946100712,-0.050850771367549896,-0.007755571976304054,-0.02280895784497261
1724162864.979649,-0.2184864094373868,0.17198399366992578,-0.0627707864618367,0.9585118304179018,-0.45608287185854474,0.343391351269062,-0.05034597859502251,0.30226826667785645,0.4404347538948059,-0.8453704118728638,-0.003834011498838663,0.007829159498214722,0.0011190312216058373,-0.04262489825487137,-0.039713673293590546,0.04999648034572601
1724162865.033637,-0.21885491111920272,0.17199617009156246,-0.06176299345603022,0.9584909924009212,-0.4564751651795302,0.34394657651374744,-0.0480505385218298,0.30267930030822754,0.4407869279384613,-0.8450397253036499,-0.006551878061145544,0.0007257650722749531,0.003154665231704712,-0.0359259657561779,-0.033210404217243195,0.04790256917476654
1724162865.06364,-0.21975154091609428,0.17132303948401587,-0.060835058517843196,0.9584657392365523,-0.45793135122355033,0.34301688193720303,-0.04608215653364754,0.30167731642723083,0.44209355115890503,-0.8447153568267822,-0.0014985909219831228,-0.008233830332756042,-0.0012181203346699476,-0.03920210897922516,-0.04369833692908287,-0.0024392534978687763
1724162865.100925,-0.2205058747350132,0.1706582298501854,-0.06123294259226107,0.9583858571748618,-0.4595660628611384,0.34144693921361635,-0.046999192252606584,0.3001084327697754,0.4435592293739319,-0.8445058465003967,0.015810413286089897,-0.0030895662494003773,-0.000915678683668375,-0.004891802556812763,0.0017509617609903216,-0.09037131071090698
1724162865.161838,-0.22146419132069822,0.17088524780559286,-0.06257790280567684,0.9580374108204605,-0.46198873824886605,0.3414038941588553,-0.0494119805589588,0.2997113764286041,0.44572925567626953,-0.8435037136077881,-0.0028975598979741335,0.005322412122040987,0.009082144126296043,-0.03779824823141098,-0.0018492466770112514,-0.07565873116254807
1724162865.223176,-0.22250958982591626,0.1700572144067289,-0.06365585618435665,0.957871569928955,-0.4644392219268305,0.3391650183450105,-0.051774554968105985,0.29745787382125854,0.4479215145111084,-0.8431400656700134,-0.014128495939075947,-0.002579876920208335,0.010550038889050484,-0.03478071838617325,-0.0639973133802414,-0.08048753440380096
1724162865.228709,-0.22356531844301622,0.16786421749714653,-0.0642632469996842,0.9579719904519678,-0.4666686205915696,0.334134387026449,-0.05384871672223224,0.29288437962532043,0.4499136209487915,-0.8436803221702576,-0.0195233765989542,0.004312528297305107,0.012875118292868137,-0.046131011098623276,-0.1563589721918106,-0.035652272403240204
1724162865.253489,-0.22424216678078102,0.16390068034927138,-0.06302366705495385,0.9585822506725291,-0.46740188854819636,0.3260629515449529,-0.05302992382363944,0.2859594225883484,0.45056837797164917,-0.8457040190696716,-0.001869311323389411,0.0013658631360158324,-0.010847305878996849,-0.0033903010189533234,-0.19400081038475037,0.03154457360506058
1724162865.31458,-0.22410810422137312,0.16087957323431734,-0.06166899160596777,0.9592133202314119,-0.466516224443543,0.3200500654640245,-0.051749107750147884,0.28099462389945984,0.4497775137424469,-0.8477866649627686,-0.007036462891846895,0.00963639561086893,-0.007157089654356241,-0.01968912035226822,-0.18718649446964264,0.09165477007627487
1724162865.357067,-0.2238141024675994,0.15882804372731513,-0.060060626321782495,0.9597257069945543,-0.4652865627762385,0.31629137071443203,-0.04946392744180324,0.2779778838157654,0.4486789107322693,-0.849361777305603,0.0023394874297082424,0.0021438642870634794,-0.009540445171296597,0.007240351289510727,-0.09130457788705826,0.06022743880748749
1724162865.386004,-0.22352744205509828,0.15819215868359537,-0.0586268117920057,0.9599862335431109,-0.4642084294592266,0.31557012177532373,-0.046810203466319415,0.277515172958374,0.4477151334285736,-0.850021481513977,0.010330711491405964,-0.012893433682620525,-0.012459351681172848,0.00846875086426735,-0.01014217920601368,0.02838650345802307
1724162865.423444,-0.22327712810343328,0.15889989864480603,-0.059038322092220034,0.9599023205207745,-0.46386814002125054,0.3169001507622996,-0.04741043136448108,0.27869296073913574,0.44741085171699524,-0.8497962951660156,0.008237304165959358,-0.0143831642344594,-0.009209047071635723,0.014831416308879852,0.06938354671001434,-0.06134037300944328
1724162865.46087,-0.22290323971854395,0.1598454692910981,-0.06095099186764337,0.9597127154057953,-0.4637795762749608,0.3179991642735853,-0.051154200704524234,0.2796390950679779,0.44733163714408875,-0.84952712059021,0.0027653442230075598,-0.0052874828688800335,-0.00210943422280252,0.03672747313976288,0.07375486195087433,-0.08337775617837906
1724162865.515833,-0.22225941912246566,0.16085180920474126,-0.06332550430802407,0.9595401308539758,-0.4633034100233089,0.31897901536657747,-0.055949289394049036,0.2805381417274475,0.4469057023525238,-0.8494548797607422,-0.0006831876235082746,-0.004134380258619785,-0.004095415119081736,0.03070445917546749,0.07434090226888657,-0.10811392962932587
1724162865.547196,-0.22182039426197164,0.161053800168231,-0.06496467074107068,0.9594982233071383,-0.4629596523390084,0.3185722437308111,-0.05951302517373718,0.2802406847476959,0.4465981721878052,-0.8497147560119629,0.0019024215871468186,0.0008337805047631264,-0.009542170912027359,-0.007747994270175695,0.05219721421599388,-0.08493373543024063
1724162865.5846581,-0.22112263494734388,0.16139621109745844,-0.0671317674945242,0.9594526393460447,-0.4622722531862045,0.3181940916986921,-0.0642230602402188,0.28001531958580017,0.44598302245140076,-0.8501120805740356,-0.007741551846265793,0.012043801136314869,0.001707685412839055,0.01781943254172802,0.0013882112689316273,-0.04070077836513519
1724162865.6135058,-0.22058721005106033,0.16145734003816045,-0.06800889622557196,0.9595037710291193,-0.4614753235981389,0.3178503340510521,-0.06625234959893299,0.2798340618610382,0.4452695846557617,-0.8505456447601318,0.0001102726673707366,0.004336693324148655,-0.004396350122988224,0.06951576471328735,0.049625642597675323,-0.016984403133392334
1724162865.6725569,-0.22023542983437389,0.16143958803041222,-0.06782886826142803,0.959600308202083,-0.4607014143530223,0.31786988684454326,-0.06599080883936329,0.2799583077430725,0.4445765018463135,-0.8508672118186951,0.008443091064691544,-0.008633414283394814,-0.005267549306154251,0.06185484305024147,0.05364837870001793,-0.02535616233944893
1724162865.700794,-0.21986799735062917,0.16192631217247774,-0.06729361782077638,0.9596402666794825,-0.4598141656380769,0.3191730878126105,-0.06471231509688254,0.2811906039714813,0.4437815845012665,-0.8508758544921875,0.0010318818967789412,-0.005434016231447458,-0.004466700833290815,0.0097329868003726,0.030203595757484436,0.026567094027996063
1724162865.765881,-0.2195157259855488,0.1624268176706103,-0.06677957621930251,0.9596722287174576,-0.4589643587138814,0.32049598895954706,-0.06346901834601419,0.2824346721172333,0.44301989674568176,-0.8508607745170593,-0.0037385395262390375,0.007072052452713251,-0.0009269515285268426,-0.017782563343644142,0.00584445521235466,0.066925548017025
1724162865.816881,-0.2198376680838281,0.16260791007725564,-0.06612057709171643,0.9596134539120037,-0.45941275226671247,0.32124587232414065,-0.061854561095814456,0.2830098867416382,0.4434218406677246,-0.8504601120948792,-0.0037752832286059856,0.006349875591695309,0.003999775275588036,-0.023945536464452744,-0.01243411935865879,0.030518794432282448
1724162865.828432,-0.22045544801468517,0.16235617393313337,-0.06505019948995328,0.9595875435373059,-0.46029810687510764,0.3212726446843312,-0.05948022879109985,0.2829085886478424,0.44421520829200745,-0.8500797152519226,0.0025892010889947414,0.0013205306604504585,-0.0003678361536003649,-0.03399394080042839,-0.022189022973179817,0.033659663051366806
1724162865.873374,-0.2211633001992328,0.16183331777349033,-0.06395855890405956,0.9595863915671343,-0.4613438188021425,0.3207239673942144,-0.057168946686333294,0.2822955250740051,0.44515183568000793,-0.849793553352356,0.003940734080970287,0.0023253276012837887,-0.0002104696468450129,-0.0334138423204422,-0.029686596244573593,0.05230926349759102
1724162865.902296,-0.22154013046511384,0.16154125943980277,-0.06318296632700104,0.9596000232627753,-0.4618367042074407,0.32049862802245255,-0.055527898902380586,0.28203487396240234,0.4455931484699249,-0.8496487736701965,0.0012928046053275466,0.002484080381691456,-0.002723377663642168,-0.003650601487606764,-0.001733788987621665,0.030302932485938072
1724162865.97887,-0.2215748474605561,0.1614011210869464,-0.06265725868747041,0.9596500422960126,-0.4617265534957878,0.3204519212852465,-0.05446013458850499,0.28201064467430115,0.44549453258514404,-0.8497085571289062,0.0034449398517608643,0.002494527492672205,-0.00309293856844306,0.004267568700015545,0.001468881033360958,0.014571435749530792
1724162865.988904,-0.22147975239376894,0.16132757882830331,-0.062314972747521284,0.959706685698388,-0.46141708751627597,0.3204486791667529,-0.053795654005801316,0.28205129504203796,0.44521746039390564,-0.8498402833938599,-0.0035000762436538935,-0.0046628741547465324,0.005291113629937172,0.017252834513783455,-0.04507337883114815,0.00629738112911582
1724162866.059564,-0.2213215898456984,0.15994799689838465,-0.06240115900080643,0.9599684312000335,-0.4610462509198499,0.31735063319202184,-0.0547471732511875,0.2794685959815979,0.44488537311553955,-0.8508667945861816,5.8728212025016546e-05,-0.0014792834408581257,0.00288074417039752,0.008951493538916111,-0.106317900121212,-0.028293412178754807
1724162866.071799,-0.2214853360672812,0.15729280628807,-0.06272321979050598,0.9603483259134614,-0.46132832728476647,0.31135915879826565,-0.05675669206072097,0.27432721853256226,0.44513797760009766,-0.8524064421653748,0.003522060811519623,0.002461414085701108,0.002516357460990548,-0.005255319643765688,-0.16559459269046783,-0.06109122559428215
1724162866.099086,-0.2226228644663042,0.1538141245914803,-0.06260952305861671,0.9606561662734211,-0.4633959749056425,0.3038565700166684,-0.057947537505742254,0.2676483392715454,0.4469885230064392,-0.8535605669021606,0.0007199729443527758,0.007026720326393843,0.009552518837153912,-0.07446978986263275,-0.2080574482679367,-0.03182747960090637
1724162866.154058,-0.22427118714158148,0.150194375837429,-0.06201753324786364,0.9608838769000403,-0.4663471489337747,0.29631959614333564,-0.05804175009572194,0.26082122325897217,0.44962650537490845,-0.8542881608009338,0.006684135179966688,0.0014094682410359383,0.0002564556198194623,-0.06237892061471939,-0.17426380515098572,-0.012072272598743439
1724162866.1851292,-0.22520293961862772,0.14787889528138162,-0.061053960229849324,0.9610867812612375,-0.4678140947240451,0.2917793328975724,-0.056890732385168355,0.25674983859062195,0.45093631744384766,-0.8548309206962585,0.0012376682134345174,0.000315733632305637,-0.0005252026603557169,-0.013965584337711334,-0.11185774207115173,0.034215088933706284
1724162866.2137609,-0.2250264647467918,0.14641265094291822,-0.05960073381568259,0.9614437450971255,-0.4669368716557546,0.289263985290574,-0.05457884832119247,0.2547115683555603,0.4501531720161438,-0.8558528423309326,0.0024202000349760056,-0.0015368794556707144,0.0011477696243673563,0.02666833996772766,-0.09051967412233353,0.0701659694314003
1724162866.269555,-0.22431288667565039,0.14580911539042973,-0.05809355459510355,0.9617943679476836,-0.46500456499982257,0.2886282188981276,-0.05186187731088836,0.25441449880599976,0.44842687249183655,-0.8568468689918518,0.0030298170167952776,-0.003187179332599044,-0.005671023391187191,0.04280700907111168,-0.028902238234877586,0.04718555137515068
1724162866.313398,-0.22363706991883459,0.14543561589389048,-0.05699934527401315,0.9620737730540214,-0.46328606229560865,0.2882921377708735,-0.04990459101062721,0.25434523820877075,0.4468902051448822,-0.8576698899269104,-0.0032243942841887474,0.006178859621286392,-0.005699761677533388,0.00045459275133907795,-0.036612387746572495,0.048062361776828766
1724162866.368878,-0.22357858685659193,0.1452401545527569,-0.05645224859894772,0.9621491238351312,-0.46299540286991797,0.28812914114285154,-0.04884570357854885,0.25424233078956604,0.4466301500797272,-0.8578358292579651,-0.00520393718034029,0.005378192290663719,-0.0017668872606009245,-0.023446274921298027,-0.02276143804192543,0.007328690029680729
1724162866.380199,-0.2240393842251038,0.1449869201330268,-0.05684862771544088,0.9620568091686791,-0.46403700183352153,0.28741615279061367,-0.049690572803608044,0.2534986436367035,0.4475618600845337,-0.8575702905654907,-0.005413273349404335,0.005446235649287701,-0.0004034735611639917,-0.0363367535173893,-0.009681588038802147,-0.02608017809689045
1724162866.429497,-0.22443989243422227,0.14490384653401847,-0.05773114285705444,0.9619233856624009,-0.46510750791357164,0.2868279195088603,-0.05151398482756379,0.2528584599494934,0.44851890206336975,-0.857259213924408,-0.005714531987905502,0.00045359210344031453,-0.0022989888675510883,-0.013838263228535652,0.00033467705361545086,-0.06509418785572052
1724162866.462106,-0.22482274185944834,0.14465631875663393,-0.058858662137478895,0.9618029195112661,-0.46620428707559364,0.2857508973962415,-0.05395860692216721,0.2517962157726288,0.44949889183044434,-0.857058584690094,0.004436444491147995,-0.0021841987036168575,-0.01809566281735897,-0.04084641858935356,0.002061924198642373,-0.062332428991794586
1724162866.535661,-0.22411986303052733,0.14553580882249878,-0.05951448577962982,0.9617939254636024,-0.46501613514315565,0.28729932546099096,-0.05512482817254475,0.253274142742157,0.44843724370002747,-0.8571792244911194,0.021245630457997322,-0.012907424941658974,-0.0030885646119713783,0.09936727583408356,0.0861339196562767,0.07530979812145233
1724162866.547729,-0.2197461125328579,0.1489591070675498,-0.05842376338863083,0.9623457631868867,-0.4559873349821125,0.29498783383310545,-0.05235177482828398,0.26102355122566223,0.4403489828109741,-0.859045684337616,0.03519391641020775,-0.021926388144493103,-0.004693711642175913,0.23854653537273407,0.2273368388414383,0.20854303240776062
1724162866.5820642,-0.21295970770136746,0.1551064626526832,-0.05717071739374046,0.962975419586391,-0.4421514693534681,0.30843801853228703,-0.048750798159472385,0.2743772864341736,0.4278850257396698,-0.861180305480957,0.026379670947790146,-0.02337760105729103,0.013610695488750935,0.3217839002609253,0.3146146833896637,0.18479157984256744
1724162866.611028,-0.20621521603672566,0.16153730937007124,-0.05621583568246325,0.9634420793436409,-0.428508638420061,0.3222629089219451,-0.045859435699598466,0.28807854652404785,0.41551473736763,-0.8627619743347168,0.008182292804121971,-0.010041022673249245,0.024140620604157448,0.2854389250278473,0.2641790509223938,0.1523503214120865
1724162866.6663342,-0.2014208025986284,0.1654764191970789,-0.05505614291624563,0.9638547617346346,-0.4186219522904569,0.33086743502175264,-0.04321540421092348,0.2968115508556366,0.40650179982185364,-0.8640944361686707,-0.0029638635460287333,-0.003417201805859804,0.029093436896800995,0.17660939693450928,0.10110779106616974,0.09201794862747192
1724162866.696379,-0.19962712569852617,0.16571203174990806,-0.053909940609813335,0.9642521367433265,-0.4146272760235258,0.33169454975999196,-0.041315916145935154,0.298052579164505,0.4028488099575043,-0.8653770685195923,-0.01950087584555149,0.02613571472465992,0.018784206360578537,-0.01835147850215435,-0.1497367024421692,0.05921425297856331
1724162866.75885,-0.20160890333210116,0.16219099327578826,-0.05222570159480638,0.9645310953276252,-0.41791654481609136,0.32498872084121044,-0.03868665820408838,0.29181817173957825,0.4058572053909302,-0.8660958409309387,-0.02107970416545868,0.043437112122774124,-0.0054043433628976345,-0.18990063667297363,-0.27593284845352173,0.047566551715135574
1724162866.78954,-0.20656902132040625,0.15711733353393556,-0.050307858330686024,0.9644234147319275,-0.4271169446239203,0.31533216428027266,-0.03530318185008773,0.2822711765766144,0.4142484664916992,-0.8652867674827576,-0.026816178113222122,0.048262327909469604,-0.005126971751451492,-0.31000274419784546,-0.3333839178085327,0.02779657579958439
1724162866.890602,-0.21346345242572975,0.15189994129045103,-0.047983439603852394,0.9638762064150337,-0.44015760015958416,0.30577590375115776,-0.030567922280326777,0.2723400592803955,0.426082044839859,-0.8627195358276367,-0.025641348212957382,0.029680326581001282,-0.011713455431163311,-0.35416772961616516,-0.26331576704978943,0.02031659334897995
1724162866.895678,-0.22036386910671418,0.14732756602616184,-0.0460962173793802,0.9631248447776765,-0.4534375849967599,0.29745898079557404,-0.026546942480944694,0.263473778963089,0.4380583167076111,-0.8594686985015869,-0.029219061136245728,0.0010259200353175402,-0.010133255273103714,-0.3019498884677887,-0.21660344302654266,-0.035551030188798904
1724162866.8989139,-0.22480574431299047,0.14396280494216512,-0.0456573863542878,0.9626278913919187,-0.4622403809243055,0.2908092418087422,-0.025894933670498315,0.2566371262073517,0.44595450162887573,-0.8574742078781128,-0.017690975219011307,-0.0064561632461845875,-0.012886172160506248,-0.14882302284240723,-0.1191420927643776,-0.0700642317533493
1724162867.020701,-0.22663452457851457,0.14238099807805005,-0.04635237257671508,0.9624010325380278,-0.4661226809358463,0.28719632043344046,-0.027633381220338645,0.25304514169692993,0.44942599534988403,-0.8567289113998413,0.0032135355286300182,0.00042370468145236373,-0.03030465729534626,-0.00889365654438734,0.06128249317407608,-0.0603819377720356
1724162867.033894,-0.22673160022335112,0.14326430681537747,-0.048125047555743636,0.9621600945071181,-0.4668699285537324,0.28826316904943106,-0.03096069396887008,0.25386345386505127,0.45009341835975647,-0.8561362624168396,-0.013812519609928131,0.003166240407153964,-0.010672474279999733,0.032489676028490067,0.09115423262119293,-0.0611145980656147
1724162867.041028,-0.22577433415981393,0.14444983015184915,-0.04950592049222278,0.962137857002587,-0.4653709253676968,0.2900750730103155,-0.033617632192302634,0.2556069493293762,0.44875431060791016,-0.8563203811645508,-0.01664780080318451,0.0011915763607248664,-0.004014497622847557,0.06251656264066696,0.08400885760784149,-0.030966604128479958
1724162867.058327,-0.22387662378878428,0.145555423606234,-0.05056646854399262,0.9623594845946322,-0.4618667428442553,0.29177377104994423,-0.03592431592695561,0.2575119733810425,0.44562003016471863,-0.8573857545852661,-0.01657782308757305,0.010623886249959469,0.0018207908142358065,0.0733790323138237,0.036640092730522156,0.020629536360502243
1724162867.091282,-0.2224211646240293,0.14655067061318844,-0.050421626033327636,0.9625535012169824,-0.4589011230909113,0.2938766434639797,-0.03556094591941242,0.25969603657722473,0.442963182926178,-0.8581034541130066,-0.007029279135167599,0.002341135172173381,0.0030007483437657356,0.08333966135978699,0.06388147920370102,0.027794107794761658
1724162867.1489182,-0.22112416388295547,0.14721132903358997,-0.04930956214311054,0.9628091025143474,-0.45595345779198604,0.2957304335109746,-0.03324965880616159,0.2616657316684723,0.44031858444213867,-0.8588658571243286,-0.005909067578613758,0.005615435540676117,-0.0032859425991773605,0.07334257662296295,0.05110905319452286,0.09824308007955551
1724162867.177229,-0.22013058290077808,0.1478865228493759,-0.04731590695515163,0.9630333058184106,-0.45335150199630125,0.29806763896153565,-0.02895326841502828,0.26400792598724365,0.4379809498786926,-0.8593441843986511,-0.003962718416005373,-0.00012386756134219468,-0.007597001735121012,0.038651082664728165,0.03937617316842079,0.10749164968729019
1724162867.211123,-0.21883049882561156,0.14890693424407567,-0.046607168876701306,0.9632069621168671,-0.45052519147856307,0.3004947821129687,-0.027345593031551752,0.2664582431316376,0.4354383945465088,-0.8598799109458923,0.0023210947401821613,0.0006976942531764507,-0.012268997728824615,0.057624395936727524,0.07243313640356064,0.048600152134895325
1724162867.2596002,-0.2172226968898498,0.15032893321687157,-0.046342785867365996,0.9633627807851641,-0.4472213665753228,0.3035459510054921,-0.026598886513824693,0.2695091962814331,0.43246185779571533,-0.8604310154914856,1.1208932846784592e-05,0.008741430006921291,-0.00742928683757782,0.045864593237638474,0.06467057019472122,0.07795888185501099
1724162867.2913032,-0.21648942552743514,0.15222645584455255,-0.04644855735979496,0.9632247475056716,-0.4458194090056576,0.3075614425684894,-0.026126290993717285,0.27314531803131104,0.4311973452568054,-0.8599188923835754,0.0067060780711472034,-0.002962155267596245,-0.0023199040442705154,0.04549863934516907,0.12316510081291199,-0.025741007179021835
1724162867.327217,-0.21585392286776756,0.15445009622094896,-0.0476220194397392,0.962956025093812,-0.44496481546808686,0.31179752386895054,-0.027743185500251184,0.27689850330352783,0.43042612075805664,-0.8591045141220093,0.0009032581583596766,-0.00904671661555767,0.007584928534924984,0.047709379345178604,0.11518578231334686,-0.054381318390369415
1724162867.387127,-0.21497739780547856,0.15664027751172308,-0.04861967015661549,0.9627484555512548,-0.4435735487469489,0.3160161559254346,-0.029087466283046065,0.28070610761642456,0.4291699230670929,-0.8584970831871033,0.0049726576544344425,-0.0009385257144458592,0.005706660449504852,0.05750061944127083,0.12205560505390167,-0.012651263736188412
1724162867.430612,-0.21381613465360008,0.15855010471144632,-0.04912717241547321,0.9626686751161002,-0.44144504503067505,0.31981750587535757,-0.02962959320545392,0.2842540740966797,0.42724642157554626,-0.8582890629768372,0.0036211246624588966,-0.0019433225970715284,0.005549294408410788,0.07412955164909363,0.09756337851285934,0.0009168940596282482
1724162867.464697,-0.21240347655113867,0.1601857460394506,-0.04924242630534462,0.9627047532722814,-0.43867416824086397,0.32316987705154493,-0.029567277264285107,0.287504643201828,0.4247395396232605,-0.8584505915641785,-0.002699432196095586,-0.003487061010673642,0.01514801662415266,0.06748081743717194,0.03565295785665512,0.05334801226854324
1724162867.493571,-0.21073032574152198,0.16092042647889387,-0.04865954411071909,0.9629795084650017,-0.4351193134757032,0.32484005870717325,-0.02855934755493413,0.2894180715084076,0.42151859402656555,-0.8593946695327759,0.009916146285831928,0.0076196687296032906,-0.006551988422870636,0.07189545035362244,0.04435087367892265,0.06898020207881927
1724162867.5614429,-0.20935218207134815,0.1619658711022526,-0.04743381732568315,0.9631660071542056,-0.43195510679116395,0.32751015773431036,-0.0259429971052872,0.29213929176330566,0.4186471402645111,-0.8598774671554565,0.0064160702750086784,0.0029567948076874018,-0.0012608750257641077,0.04504871740937233,0.0387166365981102,0.09311839193105698
1724162867.58968,-0.20843364375344411,0.1629918344402421,-0.04544040310917022,0.9632882446136029,-0.42945591590123455,0.3305303735307867,-0.021557555768410792,0.29507362842559814,0.4163762032985687,-0.8599781394004822,0.006474798545241356,0.0014775115996599197,0.0016198692610487342,0.012729551643133163,0.02032359316945076,0.13663840293884277
1724162867.618705,-0.20759022403505212,0.16431088927596957,-0.043492657152343475,0.9633361886020843,-0.427119702173761,0.3341654208939693,-0.017115833578085993,0.2985159456729889,0.4142509996891022,-0.8598164916038513,0.011318748816847801,-0.007414040621370077,-0.001389503013342619,0.05328350514173508,0.0782005563378334,0.0854174867272377
1724162867.6618528,-0.20643290454287372,0.16566531419669311,-0.04210131492088731,0.9634146686422518,-0.4243301519676581,0.33757409849236375,-0.013963253427137355,0.3018265962600708,0.4117104411125183,-0.8598809242248535,0.00985335186123848,-0.009107900783419609,-0.0022294388618320227,0.04632715508341789,0.05579124018549919,0.07007934153079987
1724162867.691146,-0.20502408681570453,0.16707607751311226,-0.04124745699990194,0.9635088671763474,-0.42121327199363034,0.3408218224298015,-0.01202682769171212,0.30504512786865234,0.4088679850101471,-0.8601014018058777,0.008366011083126068,-0.006430137902498245,-0.0004930145805701613,0.0540543794631958,0.0605081170797348,0.05843980610370636
1724162867.770657,-0.20389713599436887,0.16850462456501286,-0.04063012285837699,0.9635254002172414,-0.41874353403821296,0.3440366210235886,-0.010487368666783372,0.30814823508262634,0.4066128730773926,-0.8600643277168274,0.0006316431681625545,-0.001681596739217639,0.01137250941246748,0.03849667310714722,0.03076174668967724,0.05473773926496506
1724162867.782898,-0.2034234000457482,0.169938572091685,-0.039461520346560267,0.9634222869462815,-0.4173915737487769,0.34759119446799147,-0.00754506566098055,0.3113904297351837,0.4053773581981659,-0.8594796061515808,0.006878670770674944,-0.0037523750215768814,0.0012434092350304127,0.026972737163305283,0.0607910118997097,0.07105502486228943
1724162867.8970032,-0.20255006362159653,0.17093236593906413,-0.038378027434879204,0.963474208366859,-0.4152553787134419,0.35008708828752255,-0.00514503640403311,0.3138309121131897,0.40342363715171814,-0.8595111966133118,0.005527138244360685,-0.0047571719624102116,0.0010860427282750607,0.04393959045410156,0.03767327591776848,0.060824304819107056
1724162867.908589,-0.20182661151137724,0.17164131324391943,-0.037407334397441844,0.963538196158096,-0.4134560825867819,0.3519326103149376,-0.0030611670420237274,0.3156663179397583,0.40177658200263977,-0.8596105575561523,0.005145208910107613,-0.0038989088498055935,-0.0011138570262119174,0.01668120175600052,0.016199210658669472,0.05631183460354805
1724162867.910709,-0.2013642738224352,0.1721666018939244,-0.03690832354859221,0.9635604998184591,-0.41234849667286666,0.3532146130588098,-0.001954197601262915,0.31692183017730713,0.40076208114624023,-0.8596221804618835,0.005145208910107613,-0.0038989088498055935,-0.0011138570262119174,-0.00514153391122818,0.004591604694724083,0.02696043811738491
1724162867.942178,-0.20140262139585474,0.1724031268941728,-0.03731915625993056,0.9634942960762533,-0.4125737363101605,0.3535589002265857,-0.002694825816423786,0.31718650460243225,0.40096843242645264,-0.8594282865524292,0.005034936126321554,-0.008235602639615536,0.003282492980360985,-0.014896071515977383,-0.003726209281012416,-0.030080173164606094
1724162867.9821749,-0.201885185097511,0.17218410602225406,-0.03794173939647035,0.9634082028554432,-0.4137673603138116,0.3528917194084038,-0.003914248038985795,0.3164474070072174,0.4020616114139557,-0.859190046787262,0.010047887451946735,-0.014269744046032429,-0.0012424850137904286,-0.013691205531358719,0.0075637116096913815,-0.06403343379497528
1724162868.014719,-0.20246634198087038,0.17202324701873759,-0.038960130389929654,0.9632743026034979,-0.41530098129309373,0.35219415734711046,-0.005902525802557741,0.31563490629196167,0.4034653604030609,-0.8588307499885559,0.008347618393599987,-0.00787630770355463,-0.003221566788852215,-0.038488540798425674,0.0056519582867622375,-0.06914432346820831
1724162868.043542,-0.20340799837531698,0.17169763438605162,-0.040275472599676496,0.9630799881561478,-0.4176644216323915,0.3510606228604059,-0.008454510942023558,0.31433239579200745,0.40562674403190613,-0.8582901954650879,0.003947875928133726,-0.007140095345675945,-0.00043646199628710747,-0.0515780933201313,-0.01616768166422844,-0.08405464142560959
1724162868.0997639,-0.20451777727846535,0.1711953200773904,-0.04183069544464241,0.9628679907851804,-0.42044822477204224,0.3494557839354797,-0.011534742151433576,0.31256675720214844,0.408169686794281,-0.8577293157577515,-0.0033310754224658012,-0.0018054640386253595,0.003775507677346468,-0.07204960286617279,-0.03994431719183922,-0.05943113565444946
1724162868.204795,-0.20556219195411723,0.17030139585603576,-0.04262976772150007,0.9627689845860232,-0.4228242595243561,0.3473113109116963,-0.013236195686653462,0.31039565801620483,0.4103376269340515,-0.8574832677841187,0.0034372813533991575,-0.012064695358276367,-0.0009685636614449322,-0.053040456026792526,-0.04770398139953613,-0.08830109983682632
1724162868.216817,-0.20654264236559453,0.16976199409252707,-0.044009237464079844,0.9625924251146835,-0.42527901353624065,0.345667679686498,-0.016028083855189095,0.308643639087677,0.41257497668266296,-0.8570420145988464,0.003235603217035532,0.002562570618465543,-0.0017295250436291099,-0.038165852427482605,-0.0177516657859087,-0.067926786839962
1724162868.223577,-0.2077411654352166,0.16920437147489187,-0.045485442758981025,0.962363996844407,-0.4282043073202851,0.3439630965821956,-0.018958412573903727,0.30677399039268494,0.4152379035949707,-0.856427013874054,0.0035475539043545723,-0.007728002034127712,-0.005364913493394852,-0.050299741327762604,-0.003433410543948412,-0.12786135077476501
1724162868.2612128,-0.2084192834237771,0.16851359080093914,-0.046346365193625484,0.9622975006458373,-0.42985906795621653,0.34216367851846224,-0.020853556097816323,0.30500146746635437,0.4167427122592926,-0.8563291430473328,-0.00023482972756028175,0.010257460176944733,0.009244685061275959,0.012317395769059658,-0.021558191627264023,-0.016618218272924423
1724162868.292194,-0.20886449093008974,0.16767505500968044,-0.04599911284463818,0.9623641066589249,-0.43061879496004746,0.3405504182897006,-0.020352351928809152,0.3035137355327606,0.4174332022666931,-0.8565214276313782,0.0072018723003566265,-0.003131355158984661,0.0005625648773275316,0.023879149928689003,-0.0006458197603933513,-0.03127516433596611
1724162868.348915,-0.20975324825058042,0.16683289268503154,-0.0459051063287786,0.9623216887927925,-0.4323626044905321,0.33887555975794686,-0.020225955325285202,0.3018363416194916,0.41901716589927673,-0.8563407063484192,0.0036026902962476015,-0.005559655372053385,-0.007563089020550251,-0.016196059063076973,0.001084970310330391,-0.03751463443040848
1724162868.379492,-0.2103149384321351,0.16615662738146422,-0.0460819789157114,0.9623076518055876,-0.43354339295134636,0.3373949833620734,-0.02071772917490322,0.3004041314125061,0.4200890064239502,-0.8563191890716553,5.51363336853683e-05,0.0021683466620743275,-0.002198175061494112,-0.0036068821791559458,-0.019157687202095985,-0.016385110095143318
1724162868.411974,-0.2102590163629857,0.16552750322335918,-0.04581457172940902,0.9624410373661468,-0.4333251668080382,0.3361348790289921,-0.020473960969003138,0.29935505986213684,0.41989096999168396,-0.8567835688591003,-0.0019096053438261151,0.00646147970110178,-0.0006156680174171925,0.01933918334543705,-0.029777895659208298,0.02404073067009449
1724162868.449328,-0.20953619781742056,0.16508557717853553,-0.04513412728962554,0.9627066549768833,-0.4316232939103637,0.3353806120776133,-0.019509415973559523,0.29894348978996277,0.41834577918052673,-0.8576826453208923,-0.0031840172596275806,0.0054235695861279964,0.00483626127243042,0.04239552095532417,-0.03606141358613968,0.0600702166557312
1724162868.4921532,-0.20833125300833086,0.164746032463016,-0.04424947743256251,0.9630673669146265,-0.4288815555995196,0.33487535719537137,-0.01823983652043242,0.29888594150543213,0.41585391759872437,-0.8589136600494385,-0.0021705280523747206,-0.0014566171448677778,-0.0023589911870658398,0.07486901432275772,-0.013394271023571491,0.04853645712137222
1724162868.553423,-0.20594357765508833,0.1648871262883669,-0.04447201512118255,0.963546447299073,-0.42414109138562417,0.3347648438105999,-0.01951732468918873,0.2994353473186493,0.41153812408447266,-0.8607989549636841,-0.009265636093914509,0.013999387621879578,0.008370836265385151,0.09011728316545486,-0.02722441405057907,0.054365772753953934
1724162868.5822558,-0.2040371338976646,0.16486939348207538,-0.044170450605421054,0.9639688121452933,-0.4201918021675077,0.33460955056710423,-0.01958362506049343,0.2998330891132355,0.40793558955192566,-0.8623738884925842,0.004322621505707502,-0.000703098950907588,-0.008394400589168072,0.12959188222885132,0.04847744107246399,0.007685357704758644
1724162868.6133971,-0.2017652274802955,0.16550221416328056,-0.04537873217693923,0.964282332207324,-0.4160360821861064,0.33516843401700663,-0.022665851488120486,0.30087003111839294,0.40413784980773926,-0.8637996315956116,-0.0006867378833703697,0.0016834131674841046,0.001209496520459652,0.10807745903730392,0.028056731447577477,-0.040764182806015015
1724162868.662139,-0.20037906722386536,0.16612311597576526,-0.046463055783140125,0.9644129557760148,-0.4136274544907044,0.3358771820696809,-0.02516891264790159,0.3018021285533905,0.4019335210323334,-0.8645026683807373,0.0016930850688368082,0.0009018240962177515,-0.008178756572306156,0.06881111115217209,0.07171736657619476,-0.03078567236661911
1724162868.692093,-0.19882277020747638,0.16729806001341488,-0.047400025501459615,0.9644864582288072,-0.410844401001936,0.3378365562696034,-0.027172273587654037,0.3038650155067444,0.3993836045265198,-0.8649617433547974,-0.0025269226171076298,-0.008617606945335865,-0.0020563313737511635,0.11214066296815872,0.08933931589126587,-0.06698088347911835
1724162868.761115,-0.19781843125687193,0.16768588411891625,-0.04787467532914692,0.9646020983219146,-0.4089955905732103,0.3383565539292331,-0.028359899556755577,0.3045593202114105,0.39768797159194946,-0.8654986023902893,-0.0006310852477326989,0.02787640690803528,-0.0028870608657598495,-0.04821367561817169,0.0028757143300026655,0.0805877149105072
1724162868.772994,-0.19889743233254095,0.16876206407284447,-0.046048361007064526,0.9642814296735607,-0.410566304531614,0.3415944007999452,-0.023641198780490598,0.3071504533290863,0.39912864565849304,-0.8639183640480042,-0.001634440035559237,-0.0067214337177574635,-0.009708160534501076,-0.05120879039168358,0.08250664174556732,0.07055793702602386
1724162868.819696,-0.19921849089445778,0.1699237900737793,-0.044788391166550076,0.9640704862860955,-0.41079963365559513,0.3446898011034665,-0.020348670469746286,0.3097916543483734,0.3993425667285919,-0.8628758192062378,0.0036210829857736826,-0.004113486036658287,-0.004834537394344807,-0.011692211963236332,0.062047310173511505,0.0678536593914032
1724162868.848639,-0.19874621666804473,0.1713121772849569,-0.0439882526761203,0.9639590177438818,-0.4095950009928319,0.34797769109136334,-0.018218358972454687,0.3127908408641815,0.39823785424232483,-0.862304151058197,0.0005764235975220799,-0.008190269581973553,-0.0071969772689044476,0.030204664915800095,0.06266088038682938,0.04347890987992287
1724162868.882162,-0.1981372304863714,0.172209860586608,-0.043952935582242544,0.9639260580549714,-0.4083739712828932,0.34985753085841304,-0.017971080292906987,0.31457772850990295,0.3971175253391266,-0.8621708154678345,0.003106937976554036,-0.003220292739570141,-6.172689609229565e-05,-0.006000431254506111,0.026749558746814728,0.0019405764760449529
1724162868.9370918,-0.198643561289717,0.17281639318822897,-0.04380330934562165,0.9637201184303537,-0.40935036778599904,0.35130384401237996,-0.017191695391644526,0.3156907856464386,0.3980134427547455,-0.8613504767417908,0.009375950321555138,-0.007492531556636095,-0.002383355749770999,-0.05068831145763397,0.03293223679065704,-0.0052292924374341965
1724162868.966138,-0.1996516933981472,0.17378283831504504,-0.04460183639190981,0.9633012540510321,-0.41168217466179724,0.353199088918358,-0.018046647351325967,0.31700077652931213,0.4001515209674835,-0.8598774671554565,0.00478881411254406,-0.011059898883104324,-0.0008111973293125629,-0.056806448847055435,0.04961938038468361,-0.07135318964719772
1724162869.022126,-0.20076403191663672,0.17441309575695407,-0.04592133680240296,0.9628940938970202,-0.41440740495348105,0.35415584814436335,-0.020106137702003063,0.31744396686553955,0.40264755487442017,-0.8585477471351624,0.003544003702700138,-0.0019102091901004314,-6.0002144891768694e-05,-0.05915714427828789,0.03873408958315849,-0.05438345670700073
1724162869.094747,-0.20164931372426873,0.17507248150936017,-0.04671655438807481,0.9625511027711964,-0.41649010843735434,0.35536769362572235,-0.021135902776677134,0.3181917071342468,0.4045531153678894,-0.857374370098114,0.0018289341824129224,-0.0006105729262344539,0.00031128351110965014,-0.03831171244382858,0.03174924477934837,-0.03124898113310337
1724162869.106917,-0.2023108589322577,0.1753435756831343,-0.04679329681941788,0.9623592035721052,-0.41785532976212597,0.35601453945690864,-0.02091718114419029,0.3185534179210663,0.4058012366294861,-0.8566498756408691,0.0012193172005936503,0.0010397268924862146,0.007130076177418232,-0.03358963504433632,-0.007734587881714106,0.010617158375680447
1724162869.127071,-0.20279896068387185,0.17538079470345388,-0.046478427843105165,0.9622649056611353,-0.41872451754079687,0.35629908774548696,-0.020048265419719394,0.3186740279197693,0.40659549832344055,-0.8562283515930176,-0.0007822097977623343,0.002440519630908966,0.0032554795034229755,-0.01814323291182518,-0.030374202877283096,0.022512344643473625
1724162869.18326,-0.2034316215138662,0.1751859019806567,-0.04616194445456708,0.9621821500465525,-0.41987946804657195,0.35610031849510226,-0.019226857214817965,0.31833988428115845,0.4076504111289978,-0.8558509349822998,0.004781671799719334,-0.001594475586898625,-0.0005852048634551466,-0.05362732335925102,-0.0112095195800066,-0.013270237483084202
1724162869.212311,-0.20481169093958418,0.1747552668121227,-0.04652673331159225,0.9619500746384103,-0.4227817158618124,0.35519627067192083,-0.019661252019154783,0.3171532452106476,0.41029882431030273,-0.8550255298614502,0.012196430936455727,-0.010611667297780514,-0.006690965034067631,-0.09376103430986404,0.0008340640342794359,-0.0969756469130516
1724162869.24507,-0.2066834190501937,0.17420764537211395,-0.048156252503395,0.961568802712609,-0.4271285418607456,0.3535433762952603,-0.02263472116473816,0.31511908769607544,0.41425904631614685,-0.8538673520088196,0.0005693230195902288,0.0034453165717422962,0.003412845777347684,-0.08428649604320526,-0.03291768580675125,-0.08404385298490524
1724162869.2983751,-0.208337450984899,0.1729970125841863,-0.04924141322715522,0.961375478745591,-0.43082248070018236,0.3506419031993176,-0.02487038223059503,0.3121125102043152,0.4176182746887207,-0.8533350825309753,-0.006430312991142273,0.018144214525818825,0.012096690014004707,-0.09374138712882996,-0.1084696501493454,-0.017373278737068176
1724162869.3586001,-0.2097705041997828,0.17195699443548088,-0.0492826312717989,0.961248317550009,-0.43370105818845345,0.348545057806112,-0.024911400500449543,0.3099106550216675,0.4202320873737335,-0.8528542518615723,0.0019208142766728997,0.002279950538650155,-0.00681361835449934,-0.043785180896520615,-0.029058851301670074,-0.008070389740169048
1724162869.370782,-0.2103992111261092,0.17142731088356183,-0.04876279767012519,0.9612320492545308,-0.4347718415051897,0.3477084492974471,-0.023827162946098084,0.3090435266494751,0.42120349407196045,-0.8526896834373474,0.0019979351200163364,0.0022468373645097017,-0.001204322325065732,-0.013317200355231762,-0.01885744370520115,0.004492207430303097
1724162869.399375,-0.21079211262324596,0.17109677409345975,-0.04837916915716054,0.9612242065802329,-0.43542082979230745,0.3472140246958697,-0.023025003497409553,0.3085288405418396,0.42179200053215027,-0.8525851368904114,-0.003224352840334177,0.008349021896719933,0.0046840691938996315,-0.05259271711111069,-0.05965980887413025,0.032674066722393036
1724162869.456197,-0.2112249605467464,0.17073486543493696,-0.04836628996986628,0.9611941476434165,-0.43628128690730233,0.3464879913088933,-0.023008964224947866,0.30778637528419495,0.4225720167160034,-0.8524672389030457,-0.0018289341824129224,0.0006105729262344539,-0.00031128351110965014,-0.023674089461565018,-0.028479890897870064,-0.014804108999669552
1724162869.488975,-0.21143792361392147,0.17030239633949934,-0.04878082887336121,0.9612031350798296,-0.43684689364088003,0.34538172008833384,-0.024017358880357127,0.306762158870697,0.4230845868587494,-0.8525822162628174,-0.003911091014742851,0.01003243587911129,0.0058935657143592834,-0.0058034202083945274,-0.034449536353349686,-0.008964447304606438
1724162869.519279,-0.2113910107004173,0.16983040150005224,-0.04925225859455271,0.9612728824858043,-0.43690580676384794,0.34412699579860695,-0.02526409179231991,0.30568376183509827,0.42313796281814575,-0.852942943572998,-0.01032716128975153,0.0070756408385932446,0.007154440972954035,-0.022014712914824486,-0.058142684400081635,-0.021462667733430862
1724162869.572495,-0.21095496346789747,0.1690444807986604,-0.04997447462388453,0.9614699814253783,-0.4362564969446708,0.34201958293925716,-0.027340138915196988,0.3039776682853699,0.4225495457649231,-0.8538439273834229,0.011774207465350628,-0.004657787270843983,0.001340773655101657,0.1322282999753952,0.024386119097471237,-0.05505926162004471
1724162869.604621,-0.21016026681547179,0.16803658287338302,-0.050778707306908775,0.9617784624622573,-0.4349009761019311,0.3393465460303502,-0.029827067933600897,0.30188459157943726,0.4213205873966217,-0.8551927208900452,0.010844898410141468,-0.011616464704275131,-0.006848331540822983,0.07720492780208588,-0.00962008535861969,-0.09258725494146347
1724162869.659558,-0.20944031198509702,0.1671954480244055,-0.05205022076008255,0.9620140404638807,-0.43385764764206786,0.3368408425439602,-0.033191882810121684,0.29988589882850647,0.42037415504455566,-0.8563608527183533,0.006030548829585314,0.007462688256055117,-0.008539694361388683,0.028477370738983154,0.005152488127350807,-0.07142810523509979
1724162869.691303,-0.20885721627900727,0.16689231652317918,-0.05328819783810304,0.9621256708177813,-0.4330933582931923,0.3355471683623047,-0.036173554257636395,0.2988835275173187,0.41968056559562683,-0.8570512533187866,0.0017150696367025375,-0.0012996362056583166,-0.00037128565600141883,0.06249286234378815,0.005455729551613331,-0.07461424171924591
1724162869.7196012,-0.20794776473633203,0.1665382441060406,-0.05438685414891114,0.9623225814955173,-0.43161764684944737,0.33417237343502265,-0.03899839763690627,0.2979077696800232,0.41834065318107605,-0.8580454587936401,0.0036726691760122776,0.003872654167935252,-0.001727800234220922,0.06347743421792984,0.02109324187040329,-0.03747182711958885
1724162869.762123,-0.20701484427056682,0.16654425964627975,-0.054550508922978976,0.9625133877771608,-0.4297892915385315,0.33400758628341154,-0.0396746518622139,0.29801663756370544,0.4166792631149292,-0.8588157296180725,0.0010211479384452105,0.007679037284106016,-0.009319627657532692,0.053348608314991,0.030210228636860847,0.027667641639709473
1724162869.817148,-0.20600894383915258,0.16714732712562483,-0.054804208035563996,0.9626102424076991,-0.42786959478552145,0.33509767932777396,-0.04028393257150483,0.2992151379585266,0.41493338346481323,-0.859244167804718,-0.00048099312698468566,0.005263000261038542,-0.005232836119830608,0.04416706785559654,0.02603042498230934,-0.00011354114394634962
1724162869.848853,-0.2052457025721313,0.16803841385541549,-0.05502179335269586,0.9626057513549775,-0.42644075530982267,0.3368587394086228,-0.04059604663200072,0.30092352628707886,0.41363292932510376,-0.8592745661735535,-0.002515672007575631,0.0022939860355108976,0.0008982130675576627,0.0421471893787384,0.028155207633972168,0.0036671406123787165
1724162869.882125,-0.20420776219754522,0.1686483428261895,-0.05533666552391399,0.9627017539955859,-0.42448025206236883,0.3379342352635626,-0.04134696632327544,0.3021157681941986,0.41184723377227783,-0.8597138524055481,-0.001887662336230278,0.0020898564253002405,-0.003192027797922492,0.050256386399269104,0.034183990210294724,0.004611339420080185
1724162869.9619498,-0.20351660691602982,0.16916301388470692,-0.05540494820786212,0.9627538773038248,-0.4231314492861528,0.3389497051306258,-0.04149839599070257,0.3031730353832245,0.41061773896217346,-0.8599297404289246,-0.00509007228538394,0.006067255511879921,-0.0010843179188668728,0.021896224468946457,0.013051957823336124,0.01949794590473175
1724162869.97387,-0.20323128026415194,0.16939240306466266,-0.05505194264134609,0.9627941164748584,-0.42244367235061564,0.33957357230377133,-0.04074816780648032,0.3038034737110138,0.409990519285202,-0.8600065112113953,-0.0031472735572606325,0.006145745515823364,-9.046535706147552e-05,0.005259240046143532,0.0054708062671124935,0.0411040373146534
1724162870.020009,-0.20306014418879423,0.1698826383402306,-0.05448376470801008,0.9627761545302183,-0.42192196178857494,0.34087155268912067,-0.03938145253884566,0.3049909472465515,0.4095146358013153,-0.8598129153251648,-0.004190405830740929,0.0006681689992547035,0.0014216909185051918,-0.005743966903537512,-0.0010533558670431376,0.0439370721578598
1724162870.094884,-0.2026815591168276,0.17034852192395333,-0.05383661323647263,0.9628099636086253,-0.42095210438615793,0.3421268592711949,-0.03793594915936937,0.30620312690734863,0.4086296260356903,-0.8598031401634216,0.0025008711963891983,-0.0073877861723303795,0.0014521542470902205,0.040663525462150574,0.03152567148208618,0.03125014528632164
1724162870.107243,-0.20175417329308218,0.17100436446350128,-0.05378178267042475,0.9628915745492023,-0.41908918213507373,0.34347280226125476,-0.03785455537639575,0.3076159358024597,0.4069286286830902,-0.8601055145263672,0.005031344015151262,-0.004587972071021795,-0.0017964261351153255,0.057755883783102036,0.03752274811267853,-0.008393329568207264
1724162870.126168,-0.19994104458177187,0.1718153830706698,-0.05573959808086467,0.9630140292333192,-0.4161542151408753,0.34418720610166303,-0.04226931972609316,0.3086319863796234,0.40424591302871704,-0.8610061407089233,0.005490394309163094,-0.005479348823428154,0.006012769881635904,0.11624569445848465,0.045780062675476074,-0.09075677394866943
1724162870.158537,-0.19796390546280573,0.17220683077969823,-0.058219303158145434,0.9632058557437332,-0.41305744752449897,0.34376701879839594,-0.04802914083452654,0.30869060754776,0.4014115035533905,-0.8623102307319641,0.008175067603588104,-0.004915924742817879,0.0035989508032798767,0.1092015728354454,0.040857233107089996,-0.09578949213027954
1724162870.214686,-0.19638364266465005,0.17260925265971228,-0.06004814620764531,0.9633450463973107,-0.4105352393204174,0.3437076231707669,-0.05226342030874505,0.3089796006679535,0.3991001546382904,-0.8632790446281433,0.0062802629545331,0.006639354396611452,0.0006329156458377838,0.0642637088894844,0.036859575659036636,-0.04793059825897217
1724162870.262095,-0.19553777260912983,0.17310967177010794,-0.06053539145618378,0.9633968311763947,-0.409029924910343,0.3445076727773867,-0.053365786759157416,0.30987271666526794,0.39771947264671326,-0.8635960221290588,0.0014031189493834972,0.008990936912596226,0.0032641030848026276,0.014242485165596008,0.009779429994523525,0.02128402143716812
1724162870.336189,-0.19570114120268522,0.17330029997658347,-0.059443622729401534,0.9633973612560687,-0.40898595493867385,0.34539840157657364,-0.050925852070065676,0.31064772605895996,0.3976791203022003,-0.8633361458778381,-0.0014138114638626575,0.006292279809713364,0.0022668009623885155,-0.041640330106019974,-0.024076160043478012,0.08713889867067337
1724162870.349636,-0.19643140305902188,0.17312451554068203,-0.05752504810731598,0.9633968366407001,-0.40977261353348016,0.3459013750555271,-0.046707104553166214,0.3109757602214813,0.39840078353881836,-0.8628852367401123,0.003867204999551177,-0.0012891890946775675,-0.0007408466190099716,-0.050586871802806854,-0.02983276918530464,0.09164835512638092
1724162870.3796139,-0.19757948346293028,0.1724676921356076,-0.05505014794143365,0.9634243808703036,-0.4111835719205952,0.3456471234656072,-0.041381166442277635,0.3105655908584595,0.3996945321559906,-0.8624345064163208,-0.0038196854293346405,-0.00893152505159378,0.011050877161324024,-0.07640737295150757,-0.13335198163986206,0.1138344556093216
1724162870.4096131,-0.1988643614852319,0.1713797037223883,-0.05173366833565266,0.9635379917438055,-0.41256337074612937,0.3448435512751262,-0.034426859297820155,0.30968573689460754,0.40095892548561096,-0.8621639609336853,0.004193956032395363,-0.006485961843281984,-0.006726602558046579,-0.06975121051073074,-0.06571584194898605,0.1338641494512558
1724162870.4385672,-0.1995530199050226,0.1706934124862833,-0.049622797098713776,0.9636284503486784,-0.41318737238311587,0.3443379799994442,-0.030043540347037757,0.3091652989387512,0.40153050422668457,-0.862084686756134,-0.0008889323798939586,-0.00771396653726697,0.0023469175212085247,-0.016953516751527786,-0.03952207788825035,0.03434315696358681
1724162870.5136971,-0.19995221233293292,0.169983866793691,-0.04889072232604962,0.9637085397226295,-0.41371380282631803,0.34315975623523093,-0.02867860780948525,0.30807819962501526,0.40201258659362793,-0.8622491955757141,-0.0024533935356885195,-0.005003090016543865,-0.0015259543433785439,-0.023277750238776207,-0.04175851494073868,0.01809529773890972
1724162870.5615,-0.20059095568809251,0.16894644005016785,-0.04818831689530508,0.9637936712292874,-0.414725894012032,0.34128723094820634,-0.027438100301446406,0.3063267469406128,0.4029390811920166,-0.8624407649040222,1.8351071048527956e-05,-0.0007239932892844081,-0.007655278779566288,-0.05770481377840042,-0.0535612478852272,0.013398449867963791
1724162870.5731611,-0.2012186898252174,0.16846129068601065,-0.047768771202222,0.9637685627445064,-0.4158316776879825,0.34049158262267115,-0.02654604803494666,0.30549144744873047,0.40395087003707886,-0.8622636795043945,-0.0012009245110675693,0.00040644308319315314,-0.0044015240855515,-0.03461082652211189,-0.017583787441253662,0.009552954696118832
1724162870.6038198,-0.20198316770886068,0.16792945949277233,-0.0476980267622735,0.9637050047864391,-0.4173334259010965,0.3394612350476809,-0.026361089780777003,0.3044005334377289,0.40532419085502625,-0.8620049953460693,-0.00045545841567218304,-0.0027562533505260944,-0.002730276668444276,-0.05136551335453987,-0.035227350890636444,-0.036905426532030106
1724162870.657835,-0.20283923415488084,0.16752752544979713,-0.04895446419460334,0.963532086641448,-0.41948117142777147,0.33814541016389077,-0.028883982932090886,0.3029765188694,0.407286673784256,-0.861581563949585,-0.0024130165111273527,-0.005758380983024836,0.009010068140923977,0.01767939142882824,-0.021816732361912727,-0.0731390193104744
1724162870.700955,-0.20368758733613113,0.16692109942729713,-0.04984106356223877,0.9634129207021684,-0.42147800488384085,0.3365401185841396,-0.030729208672027844,0.30132386088371277,0.40910956263542175,-0.8612974286079407,0.0005652144318446517,-0.016931701451539993,0.0002323088701814413,-0.0058762067928910255,-0.00520589854568243,-0.08597840368747711
1724162870.729747,-0.20404427255590749,0.16652318833809285,-0.05092652956316972,0.9633495730206121,-0.4225558333002368,0.33523879244431526,-0.0330788910237763,0.3000575602054596,0.410092830657959,-0.8612719178199768,-0.0020969989709556103,0.0021578995510935783,-0.0018286141566932201,0.029726456850767136,0.025060467422008514,-0.027463436126708984
1724162870.7670832,-0.20421837837586462,0.16653330400075192,-0.05137857018690402,0.9632869143682062,-0.4230618396026491,0.3350815124584988,-0.0339668932832481,0.2998538017272949,0.41055426001548767,-0.8611230254173279,-0.0007970522274263203,-0.004823443479835987,-0.004777984227985144,0.003482075873762369,0.02073086053133011,-0.04106954112648964
1724162870.8184218,-0.20448850503837995,0.1667506209062849,-0.051748821623312194,0.9631721805536175,-0.42374112875207665,0.33542190375887376,-0.03455093230501162,0.30005502700805664,0.41117358207702637,-0.8607573509216309,0.004061698913574219,-0.008621195331215858,-0.010137723758816719,0.013207794167101383,0.05388939380645752,-0.045427944511175156
1724162870.8594642,-0.2044648442696138,0.167199633317873,-0.052278401262370384,0.9630707579106325,-0.4238908877380054,0.33616232478391134,-0.03546861628169371,0.3006719648838043,0.411310076713562,-0.8604768514633179,-0.00022772920783609152,-0.0013781266752630472,-0.001365138334222138,0.012193871662020683,0.04108525812625885,-0.015566648915410042
1724162870.877454,-0.20441385963713188,0.1677757911968537,-0.052661400792488815,0.9629605247191401,-0.4239407923568128,0.3372413643094123,-0.036026672135542157,0.30159348249435425,0.411355584859848,-0.8601325154304504,0.000304808490909636,-0.0008251499384641647,-0.003409396391361952,-0.014395610429346561,0.0426764152944088,-0.015531717799603939
1724162870.956145,-0.20374443921239663,0.1687194123321865,-0.05353317873629294,0.9628894379622148,-0.4229265571531554,0.3388347030182436,-0.03766884153455093,0.3031021058559418,0.410430908203125,-0.8600439429283142,-0.0001506083062849939,-0.001411240198649466,0.004244157578796148,0.05447280406951904,0.04735105112195015,-0.0065900059416890144
1724162870.9619231,-0.20234084065837024,0.16970865596297013,-0.05421878136335788,0.962973202715847,-0.42037234377011107,0.3405295299814424,-0.03916329399509486,0.30490842461586,0.4081003963947296,-0.8605143427848816,-0.0012596112210303545,0.004055889323353767,0.003101562149822712,0.07409173250198364,0.046621739864349365,-0.0007434445433318615
1724162871.011111,-0.20040767554721586,0.17084390565775856,-0.05500198440665111,0.963132304235463,-0.41679478847944634,0.34244555510373836,-0.040991221013775385,0.3070449233055115,0.40483173727989197,-0.8612982630729675,-0.0033198248129338026,0.00910612940788269,0.006730051711201668,0.09105148911476135,0.03513959422707558,-0.0003643354866653681
1724162871.0623422,-0.19836370718256907,0.1718913463134156,-0.05495332154687278,0.96337181903706,-0.4127042721060959,0.3445215952500578,-0.04115280208370184,0.30938905477523804,0.40108802914619446,-0.8622103929519653,-0.006375218741595745,0.018142398446798325,-0.0004853149875998497,0.07785302400588989,0.0743938609957695,0.06839558482170105
1724162871.109493,-0.19721690758550584,0.1722650374948253,-0.05444542030151159,0.9635693625602719,-0.4102323656483189,0.3454260264933509,-0.04033327479057565,0.3105035126209259,0.3988224267959595,-0.8628605008125305,0.0022991932928562164,0.0072394805029034615,0.0006911930395290256,0.05112965404987335,-0.002564484253525734,0.049946874380111694
1724162871.12129,-0.19651552097895433,0.1732394842856093,-0.05396519918588376,0.9635649388570087,-0.408691286386544,0.3476665165622494,-0.03914231902512013,0.31264498829841614,0.39740875363349915,-0.8627394437789917,0.0016343984752893448,0.0045512705110013485,-0.0006756701041013002,0.023982571437954903,0.0283474400639534,0.037241291254758835
1724162871.1626391,-0.1961343597062358,0.17396214161084558,-0.05336186801432315,0.9635459651177994,-0.40773914249192983,0.34944567433067253,-0.03769147038355004,0.31430885195732117,0.39653483033180237,-0.8625369668006897,0.0032795309089124203,-0.0040105124935507774,0.0035015863832086325,0.042485274374485016,0.03821035847067833,0.021403590217232704
1724162871.217088,-0.19548976743071514,0.17448342512431894,-0.052921853334342996,0.9636069674295298,-0.4063057873345059,0.35068850125054996,-0.036773756145034434,0.3155755400657654,0.3952185809612274,-0.862678587436676,0.0025892427656799555,0.003490693401545286,0.010015994310379028,0.01689361408352852,-0.011541112326085567,0.061925724148750305
1724162871.245991,-0.19519687892013707,0.1750933140516972,-0.05181650804022252,0.963615783962999,-0.4053441381664176,0.352439365149027,-0.034292045737305855,0.31721651554107666,0.3943350315093994,-0.8624809980392456,0.00015779206296429038,-0.005884020123630762,0.0059136804193258286,0.02248350717127323,-0.001740876818075776,0.04830538481473923
1724162871.277134,-0.19415750277571692,0.17547140608682704,-0.051094126895105355,0.9637956053004036,-0.4030083093210545,0.35343904788041913,-0.032999677305568735,0.31839650869369507,0.3921874165534973,-0.8630253076553345,0.0014689892996102571,-0.0019537697080522776,0.005918854847550392,0.054258573800325394,-0.007986235432326794,0.057692620903253555
1724162871.324575,-0.19283526207109022,0.17564259568571394,-0.050299269883822016,0.9640716545846659,-0.400070644229658,0.35398443489367176,-0.03175665755606507,0.3192651569843292,0.38948342204093933,-0.863928496837616,0.003106937976554036,-0.003220292739570141,-6.172689609229565e-05,0.05843820422887802,0.002288484713062644,0.04103416949510574
1724162871.353543,-0.19176242298098542,0.17543638807756645,-0.04939079792738404,0.9643701214025974,-0.39758168336377003,0.3537860561235029,-0.030349349642757293,0.31942862272262573,0.3871898055076599,-0.8648985028266907,0.006074476521462202,0.0008896046783775091,-0.003308582352474332,0.039480045437812805,-0.01033068634569645,0.05414159595966339
1724162871.408547,-0.19084395028391296,0.17563087182416817,-0.04894814296045014,0.9645394649244146,-0.3955834584531262,0.35427923570372954,-0.029685208250676536,0.3201228976249695,0.3853466510772705,-0.8654647469520569,-0.001788598601706326,-0.0023148804903030396,-0.00015909125795587897,0.0439680740237236,-0.004528744146227837,0.03915267437696457
1724162871.447437,-0.19026733358406878,0.1752645338771506,-0.04831516299296371,0.964751874022206,-0.39418671495165386,0.3536772901838304,-0.028737619927202928,0.31978797912597656,0.3840574026107788,-0.8661614060401917,0.00438134977594018,-0.00218238215893507,-0.005513656884431839,0.01616637408733368,-0.015612896531820297,0.02144770510494709
1724162871.491308,-0.19027359595194204,0.1750081549166095,-0.047546269863050536,0.9648354249573367,-0.39391594249361433,0.3534355077124577,-0.027239051991858935,0.3196145296096802,0.38380739092826843,-0.8663362264633179,0.006022890564054251,-0.007096535060554743,-0.006415319163352251,-0.003995786886662245,-0.00015334831550717354,0.02317630685865879
1724162871.5221472,-0.19067295709709162,0.1747619045036982,-0.04685173891009121,0.9648351652493558,-0.3944622008125398,0.3532325749476459,-0.02574329556865749,0.31936612725257874,0.3843117356300354,-0.8662042021751404,0.0045171575620770454,-0.005864941515028477,-0.0074074468575417995,-0.02971113845705986,0.0040579792112112045,0.023214686661958694
1724162871.57705,-0.1909383245510741,0.17464517151815384,-0.046386452060659174,0.9648263413612452,-0.3948253590641123,0.35320114131339103,-0.02472110184872954,0.3192906081676483,0.3846469819545746,-0.8660832643508911,0.003470474621281028,-0.005524725653231144,-0.0005903790588490665,-0.01339787244796753,-0.013006536290049553,0.00418782327324152
1724162871.6124,-0.19115369884298128,0.17442291142578958,-0.04632518036027341,0.964826824662497,-0.39523033630423304,0.3527723196887454,-0.024607738228454436,0.3188653588294983,0.38502079248428345,-0.8660738468170166,0.00045900867553427815,-0.00306153972633183,-0.0025746349710971117,-0.01610812172293663,-0.0077208708971738815,-0.006284748204052448
1724162871.6583838,-0.1915657953277608,0.17425836239372872,-0.046796319430348864,0.9647520992310711,-0.39622254560155146,0.3522755379712161,-0.02550863379521135,0.31830307841300964,0.38593631982803345,-0.8658731579780579,-0.0007970522274263203,-0.004823443479835987,-0.004777984227985144,-0.05100509524345398,-0.012029670178890228,-0.05479520931839943
1724162871.6893802,-0.19202861805204086,0.17390772947907818,-0.0476046167029385,0.9646837923379735,-0.3974316056258198,0.3512440887965471,-0.027177643675534942,0.31724902987480164,0.38705140352249146,-0.8657622337341309,0.0011421963572502136,0.0010728401830419898,0.001520780147984624,0.0034739419352263212,-0.015682846307754517,-0.026662953197956085
1724162871.723907,-0.19251775323942272,0.17359656749854854,-0.04823946381857511,0.9646107993585161,-0.39863183884556863,0.350369839077124,-0.02845867522675595,0.3163323402404785,0.38815781474113464,-0.8656023144721985,-0.0013734757667407393,0.0033668263349682093,0.002418993040919304,-0.03331100195646286,-0.031075621023774147,-0.02454790659248829
1724162871.787081,-0.19351182618346385,0.1732395429948156,-0.048687626593299574,0.9644535787808115,-0.4007788483490279,0.3495306798721982,-0.02918241440054676,0.3153197169303894,0.39013558626174927,-0.8650825023651123,-0.0027434013318270445,0.0009158593602478504,-0.0004669252666644752,-0.05575045570731163,-0.02939734049141407,-0.0364706888794899
1724162871.798709,-0.19429872501035464,0.17309185766557889,-0.04915664334264587,0.9642980927676154,-0.4025230782870503,0.34910955568453766,-0.029937079789804116,0.3147221505641937,0.391741007566452,-0.8645744323730469,-0.00540968170389533,0.0017986053135246038,0.0046754456125199795,-0.05601488798856735,-0.029327478259801865,-0.02252526953816414
1724162871.828751,-0.19514067863974746,0.17287266237245738,-0.04975702826122065,0.9641365907372264,-0.4044223738953165,0.3484838411417204,-0.03097987280057827,0.31392648816108704,0.393487811088562,-0.8640702962875366,0.006709628272801638,-0.008779948577284813,-0.007624815683811903,-0.041095614433288574,0.026909906417131424,-0.07340341806411743
1724162871.876046,-0.19648391594556652,0.17299880930216419,-0.05177887548009171,0.9637345564978526,-0.40784504164604335,0.3480639409382218,-0.0346692435332708,0.3131024241447449,0.39663204550743103,-0.862930953502655,0.0053361523896455765,-0.00541312200948596,-0.005205822642892599,-0.022607361897826195,0.04702301695942879,-0.13032446801662445
1724162871.933426,-0.1971860839596772,0.172946592277319,-0.052967633945508574,0.963535939430198,-0.40967680781074256,0.34752754759487026,-0.03693085843610901,0.3123915493488312,0.39831289649009705,-0.8624142408370972,-0.002328278496861458,0.006597566418349743,0.0021111592650413513,-0.046965256333351135,-0.011938916519284248,-0.0415889136493206
1724162871.9633489,-0.19786586909860668,0.17274239221938972,-0.053553446658388924,0.9634008651214132,-0.4112443080294937,0.3469114904960934,-0.03800424918011794,0.31164753437042236,0.3997502028942108,-0.862018346786499,-0.003834011498838663,0.007829159498214722,0.0011190312216058373,-0.05076291412115097,-0.020901737734675407,-0.01234673522412777
1724162871.992261,-0.19840358609934045,0.17263583176422453,-0.053676664631257816,0.9633024708857163,-0.4123662648026317,0.3466873905060104,-0.03811394487701706,0.3113017678260803,0.4007783532142639,-0.8616657853126526,-0.004006562754511833,0.010789542458951473,0.007939549162983894,-0.03196696192026138,-0.03594939783215523,0.019269157201051712
1724162872.068571,-0.19871851782363997,0.17248937979325626,-0.05370037904429774,0.9632624194515396,-0.41300301129277117,0.3463943718809136,-0.03811458589779001,0.3109625577926636,0.4013616442680359,-0.8615167140960693,-0.001604755176231265,0.007806492503732443,0.006358766462653875,-0.007036937866359949,-0.012218087911605835,0.005125123076140881
1724162872.150053,-0.19889926141690156,0.17230064726369182,-0.05364299889220138,0.9632621410658637,-0.4133393679757446,0.3460293652543576,-0.03801328406975722,0.3106022775173187,0.4016697108745575,-0.8615031242370605,0.0015389265026897192,0.0053083766251802444,0.0013703125296160579,-0.007851866073906422,0.005536945071071386,-0.004279795102775097
1724162872.164342,-0.1987495264040787,0.17217914240266072,-0.05375228894637567,0.9633086317660596,-0.41307142882728703,0.34570216137241916,-0.03835348068655705,0.31035682559013367,0.4014243185520172,-0.8617059588432312,0.0056154681369662285,0.0039511448703706264,-0.000733947497792542,0.03408196195960045,0.017723506316542625,0.018337883055210114
1724162872.170377,-0.19831132869582518,0.17229921687159444,-0.053924600941078725,0.9633678444860095,-0.4122543749663831,0.3458407593356736,-0.038822137966238554,0.3105873167514801,0.40067586302757263,-0.8619711995124817,-0.004730085842311382,0.009580614976584911,0.0036919410340487957,0.01472659595310688,-0.020985685288906097,0.043877989053726196
1724162872.2097058,-0.1978829724176499,0.17243136401949954,-0.05374324618860047,0.9634424580445655,-0.41133328547130626,0.3461577570696421,-0.038537827923941746,0.31098565459251404,0.39983177185058594,-0.862219512462616,-0.0030701528303325176,0.006112632807344198,0.005518830381333828,0.017539851367473602,-0.018979722633957863,0.019028712064027786
1724162872.240608,-0.1977211849909281,0.17239763467016783,-0.053466307566684836,0.96349710378039,-0.41090865322561776,0.3461846330118003,-0.038030025335406066,0.3110663890838623,0.39944252371788025,-0.8623707890510559,0.004249134100973606,-0.002147452440112829,0.0014590532518923283,0.03598430007696152,0.014216961339116096,-0.01197194866836071
1724162872.2687721,-0.1976535207970129,0.17242839286518044,-0.053371176103244176,0.9635107026028447,-0.41074009755354685,0.34628431392676096,-0.03784091781520371,0.3111751973628998,0.39928796887397766,-0.8624030947685242,0.004043348133563995,-0.007897202856838703,-0.002482444979250431,0.021654043346643448,0.021924026310443878,-0.022950531914830208
1724162872.320823,-0.1973922872238962,0.17248893819774996,-0.05332004416095636,0.9635563258391875,-0.41019854475626355,0.34640850850813937,-0.03780200702574491,0.31135568022727966,0.3987914025783539,-0.8625677227973938,7.70792830735445e-05,-0.0022032763808965683,-0.004774534609168768,0.0016012049745768309,-0.001988699659705162,-0.0010538548231124878
1724162872.3613029,-0.1969628443924055,0.17277835693720683,-0.053290383734221104,0.9635939979936231,-0.4093349179278176,0.3470012561455086,-0.03776709127988723,0.3119839131832123,0.39799928665161133,-0.8627065420150757,-0.00048099312698468566,0.005263000261038542,-0.005232836119830608,0.008527953177690506,0.010233021341264248,0.01898503303527832
1724162872.389515,-0.19592527782956587,0.17333668000495847,-0.053507349916640794,0.9636931928190208,-0.40734534384927923,0.3480058716069064,-0.03835420029542511,0.3131198585033417,0.39617329835891724,-0.8631353974342346,-0.0024202000349760056,0.0015368794556707144,-0.0011477696243673563,0.0823550894856453,0.048243969678878784,-0.009348314255475998
1724162872.431052,-0.1941391774662639,0.17409460252711995,-0.0544604703093818,0.9638645937381802,-0.4041205534802322,0.34905601729424124,-0.04067458004721088,0.3144614100456238,0.3932103216648102,-0.8640021085739136,-0.00032320115133188665,-0.000621020095422864,0.000680844415910542,0.11266874521970749,0.054171282798051834,-0.02877197042107582
1724162872.469547,-0.1923319099788065,0.17471234081301618,-0.05497019016262774,0.9640862142645659,-0.4006935246864489,0.34999233123989415,-0.042135490945198195,0.315730482339859,0.3900570273399353,-0.8649680614471436,-0.000995138194411993,0.006156193092465401,-0.0004600262618623674,0.0842791497707367,0.031532298773527145,0.03235069289803505
1724162872.5240679,-0.19076987466032141,0.17537816579623053,-0.05445755156495181,0.9643047695011737,-0.3973996321859381,0.3514808630360776,-0.04134659266717875,0.31745827198028564,0.38702192902565,-0.8656986951828003,-0.004612671211361885,0.00445188581943512,-0.0009304010309278965,0.07537657022476196,0.02137277089059353,0.052475087344646454
1724162872.55495,-0.18973341568108132,0.1758555501718393,-0.0533709100974911,0.9644830141024956,-0.3949482841922867,0.35284625239213724,-0.03925024889625612,0.31896689534187317,0.38476046919822693,-0.8661521077156067,-7.712090155109763e-05,3.311349428258836e-05,-0.005609296262264252,0.020148128271102905,0.01649227738380432,0.06102636456489563
1724162872.609801,-0.18896389714048786,0.17639353508888442,-0.05275929801545593,0.9645694869676268,-0.3932045949679817,0.35417354277760493,-0.03802641226841936,0.32034844160079956,0.3831504285335541,-0.8663559556007385,-0.0022328065242618322,0.005840459372848272,6.517639849334955e-05,0.00812373124063015,0.00011891155736520886,0.06279519945383072
1724162872.661438,-0.18855715827158148,0.17634663335711456,-0.051619402349259325,0.964719329813642,-0.3919759938971263,0.35448752127538347,-0.03581722936852238,0.3207835853099823,0.38201528787612915,-0.8666961193084717,-0.0003451440716162324,0.003750602947548032,0.0032572040800005198,-0.01640285551548004,-0.04852660000324249,0.09922881424427032
1724162872.6733952,-0.18917349310435821,0.1763259315165962,-0.04938591708760489,0.9647193662134309,-0.39240822584589724,0.355409525196535,-0.03093025764224426,0.32152506709098816,0.38241469860076904,-0.8662450909614563,0.007392816245555878,-0.004645568318665028,-0.0035294005647301674,-0.028528356924653053,0.015226342715322971,0.087190642952919
1724162872.7289019,-0.18945060589974191,0.17706928683314554,-0.04750120080570056,0.9646234922901186,-0.39230467427071386,0.35780389485915887,-0.02657128000198877,0.32361212372779846,0.38231903314590454,-0.8655098676681519,0.002140884753316641,-0.01090114563703537,-0.0033241051714867353,-0.004421394318342209,0.020298974588513374,0.07804828137159348
1724162872.791926,-0.18892289184034644,0.17766413649388732,-0.046284390721729456,0.9646767380469609,-0.3908183539422328,0.35951080450325695,-0.02397954502019011,0.3252885639667511,0.38094520568847656,-0.8654872179031372,0.00011386460391804576,0.0006890633376315236,0.000682569167111069,0.006948382593691349,-0.0053237322717905045,0.07128006964921951
1724162872.797419,-0.18837951518161278,0.17806164213967715,-0.04520833526051407,0.9647607813408455,-0.3893445235009595,0.36072976706779264,-0.021775433777828954,0.32654112577438354,0.37958207726478577,-0.8656144142150879,-0.0011605473700910807,-0.00034884712658822536,0.006134498864412308,-0.004201964475214481,-0.023417256772518158,0.05228468030691147
1724162872.8520498,-0.1881594528750263,0.17817962224333636,-0.044535289161868025,0.964813274186921,-0.38865928850852993,0.36122388680305495,-0.020407456572053166,0.32706066966056824,0.37894803285598755,-0.8656960725784302,0.005754867568612099,-0.003379045519977808,0.0024511811789125204,7.357064168900251e-05,0.005784680135548115,0.010914208367466927
1724162872.903301,-0.1881014172478233,0.17827338539569604,-0.044348229189212884,0.9648158138451159,-0.3884762691436828,0.36149288520228035,-0.020000303834628298,0.3273180425167084,0.3787786662578583,-0.8656729459762573,0.003430139273405075,-0.0025992724113166332,-0.0007425713120028377,0.0045687854290008545,0.004291360732167959,0.006083120591938496
1724162872.914748,-0.1882625646606055,0.17790138148179505,-0.04421511766555316,0.9648591831264108,-0.3887430922324449,0.3607642016516601,-0.019818303725095066,0.3266514539718628,0.37902557849884033,-0.865816593170166,0.0007602669065818191,0.0019311035284772515,-0.0006791196647100151,-0.023395204916596413,-0.0387999452650547,0.012333810329437256
1724162872.95864,-0.18887345059942745,0.17749329026480995,-0.04397428545256829,0.9648259820386026,-0.38987230540419093,0.36005822016031996,-0.01925345140910987,0.32588914036750793,0.380070298910141,-0.8656458854675293,-0.00032320115133188665,-0.000621020095422864,0.000680844415910542,-0.039055053144693375,-0.03646930307149887,-0.0013785000192001462
1724162872.989552,-0.18973484495119877,0.17712610737683485,-0.04355729357905313,0.9647433182619627,-0.39144132632854217,0.3595440681245018,-0.01820735930470125,0.3252337872982025,0.3815211057662964,-0.8652540445327759,0.005112015176564455,-0.010438879020512104,-0.0014920416288077831,-0.022777454927563667,-0.004036538768559694,-0.008891571313142776
1724162873.043675,-0.19023229003608788,0.1768178943284393,-0.04320978333863335,0.9647175834160825,-0.39230724822589325,0.3590833175751581,-0.017421895672904995,0.3247188627719879,0.38232138752937317,-0.8650942444801331,0.0031840172596275806,-0.0054235695861279964,-0.00483626127243042,-0.025289494544267654,-0.003220019396394491,0.007469391915947199
1724162873.083425,-0.19064138392215443,0.17662894689348743,-0.04289361751463918,0.9646854670823983,-0.3930097716402029,0.3588564220082866,-0.016684886333086367,0.32442817091941833,0.3829704523086548,-0.8649161458015442,0.00036353670293465257,-0.0023044331464916468,-0.0005286521627567708,-0.025804156437516212,-0.026351474225521088,0.014140584506094456
1724162873.112368,-0.19088514155280337,0.17663726191103465,-0.04312622092476902,0.9646254919150875,-0.39358389385610404,0.35881294407797654,-0.01707257163341631,0.32431331276893616,0.38350075483322144,-0.8647242784500122,-0.0009144670912064612,0.00030528646311722696,-0.00015564175555482507,-0.02239556796848774,-0.007064964156597853,-0.01707550138235092
1724162873.168381,-0.19150628284463922,0.17639937168840172,-0.04378348074255053,0.964516226196172,-0.3950654427644918,0.35811535672709616,-0.018307743536197046,0.3235104978084564,0.3848685920238495,-0.8644171953201294,0.005644552875310183,-0.00988590158522129,-0.0035362993367016315,-0.01948649063706398,0.009527884423732758,-0.08740446716547012
1724162873.212172,-0.19231825885268305,0.17602660533121167,-0.045231320319346895,0.9643558820132118,-0.39721352439033364,0.35682694473283466,-0.02118260433887375,0.3221069574356079,0.3868503272533417,-0.8640566468238831,0.0003415938117541373,0.0020671901293098927,0.002047707559540868,-0.049815546721220016,-0.029858198016881943,-0.08449972420930862
1724162873.2622728,-0.19338698761011977,0.175483457878182,-0.046466151641667224,0.9641824519498434,-0.3997941804548964,0.35528306272245413,-0.023593863585775695,0.32042422890663147,0.3892287611961365,-0.8636140823364258,-0.0031288808677345514,0.007591915782541037,0.002638086676597595,-0.050983626395463943,-0.03825577720999718,-0.04508936032652855
1724162873.275533,-0.19456431651744482,0.1747890386983069,-0.047334319275208085,0.9640295091097815,-0.4024551675370517,0.3535698182073613,-0.025269386034964855,0.3185844421386719,0.3916785418987274,-0.8631870150566101,0.0006464023026637733,0.001242040190845728,-0.001361688831821084,-0.049242548644542694,-0.025720182806253433,-0.05524029955267906
1724162873.304626,-0.19557051063126835,0.17434522429750368,-0.04816840797642762,0.9638649468339696,-0.4047652426249443,0.3523867267782661,-0.026833342650309386,0.3172498643398285,0.3938030004501343,-0.8627118468284607,0.0013699254486709833,0.002450966974720359,0.00288591836579144,-0.009864727035164833,-0.008314181119203568,-0.03187659755349159
1724162873.359376,-0.19638607668249425,0.17408528107015347,-0.04894250782207888,0.9637070675396163,-0.40667493157941287,0.3515996714702182,-0.028265379338391492,0.31631118059158325,0.3955576419830322,-0.8622536659240723,-0.0004187147133052349,-0.0020340767223387957,-0.007657003588974476,-0.02697872184216976,0.003234195290133357,-0.04347429797053337
1724162873.436888,-0.19708695802219658,0.173912216629899,-0.04945079583409408,0.9635693183166957,-0.40826125458382406,0.351096110050868,-0.029146112891563103,0.3156607449054718,0.3970140814781189,-0.8618225455284119,0.003661418566480279,-0.0070389388129115105,-0.004682344384491444,-0.0033711027354002,0.014293819665908813,-0.05019421875476837
1724162873.449286,-0.19706354507572382,0.17396461233560906,-0.049730791449229525,0.9635502308642228,-0.40831568660279804,0.351088832292076,-0.029719274615348276,0.31564703583717346,0.39706405997276306,-0.8618045449256897,-0.0030446595046669245,-0.004076784010976553,-0.002362440340220928,-0.009607313200831413,0.007591871544718742,-0.014444532804191113
1724162873.466182,-0.19680410682639252,0.1736449436127033,-0.04958813700581414,0.9636682888052959,-0.4077330213968996,0.3504246649532495,-0.029660447575459575,0.31515395641326904,0.3965292274951935,-0.8622311353683472,0.009310038760304451,0.001282012788578868,-0.01542193815112114,0.0023874815087765455,0.013777634128928185,-0.011512627825140953
1724162873.519654,-0.19671142831994679,0.1742253374414417,-0.04991443372571717,0.9635656035839928,-0.40768099515262113,0.3515342785245499,-0.0301201816502467,0.31611761450767517,0.396481454372406,-0.861900269985199,-0.0011090028565376997,0.005467129871249199,-0.0011425954289734364,-0.012692267075181007,0.008610703982412815,-0.006575334817171097
1724162873.579587,-0.19686054550063103,0.174732073772002,-0.05052688847050885,0.9634114335571187,-0.4082162023513339,0.35239290694318093,-0.031122604763917323,0.3167842626571655,0.39697274565696716,-0.8614292740821838,-0.003643067553639412,0.006314945872873068,-0.0029729343950748444,-0.03433826193213463,0.018760059028863907,-0.018799051642417908
1724162873.610429,-0.19755387564427515,0.1749241797390653,-0.0512246856689496,0.9631977467740677,-0.4098674586157453,0.3525977279989384,-0.032240598456928754,0.31673386693000793,0.39848777651786804,-0.8607479929924011,-0.0020050774328410625,0.0072185867466032505,0.0014303147327154875,-0.03532266616821289,0.011803198605775833,-0.014406152069568634
1724162873.640092,-0.19807078676752332,0.17541970611740018,-0.051774014968246164,0.9629720831561968,-0.4111215143765187,0.3535018422420689,-0.03297609464662236,0.3173387050628662,0.3996376395225525,-0.8599917888641357,0.0018289341824129224,-0.0006105729262344539,0.00031128351110965014,0.006743771024048328,0.041468989104032516,-0.03181105852127075
1724162873.669559,-0.19786862106548186,0.17597297799802103,-0.052158819254548634,0.9628919712655762,-0.4108724286692973,0.35451538874969946,-0.03361068271773386,0.3182447552680969,0.39940929412841797,-0.8597630262374878,0.00283887330442667,-0.0016729659400880337,-0.0015790574252605438,0.039723873138427734,0.055194202810525894,-0.014841762371361256
1724162873.724533,-0.19666544344840237,0.17684097538221236,-0.0529759811267306,0.9629347766947022,-0.4087783586395561,0.3559115793748533,-0.035390517992594704,0.3197355568408966,0.39748865365982056,-0.8600999712944031,-0.0018105414928868413,0.0020567430183291435,0.0024172686971724033,0.07537735253572464,0.0564010851085186,-0.013624661602079868
1724162873.77085,-0.19533559482184826,0.1772552493495649,-0.05279085547893228,0.9631394741866203,-0.40605234700890247,0.3567330289763994,-0.03532011682561579,0.3208191990852356,0.39498576521873474,-0.860849142074585,0.010782578028738499,-0.006489550694823265,-0.014807994477450848,0.08861396461725235,0.08544975519180298,0.0023464104160666466
1724162873.799783,-0.19347367810533173,0.1780722851568623,-0.05274717586698419,0.9633668923021094,-0.4023240628251778,0.35830651140155967,-0.035572401747952224,0.3226875066757202,0.391557902097702,-0.8617163896560669,0.0010834680870175362,0.0025521237403154373,-0.0013599640224128962,0.07742605358362198,0.02943558245897293,0.043993670493364334
1724162873.861017,-0.19213753549856927,0.17824297754061386,-0.05209010246716851,0.9636384661911381,-0.39940650638609015,0.3587932273747455,-0.034629735732261,0.3235066533088684,0.3888716399669647,-0.862625241279602,0.0032320115715265274,0.00621020095422864,-0.0068084439262747765,0.05407576635479927,0.029941683635115623,0.047377996146678925
1724162873.87289,-0.1910727583380268,0.17859006867241153,-0.05170182431434193,0.9638068391208234,-0.3971387078390835,0.3595803607619026,-0.03407156905002016,0.3244950473308563,0.38678133487701416,-0.8631935715675354,0.0017298703314736485,0.0037941639311611652,-0.00272165285423398,0.04042048007249832,0.0010290954960510135,0.03413375839591026
1724162873.912363,-0.1903664149367105,0.17898098921588432,-0.05139179988676046,0.9638906397204678,-0.3956208112970448,0.3604701339144189,-0.0335234399028597,0.32546964287757874,0.38538113236427307,-0.8634528517723083,0.0041756052523851395,-0.005761968903243542,0.0009286762215197086,0.049154527485370636,0.030185699462890625,0.003242751583456993
1724162873.9432201,-0.18935398444918047,0.17938898192350922,-0.05159962121698692,0.9640031602482668,-0.3936789035373846,0.3611516926767831,-0.034168226760036155,0.32632189989089966,0.3835884928703308,-0.8639293313026428,0.0031253306660801172,-0.0017741227056831121,0.0026668249629437923,0.051108017563819885,0.01498097088187933,-0.0012942992616444826
1724162874.018897,-0.18825674551640334,0.17966911724040394,-0.051955329409229735,0.9641468442869197,-0.39161736262140556,0.3614897644726769,-0.03520962792199404,0.3268929421901703,0.3816838264465332,-0.8645567893981934,0.004572335630655289,-0.0015264323446899652,0.0007782087777741253,0.05043201521039009,0.0035513318143785,0.004768123850226402
1724162874.0312629,-0.18716336341142803,0.1797749899576761,-0.051745082170045385,0.9643511802254141,-0.3893502379001176,0.361680152369119,-0.03514323477652915,0.32736289501190186,0.3795873522758484,-0.8653016686439514,0.003852404188364744,-0.006382989231497049,0.0016095206374302506,0.06413828581571579,0.012085086666047573,0.0022498229518532753
1724162874.078877,-0.18610306255816828,0.179884633118128,-0.051633542533173676,0.9645418856544455,-0.3871863675009461,0.36184348374290676,-0.03526880665046249,0.3277941942214966,0.3775845468044281,-0.8660143613815308,0.0009696034248918295,0.0018630602862685919,-0.002042533364146948,0.04758197441697121,-0.001346970209851861,0.024160299450159073
1724162874.1246638,-0.18529827597246706,0.1797430183907227,-0.05183065032924012,0.964712689451921,-0.38563933151477353,0.36137255899759163,-0.03604572658601994,0.32759249210357666,0.37615159153938293,-0.8667140007019043,0.0027398094534873962,0.0027317709755152464,-0.00461199413985014,0.024422546848654747,-0.006695407908409834,0.0026849969290196896
1724162874.1608582,-0.18486577624663966,0.17947734087882486,-0.051656804627193256,0.9648544135493419,-0.3846983728707993,0.3608217631313846,-0.03595956358562413,0.32723987102508545,0.37527957558631897,-0.8672250509262085,0.0023870065342634916,-0.008076849393546581,0.0007695850799791515,0.01928802952170372,-0.018079716712236404,-0.0017320504412055016
1724162874.196518,-0.18466636492917898,0.17949137055707878,-0.0517990835639979,0.9648823364442222,-0.38435104185579494,0.3607746717117713,-0.03632565845266327,0.32724499702453613,0.3749575912952423,-0.867362380027771,0.000896074459888041,-0.0017514565261080861,-0.0025729103945195675,0.00799892470240593,0.0016920885536819696,0.005340549163520336
1724162874.224234,-0.1847673306225701,0.17946710730576776,-0.05199208241816402,0.9648571531159281,-0.38462320652653503,0.36065751699188037,-0.03669945099727695,0.32710736989974976,0.37520989775657654,-0.8673051595687866,9.188009425997734e-05,0.00289052352309227,-0.007124901749193668,-0.01924414373934269,0.009336468763649464,-0.0034206691198050976
1724162874.287096,-0.18517142292928893,0.17943294766403559,-0.052553276589215714,0.9647556172479661,-0.3856375271021653,0.36040637648685453,-0.03772963182819905,0.326755166053772,0.3761499226093292,-0.8670307397842407,0.005736474879086018,-0.004825215321034193,-0.0002773708547465503,-0.022145504131913185,0.007455696817487478,-0.05133660137653351
1724162874.3271232,-0.18573026910170842,0.17923574083299634,-0.053019063342545907,0.9646594091983676,-0.38692089528578094,0.35985685104728027,-0.038571947917348276,0.3261083960533142,0.3773387372493744,-0.8667576313018799,0.0006464023026637733,0.001242040190845728,-0.001361688831821084,-0.02594316378235817,-0.001507124281488359,-0.022094419226050377
1724162874.35605,-0.18612170857504806,0.17910653303909893,-0.0533558535844704,0.9645893194700131,-0.38782386370352023,0.35948623001947094,-0.039180819529189025,0.325667142868042,0.3781747817993164,-0.8665591478347778,0.0,0.0,0.0,-0.009820757433772087,-0.012717101722955704,-0.01626165583729744
1724162874.3871222,-0.1863554335896451,0.17904766255976806,-0.05368179851628656,0.9645370767985217,-0.3884092670572293,0.3592544977399106,-0.039797275635564185,0.32538843154907227,0.3787166476249695,-0.8664271831512451,0.017187438905239105,-0.012274186126887798,-0.008639583364129066,-0.009019164368510246,0.03216768056154251,-0.030969178304076195
1724162874.461296,-0.18577770620249107,0.18062334525753093,-0.057143016454456935,0.964155799828917,-0.3885858026178343,0.3612190377410361,-0.04656516055413495,0.3270663022994995,0.37888002395629883,-0.865723729133606,0.006084693595767021,-0.0362480953335762,0.003442727029323578,0.10138087719678879,0.12663841247558594,-0.23696951568126678
1724162874.47304,-0.18402538655827028,0.18255769029785587,-0.06491557857892126,0.9636353711134993,-0.38803303763365043,0.3621495520391424,-0.06261215302518955,0.32794585824012756,0.37836840748786926,-0.8656147122383118,0.007884501479566097,-0.025191783905029297,-0.0038274680264294147,0.17302004992961884,0.20343822240829468,-0.4214591979980469
1724162874.517607,-0.18109435047515438,0.18546515028661015,-0.07517572341672768,0.9628894144486932,-0.38615854252360154,0.3641594823324805,-0.08386506944393163,0.32993707060813904,0.3766326308250427,-0.8656150102615356,-0.006232785061001778,-0.01903023198246956,-0.0007067157421261072,0.21994921565055847,0.2431727945804596,-0.4721947908401489
1724162874.545723,-0.17663913660324268,0.18716917158191781,-0.0868892386296924,0.9624014579590126,-0.38172460730698426,0.36305160643121737,-0.10918154210921624,0.32956770062446594,0.3725214898586273,-0.8675326108932495,-0.007631754502654076,-0.005473988596349955,0.009593549184501171,0.34751883149147034,0.18031513690948486,-0.5362058877944946
1724162874.598428,-0.17142206108024524,0.18794041389620297,-0.09858559166856116,0.9620674038059148,-0.3756696789997303,0.36013304149130887,-0.13505796722805616,0.3278231918811798,0.3668955862522125,-0.8705857396125793,-0.010289900936186314,0.03182246536016464,0.000329331262037158,0.3178732097148895,0.1580844223499298,-0.4669027030467987
1724162874.627304,-0.16724137558499624,0.18846858593852814,-0.10742011049636212,0.9617540222845067,-0.37060643779588714,0.3579753157520791,-0.15465801849134356,0.3265906572341919,0.36218076944351196,-0.873019814491272,-0.016316384077072144,0.042566630989313126,0.0016657316591590643,0.2391316443681717,0.09969552606344223,-0.3026086986064911
1724162874.660857,-0.1645119662876048,0.18893540808209822,-0.11226442396384315,0.9615798200572823,-0.3669864974018627,0.357251789629052,-0.1654593307329007,0.3264152705669403,0.35880422592163086,-0.8744784593582153,-0.013554589822888374,0.043096937239170074,0.004861210007220507,0.13554903864860535,0.056818798184394836,-0.0967375710606575
1724162874.702517,-0.16330893057719698,0.1893470981325626,-0.1129226281025451,0.9616269070184699,-0.3648912083380695,0.357940328003255,-0.1670583032089688,0.3272799849510193,0.3568476736545563,-0.8749557733535767,-0.013264581561088562,0.03717799112200737,0.0038021798245608807,0.03497772663831711,0.0027982210740447044,0.0695825144648552
1724162874.7702088,-0.16366414174060157,0.18916011009230793,-0.11030559770610132,0.9619070136589492,-0.3646156200386556,0.3584984240482056,-0.161567138918877,0.32780274748802185,0.356590211391449,-0.8748649954795837,-0.0007526083500124514,0.012628119438886642,-0.0014452552422881126,-0.04100891202688217,-0.03459126502275467,0.17309661209583282
1724162874.7835212,-0.1646472453624144,0.1886699005690391,-0.10675816312983015,0.9622356943792266,-0.36520739241645517,0.3587343174662391,-0.15405342363973962,0.32793495059013367,0.35714301466941833,-0.8745899200439453,0.0034449398517608643,0.002494527492672205,-0.00309293856844306,-0.06544677913188934,-0.057014305144548416,0.1746603548526764
1724162874.83712,-0.16591710909568422,0.18808771350844095,-0.10330186355558273,0.9625087529997811,-0.3663959776986813,0.3587427439379004,-0.14666964821654746,0.32779306173324585,0.35825297236442566,-0.8741890788078308,0.007337679620832205,-0.006813914980739355,-0.0013312255032360554,-0.08670377731323242,-0.06152895838022232,0.14364288747310638
1724162874.883346,-0.16733695442034616,0.1872692373531877,-0.10071152288211181,0.9626971145082925,-0.36817136994337685,0.3579328371343274,-0.14112941773446952,0.32686159014701843,0.35990995168685913,-0.8738571405410767,0.006100011523813009,-0.0071296487003564835,-0.0008060229010879993,-0.08834201842546463,-0.07545357942581177,0.07693666219711304
1724162874.917056,-0.1691812667601559,0.18586014898457465,-0.0986833772486027,0.9628578797091856,-0.37092496358422666,0.3556540125124511,-0.13685280023837745,0.32452306151390076,0.3624776303768158,-0.8736674189567566,0.005031344015151262,-0.004587972071021795,-0.0017964261351153255,-0.1107896938920021,-0.1145293340086937,0.05865280330181122
1724162874.948797,-0.1713659384024885,0.18415989249441722,-0.09650416718652206,0.963019041650649,-0.37427919307155094,0.3528200894473923,-0.13226867297980474,0.32162392139434814,0.36560171842575073,-0.8734377026557922,-0.0025708083994686604,0.00012563931522890925,0.0030963881872594357,-0.13502934575080872,-0.14142151176929474,0.08705008774995804
1724162875.0256119,-0.17407240587722175,0.182344849916961,-0.09346623339853491,0.9631786687386464,-0.3783759992867075,0.35008976623290233,-0.1257711609379515,0.31872156262397766,0.369411826133728,-0.8728983402252197,0.005196752957999706,0.0019170681480318308,-0.008390950970351696,-0.16844934225082397,-0.11576355248689651,0.1254047453403473
1724162875.0309439,-0.17694026973642749,0.18092182559355874,-0.08958850045827163,0.9632929609752959,-0.38257188944919285,0.3485647600386057,-0.11730489019101657,0.31685781478881836,0.3733076751232147,-0.8719188570976257,0.002060213591903448,-0.005050239618867636,-0.0036284897942095995,-0.15884912014007568,-0.11171983927488327,0.15045909583568573
1724162875.0637898,-0.1794667850226618,0.1797228427913269,-0.08576902524526814,0.9633975932993893,-0.3861503640520226,0.3475360864764923,-0.10897474108455599,0.31550371646881104,0.37662503123283386,-0.8709827661514282,-0.0003012582310475409,-0.004992643371224403,-0.0018955152481794357,-0.1539352387189865,-0.11334925144910812,0.14290118217468262
1724162875.10587,-0.1819181543722328,0.1784545045455075,-0.08233419980867814,0.9634732936628267,-0.389723198566718,0.3462402200298437,-0.10149734684268477,0.3139161169528961,0.37993237376213074,-0.870119571685791,0.0046346141025424,-0.008823509328067303,-0.0016459585167467594,-0.14096330106258392,-0.09725168347358704,0.11051469296216965
1724162875.161025,-0.18404884285032466,0.17724988125977087,-0.07967664085291383,0.9635143896853051,-0.392947324747413,0.34478834720309653,-0.09572459418810005,0.31223684549331665,0.3829127550125122,-0.8694170117378235,0.0031508239917457104,-0.011963539756834507,-0.005214446224272251,-0.1041560247540474,-0.0687163844704628,0.07277341932058334
1724162875.213278,-0.18559181568841263,0.17620768909363765,-0.07810424250291946,0.9635383957536798,-0.39539724788217057,0.3432412266704467,-0.09235429054368906,0.3105747401714325,0.38517481088638306,-0.8690130710601807,0.0033198248129338026,-0.00910612940788269,-0.006730051711201668,-0.06981698423624039,-0.05244811996817589,0.025472719222307205
1724162875.2251968,-0.1867237465569273,0.175206327585378,-0.07744044648054686,0.9635558054170271,-0.3973472305207671,0.3414001312683978,-0.09101254693439302,0.30872219800949097,0.38697361946105957,-0.8688739538192749,0.00040028043440543115,-0.0015822562854737043,-0.005455378908663988,-0.06064997613430023,-0.04235845431685448,-0.008597098290920258
1724162875.2733579,-0.1877700733737273,0.17435122371672837,-0.07728967859124894,0.9635197081345699,-0.3993194592851908,0.3396615944250819,-0.09071596733026051,0.30695629119873047,0.38879144191741943,-0.8686881065368652,0.0003599448245950043,0.0013431968400254846,-0.005607571452856064,-0.05228344723582268,-0.024763943627476692,-0.010988496243953705
1724162875.304637,-0.18839113883446304,0.17406605555041682,-0.07721566604745424,0.9634559645476748,-0.40051689880044705,0.3391036170954272,-0.09047677999241242,0.30631646513938904,0.38989439606666565,-0.8684195876121521,-0.0032243942841887474,0.006178859621286392,-0.005699761677533388,-0.03275229036808014,-0.008006760850548744,0.005163503810763359
1724162875.359581,-0.1887972688625523,0.17406966158374917,-0.07699098099725066,0.9633937944458885,-0.4012570156991545,0.3392228375101614,-0.08986688104200631,0.3063238859176636,0.3905758261680603,-0.868110716342926,-0.0014797234907746315,0.015066823922097683,-0.010771781206130981,-0.030445395037531853,0.015962105244398117,0.014114152640104294
1724162875.388585,-0.1892132896990523,0.17431723574084698,-0.07634963399089177,0.9633184832304914,-0.40189541304244186,0.34004385658933217,-0.08827049116188826,0.3069533109664917,0.3911634385585785,-0.8676236867904663,-0.003261138219386339,0.0054566822946071625,-0.0007730344659648836,-0.01531449519097805,0.009430855512619019,0.034949641674757004
1724162875.450772,-0.18937114497451463,0.17466591516501523,-0.07550224497357358,0.9632910977257753,-0.4019508083708974,0.3411578077685875,-0.08628321331624307,0.30791234970092773,0.39121440052986145,-0.867260754108429,-0.004003012552857399,0.004971748683601618,0.0026346370577812195,-0.005560123361647129,0.009068017825484276,0.05045492574572563
1724162875.4797502,-0.18905239921748349,0.17483649205944687,-0.07462660904247943,0.9633909492301909,-0.4010200303771069,0.3418737395214842,-0.08447730803630397,0.30865511298179626,0.39035764336586,-0.8673827648162842,0.0002680647885426879,-0.0015473266830667853,0.0015173305291682482,0.03946567699313164,0.004259834531694651,0.03382592275738716
1724162875.510809,-0.1873999975543827,0.1750592429437157,-0.07526750156392531,0.9636235077000606,-0.3979383706027883,0.3420063881371427,-0.08628791478562489,0.3091721534729004,0.38751864433288574,-0.8684710264205933,0.0031620743684470654,-0.0010519458446651697,-0.0022599019575864077,0.1253681182861328,0.03392498940229416,-0.032806456089019775
1724162875.546634,-0.1850387789225635,0.17539809754858157,-0.0764490685073327,0.963925056965034,-0.3936318955585389,0.3421445432838552,-0.08942011351483074,0.3098491430282593,0.38354507088661194,-0.8699923157691956,0.004991008434444666,-0.0016625188291072845,-0.0019486185628920794,0.144788920879364,0.042005155235528946,-0.033025771379470825
1724162875.603265,-0.18209092668797636,0.17586909091440112,-0.0778152387693915,0.9642912415698923,-0.3882270081027374,0.34248748700628723,-0.09307564142516692,0.31083914637565613,0.3785479664802551,-0.8718259334564209,-0.0008373461896553636,0.0002721729688346386,0.0054536545649170876,0.16628067195415497,0.031922027468681335,-0.03202064707875252
1724162875.634476,-0.17895141243229304,0.17588384180844044,-0.07861188324655025,0.964811597307149,-0.38219922818778806,0.34209198202396096,-0.09578936894084765,0.3112541139125824,0.3729619085788727,-0.8740825653076172,0.0016783259343355894,-0.002021813066676259,0.004555440973490477,0.17662137746810913,-0.02694261446595192,0.036856509745121
1724162875.682569,-0.17516432083375255,0.17632555598903935,-0.07902628665741582,0.9653918950603837,-0.37478572820244227,0.34276309044506464,-0.0977400502572723,0.3127613663673401,0.3660731315612793,-0.8764535188674927,-0.011670993641018867,0.022800231352448463,0.015256530605256557,0.14649172127246857,-0.014067896641790867,0.10433334857225418
1724162875.753471,-0.17209157453696483,0.17564749867880014,-0.07724114965782564,0.9662122399628845,-0.3679339224083351,0.3419022914396957,-0.09532208262512022,0.31284043192863464,0.359688401222229,-0.8790649175643921,0.0017482630209997296,0.00524033373221755,6.899004802107811e-06,0.13765451312065125,-0.05919678136706352,0.129010871052742
1724162875.772448,-0.1697909024940284,0.1750172130969344,-0.07383742559387768,0.9669994913747482,-0.3620810034387047,0.3417528785579537,-0.0892676321360286,0.3134092688560486,0.35422107577323914,-0.8810800313949585,0.016669701784849167,-0.007733362261205912,-0.008945692330598831,0.1003786027431488,-0.019167877733707428,0.18144476413726807
1724162875.78091,-0.16755951343315878,0.1746622029316461,-0.07074174622455943,0.967684016628289,-0.35650501645228955,0.34205009910028883,-0.08373544908042758,0.31432873010635376,0.3490011394023895,-0.8828338384628296,-0.005652170162647963,-0.002503158524632454,0.016044504940509796,0.07331731170415878,-0.09750071167945862,0.1867949217557907
1724162875.83077,-0.166052697114199,0.17363355913014739,-0.06719980550217276,0.9683811271447391,-0.35217579729778564,0.34107421258492887,-0.07730210898402808,0.3139694929122925,0.3449408710002899,-0.8845557570457458,0.005200303625315428,-0.003900725394487381,-0.013695863075554371,0.04015447944402695,-0.06895767152309418,0.18027867376804352
1724162875.8633308,-0.16563313905046592,0.17259633139649058,-0.06385409429833822,0.9688646914744986,-0.3501025785789708,0.34003989936199536,-0.07091426095664861,0.3132922649383545,0.34299415349960327,-0.8855523467063904,0.007793096359819174,-0.006227824371308088,-0.008984779939055443,-0.028038179501891136,-0.0752236470580101,0.10297155380249023
1724162875.918641,-0.16671059602153052,0.1715230516120076,-0.06163888327079779,0.9690139291373626,-0.3514236080300719,0.3385985081419156,-0.06637051891147137,0.3118647336959839,0.34423476457595825,-0.8855748176574707,0.005148759111762047,-0.009716701693832874,-0.0064187683165073395,-0.09341023117303848,-0.07809826731681824,0.052508316934108734
1724162875.996918,-0.16894717845034932,0.17034038700798487,-0.060140115239836756,0.9689293822268927,-0.3553135545843059,0.3367411676406133,-0.06295746192423068,0.30977460741996765,0.3478843569755554,-0.8848820328712463,0.004726494196802378,-0.005932984873652458,-0.008770860731601715,-0.1426302045583725,-0.07765494287014008,0.02394477091729641
1724162876.009649,-0.1719477910046407,0.16912949844101557,-0.05917827665158813,0.9686728086434757,-0.360925103462168,0.33468809880784417,-0.06041261444790919,0.30731114745140076,0.35313987731933594,-0.8836583495140076,0.0030114243272691965,-0.004633348900824785,-0.008399575017392635,-0.1709384173154831,-0.07545683532953262,-0.0014955929946154356
1724162876.0288482,-0.17521166885700637,0.16787868122398322,-0.05858771003605442,0.9683413335130173,-0.3671969527106905,0.3324425276193503,-0.05857308942608298,0.30459722876548767,0.35900065302848816,-0.8822352290153503,0.00040028043440543115,-0.0015822562854737043,-0.005455378908663988,-0.17821745574474335,-0.07446253299713135,-0.018051285296678543
1724162876.063371,-0.17841069859644734,0.1666317532264561,-0.05812285566530282,0.9680005664112308,-0.37338957417919794,0.33016408852119583,-0.057026233929016595,0.3018597960472107,0.36477354168891907,-0.8808069825172424,-0.006867936812341213,-0.009360677562654018,0.0036095173563808203,-0.15876808762550354,-0.10424406826496124,-0.019174564629793167
1724162876.103308,-0.18120059553488582,0.1651176909819706,-0.05762936441579227,0.9677712796879105,-0.3787428647928468,0.32730408469538397,-0.05567784185868295,0.29870736598968506,0.3697527348995209,-0.8798049688339233,-0.0008889323798939586,-0.00771396653726697,0.0023469175212085247,-0.128586083650589,-0.07208701968193054,-0.023140065371990204
1724162876.1323419,-0.18356531474368995,0.16348266660145908,-0.05723657089115947,0.9676264936849625,-0.3832748347346368,0.32411914124525415,-0.054745145217306,0.295367032289505,0.3739596903324127,-0.8791543841362,-0.002930794842541218,-0.0033877205569297075,-0.001679871347732842,-0.11684152483940125,-0.08910257369279861,-0.027482392266392708
1724162876.187426,-0.1860124100922109,0.16142492114159904,-0.05671364238127397,0.9675354102840743,-0.3879128640842761,0.3200857418727609,-0.0537049833675192,0.29126977920532227,0.3782571852207184,-0.8786827921867371,-0.002629536669701338,0.001604922697879374,0.00021564390044659376,-0.13950248062610626,-0.13980664312839508,-0.006048046518117189
1724162876.2173948,-0.18867933388530211,0.15914474494223033,-0.056036534734706385,0.967436287030892,-0.39294033312628307,0.3156540866352918,-0.05238331300642809,0.28677892684936523,0.38290631771087646,-0.8781461119651794,0.007734368089586496,-0.00474854139611125,-0.011865523643791676,-0.12268874794244766,-0.1104685366153717,-0.010526454076170921
1724162876.282331,-0.19106553455766118,0.15754749310622007,-0.05542263585994762,0.9672646819158276,-0.3974683379675181,0.31264786643476944,-0.05100984706134986,0.2836015522480011,0.38708528876304626,-0.8773455023765564,0.0037349476478993893,-0.003424422349780798,-0.004151967354118824,-0.11999277770519257,-0.09682334959506989,0.0003981029149144888
1724162876.327143,-0.19315430300346317,0.15648934761604946,-0.054641645045826755,0.9670659817554762,-0.40137842136225654,0.31085442476259106,-0.04915594195636239,0.2815625071525574,0.39068758487701416,-0.8764050006866455,0.0017666141502559185,0.004516340792179108,-0.0076483795419335365,-0.1164216548204422,-0.03250870481133461,0.007529342547059059
1724162876.358438,-0.19568289569164168,0.1555042798702591,-0.053686658183032684,0.9667700426184215,-0.40613069531597973,0.30933551566632816,-0.04676603088171778,0.2796626389026642,0.395057737827301,-0.8750532269477844,-0.006327698938548565,0.007921685464680195,0.009824716486036777,-0.14842548966407776,-0.07569076865911484,0.0005737344035878778
1724162876.3933492,-0.19863718969456298,0.1540035584333987,-0.05324263300670006,0.9664322501310041,-0.4118855355292167,0.30653015258164934,-0.04555329438096185,0.2765160799026489,0.4003378748893738,-0.8736523389816284,-0.0056996895000338554,0.00771755538880825,0.0057344743981957436,-0.1368495225906372,-0.07804957032203674,-0.03530286252498627
1724162876.437063,-0.20051635491190084,0.152401328114609,-0.0544013023025127,0.9662336850936512,-0.41596515822504987,0.30271739365235484,-0.048132211973902106,0.2726939022541046,0.40407297015190125,-0.8731340765953064,-0.0017150696367025375,0.0012996362056583166,0.00037128565600141883,-0.02523900754749775,-0.04964080825448036,-0.13289912045001984
1724162876.4659538,-0.20110087608579577,0.15128628350502682,-0.056361148996080294,0.9661750357632242,-0.4176905451267588,0.29949123317440884,-0.05260673309971297,0.2696695029735565,0.40565064549446106,-0.8733417987823486,-0.0031656245701014996,0.006869738921523094,0.007564813829958439,-0.007691807113587856,-0.06723513454198837,-0.06217724457383156
1724162876.49712,-0.20074517361612165,0.15084608141084793,-0.05792906531116876,0.9662250774435356,-0.4174237825306458,0.2978237261389731,-0.056237647985664635,0.26824456453323364,0.40540680289268494,-0.873893678188324,-0.004579436033964157,0.013162018731236458,0.009831614792346954,0.018347345292568207,-0.042460475116968155,-0.04402719438076019
1724162876.5640569,-0.20040454995767154,0.15049790157182658,-0.05820199076773541,0.9663337188805882,-0.416797175528624,0.2969263233378897,-0.0570790216691347,0.2675344944000244,0.40483391284942627,-0.8743767738342285,0.00017259287415072322,-0.0007902201032266021,0.003563313279300928,0.050197016447782516,0.005128138232976198,-0.027522515505552292
1724162876.586792,-0.20018849472805622,0.15071359439356136,-0.0581019914737695,0.9663509134108564,-0.41634258646803174,0.29742194513192705,-0.05683470050841235,0.26802173256874084,0.4044182002544403,-0.8744199872016907,-0.005001700948923826,0.0169457346200943,0.007479522842913866,-0.037122778594493866,-0.012426944449543953,0.04668157920241356
1724162876.61708,-0.20217191031523377,0.15040255251249637,-0.055476169812579135,0.9661406993634934,-0.4195401617399761,0.298048692763847,-0.05080739226111484,0.26818859577178955,0.40734052658081055,-0.8730111718177795,-0.0034224805422127247,0.017158495262265205,-0.0013818037696182728,-0.17044654488563538,-0.08313493430614471,0.17662984132766724
1724162876.6595058,-0.2032812561872031,0.14995549603567582,-0.053265765500279984,0.9661018463187743,-0.4210903340253455,0.29814708757925895,-0.04598597628887705,0.268088698387146,0.4087557792663574,-0.8723801374435425,-0.001329589867964387,-0.005376420449465513,-0.0027337262872606516,0.014836784452199936,-0.020989317446947098,0.018713979050517082
1724162876.6938019,-0.20276771256218734,0.14978660627075868,-0.05292259240057525,0.9662547986284884,-0.41993898651441863,0.29788966253019095,-0.0454970380766339,0.26800206303596497,0.40770474076271057,-0.8728984594345093,0.001333140186034143,-0.00044137294753454626,-0.0025711855851113796,0.0722985565662384,0.0020753638818860054,0.00819914136081934
1724162876.753511,-0.20073736557340346,0.14972662591300723,-0.05329072407749255,0.966667724633656,-0.4159408570792111,0.2974306187030953,-0.04693498850338257,0.26807689666748047,0.4040507376194,-0.8745728731155396,-0.005031344015151262,0.004587972071021795,0.0017964261351153255,0.09091057628393173,-0.02743399329483509,0.012529514729976654
1724162876.7846289,-0.1985485534866474,0.15053040402108045,-0.053983459638307765,0.9669564384511734,-0.41176552786112314,0.29869433205819734,-0.0487134572226691,0.26967599987983704,0.4002279043197632,-0.8758381605148315,-0.005967753939330578,0.00926488172262907,0.004217144101858139,0.10566157847642899,0.06082144379615784,0.013187742792069912
1724162876.813576,-0.19769024196971963,0.15094757308022422,-0.05361048462795242,0.9670880413305485,-0.40993801870857643,0.2996891343323717,-0.04800470518709286,0.2707626521587372,0.39855247735977173,-0.8762667775154114,-0.010088223032653332,0.0171951986849308,0.0010902928188443184,0.003092303406447172,0.0003665593103505671,0.0438239648938179
1724162876.8832679,-0.19778184671357332,0.15093941689625592,-0.05274239842355943,0.9671183241953256,-0.4098575826522763,0.30005143312735005,-0.04614716751869645,0.2710895836353302,0.3984787166118622,-0.8761992454528809,-0.0008593307575210929,0.0024736332707107067,-0.002353816758841276,-0.01731298863887787,-0.019010791555047035,0.027668515220284462
1724162876.9170918,-0.19850061439094793,0.1504856868068753,-0.05218872619762886,0.9670718131127808,-0.4111197356240492,0.2993677682834038,-0.04495750373734986,0.2703419327735901,0.39963600039482117,-0.8759031295776367,0.0017737561138346791,-0.004949082154780626,-0.00787437241524458,-0.026883598417043686,-0.012866905890405178,-0.0020865765400230885
1724162876.9459949,-0.19995579382143072,0.15047995497165398,-0.05154372498705834,0.9668074370763756,-0.41386399303684335,0.29975626789107923,-0.04314156798502046,0.2703573405742645,0.40215009450912476,-0.8747469186782837,0.00045900867553427815,-0.00306153972633183,-0.0025746349710971117,-0.10203211009502411,-0.015500245615839958,0.02987411804497242
1724162877.002042,-0.20155730529006347,0.1507833495675023,-0.050882488902614556,0.9664625685605581,-0.416912821838456,0.30084097540457666,-0.04110014850355113,0.27094143629074097,0.4049396514892578,-0.8732780814170837,-0.00540968170389533,0.0017986053135246038,0.0046754456125199795,-0.11105214059352875,-0.02270120568573475,0.04423702880740166
1724162877.030947,-0.20371386873247438,0.15127031634916988,-0.049209758350272775,0.9660208601541592,-0.42077902111539245,0.30283250238118464,-0.036647823591382724,0.27221113443374634,0.40847164392471313,-0.8712359070777893,0.0002093365474138409,-6.804324220865965e-05,-0.0013634136412292719,-0.1525077521800995,0.0027126516215503216,0.09256169199943542
1724162877.0621529,-0.20624252900039475,0.15198194261346365,-0.04684799087759406,0.9654898978142911,-0.4251860285488094,0.30568401599955813,-0.030491444228409402,0.27414995431900024,0.41249024868011475,-0.8687310218811035,0.0005764235975220799,-0.008190269581973553,-0.0071969772689044476,-0.13835321366786957,0.021297918632626534,0.08261583745479584
1724162877.10885,-0.2078763352304145,0.15240914990057602,-0.04539762123037068,0.965141363814547,-0.42805065656904,0.3074426138883108,-0.026675350955708946,0.27531856298446655,0.4150981307029724,-0.8671177625656128,0.00705836433917284,-0.016178181394934654,-0.005803100764751434,-0.04393104091286659,0.020442062988877296,0.028607415035367012
1724162877.183619,-0.20816044280865784,0.15292110432254732,-0.04535644133494282,0.9650010562079135,-0.42862656968982416,0.30860681297096865,-0.026251278552060185,0.27625522017478943,0.4156220257282257,-0.8665687441825867,-0.0028281393460929394,-0.011440088041126728,0.00643198424950242,-0.012038680724799633,0.0025574839673936367,0.0022208148147910833
1724162877.195116,-0.20809846016979155,0.1533123235032261,-0.04515120167046812,0.9649619366878944,-0.42844697920809,0.30954325669551475,-0.025651401634888073,0.27708932757377625,0.41545864939689636,-0.8663807511329651,-0.0006831876235082746,-0.004134380258619785,-0.004095415119081736,-0.0052732741460204124,0.026481017470359802,0.02165093459188938
1724162877.2209601,-0.20814955004785152,0.15366070662636808,-0.044844026615263655,0.9649098677195481,-0.42846235028942514,0.3104454863045274,-0.024817777454356645,0.27786892652511597,0.4154726564884186,-0.8661243319511414,-0.0053361523896455765,0.00541312200948596,0.005205822642892599,-0.04378509521484375,-0.024718523025512695,0.012697272002696991
1724162877.250921,-0.20898441260568335,0.1534325208777451,-0.04413520622019478,0.9647984245412715,-0.42992124547531435,0.3103672571531504,-0.02314087430545192,0.2776157557964325,0.4167992174625397,-0.8655679821968079,-0.004344606306403875,0.0029045590199530125,0.0005869295564480126,-0.050403278321027756,-0.03273237124085426,0.035863228142261505
1724162877.3058739,-0.2097051518838256,0.15271927945718247,-0.043233712281505736,0.9647959692323442,-0.43107820715893774,0.3093096747841607,-0.02132362786816547,0.276553213596344,0.4178506135940552,-0.8654011487960815,-0.006863828748464584,0.01101633906364441,0.0067900544963777065,-0.05063195526599884,-0.07781946659088135,0.059062518179416656
1724162877.334954,-0.21055027990022696,0.15188888442958004,-0.04120678369406497,0.9648317278087318,-0.4321332300678548,0.3085274976490895,-0.017130194679088582,0.27574223279953003,0.41880887746810913,-0.865196704864502,-0.0011457465589046478,0.0047449530102312565,0.0037841317243874073,-0.04682694748044014,-0.06747125089168549,0.08151350170373917
1724162877.3909411,-0.21097525449523066,0.15089150900330586,-0.03876073521395798,0.9649967204554185,-0.43220955061727373,0.30752437039768005,-0.012267593277545279,0.2748644948005676,0.4188781976699829,-0.8654423952102661,0.009218200109899044,0.0005616521229967475,0.0020867944695055485,-0.01047590933740139,-0.07672051340341568,0.10714168846607208
1724162877.419955,-0.21129844173459708,0.15077230502836658,-0.03624731001656296,0.965042309318059,-0.4320728479624227,0.30845283703188764,-0.006876468207181981,0.27568531036376953,0.41875407099723816,-0.8652413487434387,0.0027985794004052877,0.0034226500429213047,0.0086525809019804,-0.05354718491435051,-0.03906776010990143,0.11543688178062439
1724162877.5260038,-0.21172340316636568,0.1500044655446805,-0.033902527381396035,0.9651541055129697,-0.43219225587336996,0.3079082714908799,-0.00211818427845313,0.27519893646240234,0.4188624918460846,-0.8653437495231628,-0.0003818877739831805,0.003028426319360733,0.00818393100053072,-0.024667324498295784,-0.10253845155239105,0.09086278825998306
1724162877.531702,-0.21219451167133618,0.14802076787934568,-0.031412091822731115,0.9654411135565096,-0.43236781569336924,0.304792969912322,0.0023847998855211524,0.27247971296310425,0.4190219044685364,-0.8661267161369324,0.0007899101474322379,0.014288867823779583,0.005003976635634899,-0.06818893551826477,-0.1710357964038849,0.11417906731367111
1724162877.534858,-0.2135948264509432,0.1451979724625167,-0.027498903228298576,0.9656803701038895,-0.4340120263138707,0.30064740297380066,0.009828117612235175,0.26868242025375366,0.42051422595977783,-0.8665896058082581,-0.00011741486378014088,0.005128730088472366,0.0046223425306379795,-0.10003118216991425,-0.21289870142936707,0.17013521492481232
1724162877.5807471,-0.21556470911024922,0.14210953061280027,-0.022275056281176746,0.965836643668179,-0.43645735598163676,0.29663957794313733,0.020127559298110297,0.26490575075149536,0.42273157835006714,-0.866673469543457,0.007143144030123949,-0.0016520716017112136,-0.0023181792348623276,-0.10955765843391418,-0.2024770826101303,0.19753038883209229
1724162877.61215,-0.216630670998145,0.13977539908463085,-0.01811177795745095,0.9660258170072472,-0.43742111841175974,0.29366224196988394,0.028227481741003486,0.26220613718032837,0.423604816198349,-0.8670679926872253,0.012277144007384777,-0.01429241057485342,0.003997249994426966,-0.04185567423701286,-0.13180306553840637,0.13445064425468445
1724162877.668726,-0.2176420479607637,0.1379720206991653,-0.014324504778746038,0.9661212945003282,-0.43839854008601375,0.2916713181483667,0.03576799917026933,0.2603601813316345,0.4244900047779083,-0.8671913146972656,0.009658774361014366,-0.006116221193224192,-0.013600222766399384,-0.07294028997421265,-0.1243782714009285,0.1600843071937561
1724162877.698803,-0.21826487875566034,0.13762754210759248,-0.012210753531686293,0.9660589343950609,-0.4390442390717421,0.2920184953854271,0.0403197858816542,0.2605822682380676,0.4250745475292206,-0.8668382167816162,-0.0060080899856984615,0.012190335430204868,0.004064951557666063,-0.10275381058454514,-0.10126424580812454,0.11098577827215195
1724162877.77955,-0.21994074269227143,0.1368574270292112,-0.009972748943066986,0.9658139784513436,-0.4418066923995224,0.29170381714889665,0.0453012055299177,0.2599707841873169,0.42757338285446167,-0.8657922148704529,-0.006967042572796345,-0.0071261050179600716,-0.009807249531149864,-0.08231103420257568,-0.04830656945705414,0.045730918645858765
1724162877.7914062,-0.22175998087923346,0.135442336846523,-0.007347747128411231,0.9656209478061969,-0.4447836140156091,0.29021143661297294,0.050848219723387045,0.25831303000450134,0.43026256561279297,-0.8649557828903198,-0.017246250063180923,0.009413142688572407,-0.015008822083473206,-0.11850853264331818,-0.06981152296066284,0.11818872392177582
1724162877.810299,-0.22381820269779823,0.13349161089358566,-0.0029783087508571194,0.9654410970413474,-0.4477758614038041,0.28845194470949775,0.059947375337833377,0.25642335414886475,0.43296176195144653,-0.8641707897186279,-0.0010646419832482934,0.018578367307782173,-0.01857752725481987,-0.1519957035779953,-0.09226182848215103,0.2218867689371109
1724162877.868231,-0.2265213531710276,0.1331121246886817,0.0016397236373236115,0.9648660134420469,-0.4519148711583256,0.29042621026819376,0.070610929689299,0.2576135993003845,0.43668898940086365,-0.8619384765625,-0.003103387774899602,-0.002597500802949071,-0.005243184510618448,-0.1852167844772339,-0.04038502275943756,0.20020756125450134
1724162877.888907,-0.22986456884154496,0.1331662671408948,0.004160897654473023,0.9640599586761779,-0.45793662518087774,0.29254173375048836,0.0772738712564225,0.25867339968681335,0.4420982897281647,-0.858858048915863,0.035564035177230835,-0.05989105626940727,-0.013933805748820305,-0.16011613607406616,0.05641317740082741,-0.06377210468053818
1724162877.9320831,-0.23138160206199443,0.13422515588190562,-0.0015087611798445468,0.9635578411797046,-0.4626310665169832,0.2924217122752038,0.06621010521041637,0.2579692006111145,0.4463041424751282,-0.8568923473358154,0.013087879866361618,-0.05676478520035744,-0.010546029545366764,0.03022228181362152,0.18848933279514313,-0.43284544348716736
1724162877.994611,-0.23103474523948195,0.13468472201657275,-0.010967885118572104,0.9635157281183597,-0.46471230475444364,0.2886538555619728,0.04598994170842798,0.2544737756252289,0.4481656551361084,-0.856965959072113,-0.009544992819428444,0.0024649580009281635,-0.006484868936240673,0.07253585010766983,0.09720855951309204,-0.4315858483314514
1724162878.033328,-0.23018098609458384,0.1348074311267076,-0.017920797155942015,0.963598679572797,-0.4650146566011782,0.2852888235671496,0.03079793245709605,0.25155046582221985,0.44843590259552,-0.8576873540878296,-0.007230440154671669,0.04099304974079132,0.00034140399657189846,-0.006477156654000282,0.05486544594168663,-0.22196891903877258
1724162878.0795121,-0.23121880011543783,0.13421411944061792,-0.020057582989284898,0.9633908874663498,-0.46776465379209775,0.28309861470214315,0.026240560739224976,0.2493259310722351,0.45089221000671387,-0.8570488691329956,-0.01343713328242302,0.0401383712887764,0.010622696951031685,-0.10718202590942383,-0.06034332513809204,0.008938160724937916
1724162878.1085339,-0.23329147295278402,0.1336644033326875,-0.01851834316016037,0.9629983879984917,-0.4715516160814408,0.2830397847517039,0.029974547657777528,0.24879686534404755,0.4542691111564636,-0.8554178476333618,0.019964033737778664,-0.006650075316429138,-0.007794474251568317,-0.09020679444074631,-0.0340263769030571,0.046603843569755554
1724162878.141234,-0.23532113640450072,0.1349569159098031,-0.019936568609867356,0.9622956799788472,-0.47605700859139854,0.28553782940138744,0.028296342409711198,0.2503539025783539,0.45827817916870117,-0.8528211712837219,0.03358903527259827,-0.020630383864045143,-0.029486436396837234,-0.06204743683338165,0.20873425900936127,-0.16963158547878265
1724162878.171725,-0.23665386815733971,0.13760539045908396,-0.025605161456026357,0.9614593317161992,-0.4803763420652781,0.2887015727657482,0.01792233455301118,0.25248485803604126,0.4621129631996155,-0.850119411945343,0.014983760192990303,-0.018100610002875328,-0.0009929283987730742,0.01559122558683157,0.2150755524635315,-0.3314974009990692
1724162878.221554,-0.236546365250784,0.13996211158723473,-0.033133937729510565,0.9609154440048921,-0.48236666813817836,0.2899801356643278,0.0028640222595604672,0.25330808758735657,0.4638771116733551,-0.8489128351211548,-0.008314383216202259,0.016586441546678543,0.013983581215143204,0.029061634093523026,0.18581748008728027,-0.3209742605686188
1724162878.25106,-0.2361531678106336,0.14108958363053797,-0.0375285363673951,0.9606856314601188,-0.48287534712234487,0.2901214484270389,-0.006174785396952533,0.2533605098724365,0.46432769298553467,-0.8486508131027222,-0.061742380261421204,0.05329739302396774,0.044517774134874344,0.005243589170277119,-0.04100894555449486,-0.03771786391735077
1724162878.307163,-0.23708701421702844,0.13915600572334622,-0.032417844542138335,0.9609236607277037,-0.48325886918275746,0.2886548560063543,0.004158201894981478,0.25206488370895386,0.46466732025146484,-0.8488507270812988,-0.03800977021455765,0.06944718956947327,0.010283476673066616,-0.1484728753566742,-0.22038747370243073,0.4400635063648224
1724162878.338297,-0.23966518778575682,0.1379122911645403,-0.021355634145020157,0.9607728916049484,-0.4852370288548026,0.29215402266659957,0.028345114339234454,0.25476837158203125,0.46641805768013,-0.8470816016197205,0.0007168140728026628,0.03035867027938366,-0.018192443996667862,-0.18258161842823029,-0.11313705146312714,0.6057417988777161
1724162878.3755832,-0.2421174580088315,0.13841847277846256,-0.009330778286219919,0.9602771708109468,-0.4865542924176542,0.3001149278216806,0.055582473609738794,0.26132190227508545,0.4675828516483307,-0.844438910484314,-0.005502120591700077,-0.027286728844046593,0.003314899280667305,-0.12776388227939606,-0.0803874284029007,0.5439754128456116
1724162878.413317,-0.24320972002288765,0.13844202901055377,-0.000939470425587421,0.9600426518833268,-0.486170479258552,0.30484078923459407,0.07419417688235544,0.26536351442337036,0.4672435522079468,-0.8433656692504883,0.017032722011208534,-0.03406244143843651,-0.007575963158160448,-0.06710676848888397,-0.05369917303323746,0.2889539897441864
1724162878.4672542,-0.24270066032338353,0.13834292961464068,0.003646755928561198,0.9601792680569883,-0.4837060891347561,0.30688990651176856,0.08386287777348599,0.2674381732940674,0.46506327390670776,-0.8439152240753174,-0.006350633688271046,-0.033585820347070694,0.026581671088933945,0.034739017486572266,-0.1661205142736435,0.15631723403930664
1724162878.500815,-0.2405306245006279,0.134444082864066,0.00815054666953391,0.9612508642702585,-0.47825307242963006,0.30003181551375313,0.09062326589851631,0.2623898983001709,0.46022897958755493,-0.8481396436691284,0.009078841656446457,0.010062005370855331,0.009285496547818184,0.09523788839578629,-0.3188479542732239,0.19980831444263458
1724162878.529763,-0.23844018770878353,0.12728325634794926,0.013952996600458142,0.9626787938940291,-0.4729682218784829,0.2866715658874071,0.09852081610150504,0.2517196834087372,0.45553067326545715,-0.8538904786109924,0.02565666474401951,-0.0005618808208964765,0.007464705500751734,0.037949513643980026,-0.47732454538345337,0.1765381395816803
1724162878.587058,-0.2375802099763003,0.11984683600555349,0.018426463304673915,0.9637701255442956,-0.47072068874319073,0.27237921177962493,0.10393466646352825,0.23976512253284454,0.4535287320613861,-0.8583847880363464,0.04438298940658569,-0.009697852656245232,-0.010188396088778973,0.006573465187102556,-0.3619115352630615,0.08482170850038528
1724162878.6258311,-0.23801281411260966,0.11520504547865387,0.021250260194153606,0.9641711233055809,-0.47133249168867325,0.2637426816101219,0.10775294946013077,0.23227041959762573,0.4540739059448242,-0.8601554036140442,0.03872363641858101,-0.004905750975012779,-0.004301729146391153,-0.05553371086716652,-0.19555982947349548,0.052994318306446075
1724162878.681881,-0.23904733513339277,0.11341863809580291,0.022582586809577067,0.9640967607564682,-0.4732786096738581,0.2607764282885595,0.11006456630214548,0.22948968410491943,0.4558069705963135,-0.8599851727485657,0.017473896965384483,-0.012375342659652233,-0.004393700510263443,-0.07721459120512009,-0.10088486224412918,-0.013815357349812984
1724162878.6943722,-0.24046239759311508,0.11243461030828296,0.021864961646792958,0.9638766514783359,-0.47645898455696856,0.25861861921690865,0.10849563460594544,0.22726158797740936,0.4586354196071625,-0.8590725660324097,0.010037112049758434,-0.0033268542028963566,-0.016479242593050003,-0.08272207528352737,-0.03779873251914978,-0.09055481106042862
1724162878.7408009,-0.24168560069208966,0.11182488037679097,0.01975425241356565,0.9636871871064504,-0.4795732400167439,0.25649936937566775,0.10402838511732351,0.22507703304290771,0.4614005982875824,-0.858166515827179,-0.003393437247723341,0.001151286531239748,-0.014567986130714417,-0.045547276735305786,0.0022986726835370064,-0.1567956954240799
1724162878.776129,-0.24299506282732194,0.11112144364657384,0.017263535853622246,0.963487059723351,-0.4829666003849427,0.2539781776431891,0.09870154462956247,0.22251804172992706,0.4644085168838501,-0.8572108745574951,-0.00868921261280775,0.005809118039906025,0.0011738591128960252,-0.0664079412817955,-0.015494604595005512,-0.1549137681722641
1724162878.810853,-0.24432931853301715,0.11048392839602343,0.014230070801956625,0.9632724788182744,-0.4865364057896863,0.25129772999148775,0.09222082239329778,0.21980589628219604,0.4675670266151428,-0.8561930060386658,-0.030015988275408745,0.0027129657100886106,0.016240252181887627,-0.053818851709365845,-0.040077582001686096,-0.1545518934726715
1724162878.86579,-0.245647820870315,0.10798458952422896,0.011466704865748337,0.9632574710894564,-0.4901607788885765,0.24461494275294685,0.0852747778010331,0.21366745233535767,0.4707677662372589,-0.8559929728507996,-0.026207512244582176,0.0029030602890998125,0.012618660926818848,-0.048150353133678436,-0.1322268545627594,-0.16027431190013885
1724162878.894754,-0.2475175236810084,0.10487579231162791,0.009890928228570704,0.9631398044505294,-0.49463828332196597,0.2373161094289803,0.0807223634304173,0.2069164514541626,0.4747133255004883,-0.8554722666740417,-0.012060664594173431,0.004758944269269705,-0.005586656276136637,-0.13018858432769775,-0.13116858899593353,-0.08059243112802505
1724162878.9258099,-0.24976617333422596,0.10259965583904422,0.009160348431389551,0.9628116202238304,-0.4996015762857283,0.23237768745982712,0.07856485619762855,0.20214416086673737,0.4790758490562439,-0.8541803359985352,-0.003081444650888443,-0.00696912407875061,-0.007819544523954391,-0.0627947449684143,-0.04300082102417946,-0.08303873240947723
1724162878.997036,-0.2503010286895569,0.10087460332817239,0.007403880400906777,0.9628700647964378,-0.5012487074537727,0.22769611942692358,0.07390674432742532,0.1979646533727646,0.480521023273468,-0.8543474078178406,-0.011006798595190048,-0.0028765322640538216,-0.0022458857856690884,0.018890326842665672,-0.07021169364452362,-0.11390534043312073
1724162879.0091882,-0.250124030551137,0.09929520238921741,0.005819141160227768,0.9630911844441327,-0.5013717055781883,0.22327405113937393,0.06948146567841829,0.19417166709899902,0.4806288778781891,-0.8551568984985352,-0.0025412484537810087,0.008143076673150063,-0.011988176964223385,0.007594119757413864,-0.0388043075799942,-0.09622291475534439
1724162879.058858,-0.25018197381571583,0.09831715391369396,0.004505789540911404,0.9631834780238082,-0.5018591817304809,0.22038548033809843,0.06606246267619116,0.1916494369506836,0.4810563027858734,-0.8554854393005371,-0.0002752484870143235,0.008842586539685726,-0.011675168760120869,-0.00700758583843708,-0.015051467344164848,-0.061878595501184464
1724162879.091896,-0.25042882614225476,0.09846089882002475,0.0031513837857504944,0.9631099269171158,-0.5026625006997458,0.22000054990462947,0.06324535686699514,0.1912357211112976,0.4817604124546051,-0.8551816940307617,-0.010066280141472816,0.012823574244976044,-0.0014860668452456594,-0.030034072697162628,0.01444062776863575,-0.040305837988853455
1724162879.137042,-0.25091924727549464,0.09862653182407013,0.002483415960926547,0.9629673175400348,-0.5038083638527906,0.22009344027766745,0.06201801248189764,0.19119451940059662,0.48276421427726746,-0.8546246886253357,-0.006026482209563255,0.010744165629148483,0.001336399931460619,-0.015872258692979813,0.030070964246988297,-0.01932619698345661
1724162879.1660972,-0.2511083461414302,0.0988772661974961,0.0019302371962128106,0.9628935580186072,-0.5043054880659038,0.22037886460620412,0.06100232150057308,0.19138595461845398,0.48319950699806213,-0.8543357849121094,-0.012350589036941528,0.015018220990896225,0.016240034252405167,0.00882900319993496,0.004374850075691938,-0.03103860653936863
1724162879.221401,-0.25102173231806263,0.0978620176925227,0.001733090873020983,0.9630202761526137,-0.5042361856250036,0.21799529982761967,0.05996324658431319,0.18935629725456238,0.4831388294696808,-0.8548222184181213,-0.014924990013241768,0.01879148930311203,0.014257502742111683,0.015151169151067734,-0.08948729932308197,-0.007197217550128698
1724162879.289679,-0.2506569504965858,0.0955575208144477,0.0023527102520585516,0.9633453313752185,-0.5034938725200705,0.21315138995898492,0.05990238973011092,0.18528921902179718,0.4824887812137604,-0.8560796976089478,-0.001553210779093206,0.013622469268739223,-0.0009183278307318687,0.03869153559207916,-0.13087625801563263,0.030658580362796783
1724162879.302316,-0.24963219950453086,0.09369675290478767,0.003244673908484303,0.9637914772531544,-0.5013145404747886,0.2093226216771476,0.06051213462667797,0.1822282075881958,0.480578750371933,-0.8578093647956848,0.004220007453113794,0.009519431740045547,-0.006122425198554993,0.08147083967924118,-0.08254816383123398,0.0334160141646862
1724162879.3421922,-0.2483941104393942,0.09306320855079708,0.004097078727030775,0.9641694160134072,-0.49863299835558267,0.2081557257723632,0.06167764835419049,0.18149277567863464,0.478225439786911,-0.859279215335846,0.0022220725659281015,0.007272594142705202,-0.004918103106319904,0.05608750879764557,-0.008596808649599552,0.05800390616059303
1724162879.3709779,-0.24721948890152212,0.09343627023640101,0.0045151717405487015,0.9644333766105649,-0.49611178247606436,0.20898933374651002,0.06247547579521303,0.18245857954025269,0.47600969672203064,-0.8603043556213379,0.0011273955460637808,-0.004020960070192814,0.0038711472880095243,0.0517544187605381,0.016223011538386345,-0.0026559887919574976
1724162879.4406319,-0.246375410466829,0.09447212196568792,0.003802477113851757,0.9645515210415311,-0.4944698824206975,0.21073125529650027,0.06125772859679265,0.18412011861801147,0.4745651185512543,-0.8607483506202698,0.006900572218000889,-0.01029416173696518,-0.011716781184077263,0.0617230199277401,0.07119746506214142,-0.05143332853913307
1724162879.4531,-0.2457197987689404,0.0960893811428785,0.0020974616392018647,0.9645642380037865,-0.49339872769642057,0.21325523938720817,0.058244298990340344,0.18639951944351196,0.47362199425697327,-0.8607771992683411,0.005681296810507774,-0.009163725189864635,-0.008463026955723763,0.030543284490704536,0.09472336620092392,-0.06718737632036209
1724162879.503364,-0.24520766103886518,0.09780183431459476,9.506497808431597e-05,0.964524703116756,-0.4926916342992178,0.215858244750255,0.05467362022169353,0.18871118128299713,0.47299909591674805,-0.8606160283088684,0.007337638176977634,-0.008984078653156757,-0.011715056374669075,0.025453686714172363,0.12264510989189148,-0.08055390417575836
1724162879.532207,-0.24481125868616896,0.09956547225691638,-0.0016064012700834276,0.9644436182109699,-0.4921629145429109,0.2187624424603189,0.051821970930612506,0.19126403331756592,0.4725331962108612,-0.8603083491325378,0.00045139150461182,-0.015450600534677505,0.00993357039988041,0.005899159237742424,0.04469609633088112,-0.05728290230035782
1724162879.579418,-0.24478099972637274,0.10095389781628411,-0.003121558999964412,0.9643032300217954,-0.4923708977437123,0.22100598239594293,0.04927347211776395,0.1931721270084381,0.47271648049354553,-0.8597811460494995,0.003624674864113331,-0.007761115673929453,0.00024438241962343454,-0.019903965294361115,0.06639391928911209,-0.04693908244371414
1724162879.632059,-0.2452681600887285,0.10164697007655471,-0.00431866335098893,0.9641020235836767,-0.4936065714951179,0.2219763827070546,0.04718178056779916,0.19387762248516083,0.4738050401210785,-0.859022855758667,-0.0009404767188243568,-0.01352994330227375,0.009624011814594269,-0.0257002841681242,0.02030879631638527,-0.06651335209608078
1724162879.663311,-0.24563563725407928,0.10161937656637925,-0.0050341980490164915,0.9640079062259513,-0.49452377788617197,0.22159056943715322,0.045706555213310865,0.19345059990882874,0.4746125340461731,-0.8586732745170593,0.002078606281429529,-0.003604069584980607,-0.0008999378769658506,-0.006294630467891693,0.007951166480779648,-0.020948590710759163
1724162879.694308,-0.24515432626664949,0.1020754207997908,-0.00495648855216924,0.9640825908919606,-0.49349857279664033,0.22255747079066518,0.04599374418984708,0.19438804686069489,0.47370991110801697,-0.8589599132537842,-0.0018948045326396823,0.011555279605090618,-0.002966035157442093,0.03494907543063164,0.036319587379693985,0.04971881955862045
1724162879.722439,-0.24421473608112693,0.10340395785591862,-0.0037836138368093552,0.9641848376946569,-0.4912390403334935,0.22596483404303408,0.04902375231076276,0.19755302369594574,0.47171878814697266,-0.8593335747718811,0.0001766594359651208,0.017416633665561676,-0.003639980684965849,0.03947414085268974,0.05803484469652176,0.10248998552560806
1724162879.778743,-0.2433333773819456,0.10488369435844204,-0.0021206342267591867,0.9642529568024959,-0.4889675774372641,0.2299698217774648,0.053211309961573146,0.2012367695569992,0.4697147011756897,-0.8595765829086304,-0.006907756440341473,0.017589421942830086,0.0015589429531246424,0.02261652983725071,0.0374399833381176,0.1121211126446724
1724162879.809439,-0.24334064335794975,0.10586485989073176,-0.000537896356557957,0.9641460383299038,-0.4885496737676903,0.23298924278206445,0.05720491713982775,0.2038765698671341,0.46934571862220764,-0.8591559529304504,-0.00617709057405591,0.009332925081253052,0.005580557510256767,-0.031187620013952255,0.00013317668344825506,0.06095552816987038
1724162879.8421102,-0.24475198478521867,0.10643194869181649,0.0011283024862394438,0.9637257186464612,-0.49099932463366747,0.23541899390076523,0.0615832464502001,0.20569470524787903,0.47150740027427673,-0.8575373888015747,-0.0011273538693785667,0.0061911228112876415,0.006512683350592852,-0.09023519605398178,0.012515969574451447,0.08904313296079636
1724162879.885785,-0.24641723999270174,0.10718673061704807,0.002298807325964057,0.9632155184464568,-0.49406993276190986,0.23806515697390543,0.0650767641446436,0.207620769739151,0.47421303391456604,-0.8555790781974792,-0.010411424562335014,0.016574177891016006,0.0017711371183395386,-0.09801365435123444,0.0151569414883852,0.05414222553372383
1724162879.940888,-0.24762918017780206,0.10757700773408689,0.00274369294250181,0.9628599945409632,-0.4964125145745983,0.23942734597214485,0.06665027677370378,0.2085220217704773,0.47627416253089905,-0.8542139530181885,-0.006551878061145544,0.0007257650722749531,0.003154665231704712,-0.013257998041808605,0.001517757074907422,-0.004909261129796505
1724162879.969912,-0.24741492069401863,0.10798054700810437,0.0023975547779192924,0.9628708040309302,-0.49603188950800875,0.24008753032090902,0.06605201792552946,0.20912900567054749,0.47593945264816284,-0.8542520999908447,-0.0062394109554588795,0.014459838159382343,-0.0023791056592017412,0.021977845579385757,0.050910018384456635,-0.0047620972618460655
1724162880.000907,-0.24728275229507385,0.1084805812252024,0.0023523184474556758,0.9628486704971061,-0.49573849801772435,0.2411433153084554,0.06619138813384699,0.2100641280412674,0.4756813943386078,-0.8541663885116577,-0.003951468039304018,0.010787726379930973,-0.004642457235604525,0.006332365330308676,0.038650140166282654,0.001841269782744348
1724162880.055892,-0.2476644452524215,0.10840662321470287,0.002178998037821789,0.9627593336747646,-0.4965671120036265,0.24096570291044273,0.06589288026727999,0.2098182886838913,0.4764100909233093,-0.8538206815719604,-0.012365431524813175,0.00775425648316741,0.008206570520997047,-0.037923675030469894,-0.026623733341693878,-0.025478307157754898
1724162880.0848022,-0.24919037097717117,0.1071901448876464,0.0021502483473460625,0.9625018271148559,-0.4997787980084448,0.23857412219238477,0.06562929338854502,0.20741304755210876,0.47923141717910767,-0.852828860282898,-0.005641002673655748,0.00406810874119401,-0.0017686119535937905,-0.07611169666051865,-0.04883728548884392,-0.01624353602528572
1724162880.161159,-0.25105760170929403,0.10553086330533118,0.0028498768493295953,0.9621980461325825,-0.5035441071099904,0.2356717140440689,0.06680892810636928,0.20451413094997406,0.4825327694416046,-0.8516666293144226,-0.003459265921264887,0.01426615659147501,-0.006838907487690449,-0.10359029471874237,-0.061623431742191315,0.07110734283924103
1724162880.1729321,-0.2527572150934979,0.10430610075435547,0.005080493178513474,0.9618774073096653,-0.5065725036026021,0.23456114529480734,0.07153969183728896,0.20322760939598083,0.48518306016921997,-0.8504680395126343,-0.0036578683648258448,0.0012211458524689078,-0.0006225670222193003,-0.08048288524150848,-0.08394546061754227,0.11214195191860199
1724162880.2187738,-0.25403976509238063,0.10325111695777803,0.008300762831345867,0.961630926333248,-0.508503757156258,0.23431032893720974,0.07841618431701208,0.20279636979103088,0.4868708848953247,-0.8496060371398926,-0.000793460407294333,-0.00847107358276844,0.0003009348874911666,-0.06566038727760315,-0.08600392192602158,0.131307914853096
1724162880.2621732,-0.2549331537706872,0.10240189948278766,0.011299900273616895,0.9614546581153774,-0.5096812948181346,0.2343196038456058,0.0848077309619479,0.20267099142074585,0.4878990948200226,-0.8490458726882935,0.0014541468117386103,-0.009217732585966587,-0.0021146086510270834,-0.07274839282035828,-0.08218350261449814,0.13142791390419006
1724162880.29385,-0.2561380589464014,0.10221682344446513,0.013547739118590555,0.9611250400993037,-0.5116215354692387,0.23547012137692888,0.09004101971198027,0.20342646539211273,0.4895918071269989,-0.8478900194168091,0.00928402878344059,-0.012553217820823193,-0.005642284639179707,-0.09230007231235504,-0.029005616903305054,0.08100564032793045
1724162880.334817,-0.25751195835079627,0.10225346577490547,0.014555774069370673,0.960739194895415,-0.5141867335878354,0.23646424206120925,0.09273909802058201,0.2039743810892105,0.4918269217014313,-0.8464636206626892,0.005167151801288128,-0.00827053189277649,-0.003690216690301895,-0.07881364226341248,0.0015427415492013097,0.0004126282874494791
1724162880.36481,-0.25858259632208935,0.1029088923461906,0.014541809476806606,0.9603818345727724,-0.516319870610213,0.2381868013463049,0.09345285988377504,0.2051841765642166,0.4936830997467041,-0.8450896143913269,0.0031437233556061983,-0.0003279527882114053,0.005395377054810524,-0.060537636280059814,0.058076824992895126,-0.020586978644132614
1724162880.419962,-0.25992308008862264,0.10353853072040545,0.013644528240361041,0.9599653616290872,-0.5192266234737803,0.23941388883215597,0.0922991174352768,0.20587985217571259,0.4962088465690613,-0.843439519405365,0.009839067235589027,0.009822946041822433,-0.0017774539301171899,-0.07469148188829422,0.0701795443892479,-0.09750852733850479
1724162880.4784842,-0.26207309779252386,0.10555199218289063,0.011298708084224176,0.9591916564227998,-0.5240277483170357,0.24309971634455285,0.0890515480334302,0.2084113508462906,0.5003714561462402,-0.8403529524803162,0.031757108867168427,0.011992791667580605,-0.016007360070943832,-0.08228292316198349,0.23143009841442108,-0.11651421338319778
1724162880.491837,-0.26322360624025765,0.11024067294140023,0.007265322678319197,0.9583879176851394,-0.5269955232372678,0.2515463991349354,0.08335468519858494,0.2151314616203308,0.5029388070106506,-0.8371206521987915,0.02715166285634041,0.011319580487906933,0.0036039070691913366,0.00552321644499898,0.32299932837486267,-0.13418254256248474
1724162880.5349379,-0.262761650783182,0.11507529275557957,0.003160232989535267,0.9579686404876135,-0.5267279744107942,0.2598837136253844,0.07703731017292584,0.22213780879974365,0.5027075409889221,-0.83542799949646,-0.003797184443101287,0.012891662307083607,0.016959965229034424,0.08030205965042114,0.21363164484500885,-0.15081776678562164
1724162880.582309,-0.26156833040616184,0.1175347967406499,0.0007512712794493097,0.9580015020666898,-0.5247412736664331,0.26370686811852023,0.07277314222784394,0.2255900353193283,0.5009891390800476,-0.8355351686477661,-0.003331033745780587,0.00036469855695031583,0.014159338548779488,0.09134647250175476,0.08896631002426147,-0.04357491433620453
1724162880.6123772,-0.2602686163168652,0.11756088943926217,0.0004082824502627601,0.9583524688421092,-0.52217001363279,0.26324917304546,0.0715674770903639,0.22554205358028412,0.4987621605396271,-0.8368793725967407,-0.018829455599188805,-0.004666144959628582,0.0218234583735466,0.0677134171128273,-0.0793837383389473,0.010161535814404488
1724162880.642385,-0.2600296675548004,0.11514407842042247,0.00138169339817053,0.9587097828643905,-0.5215997378169033,0.2583333968849315,0.0721842007207759,0.2214980572462082,0.49826779961586,-0.8382528424263,-0.006779607385396957,-0.0006523616029880941,0.0017895271303132176,-0.035076484084129333,-0.15285234153270721,0.028822796419262886
1724162880.6993299,-0.26171150976521595,0.11220281109451619,0.003749028302337385,0.9585945451575241,-0.5246488881587417,0.2535172839924525,0.07623458442622823,0.21707633137702942,0.500909149646759,-0.8378352522850037,-0.0037319555412977934,-0.028588181361556053,-0.009638392366468906,-0.07837651669979095,-0.16462700068950653,0.03954961523413658
1724162880.7273479,-0.2618108519343035,0.1091613360157969,0.0036497937397162797,0.9589188935247694,-0.5251166163413352,0.2466553250316578,0.07421756435562445,0.21126483380794525,0.5013139247894287,-0.8390777707099915,0.0006677871569991112,-0.02932439185678959,-0.012423496693372726,0.025485223159193993,-0.11904934793710709,-0.07688064128160477
1724162880.781044,-0.2610658811004528,0.10679840248457541,0.002353440904066323,0.9593920713898435,-0.5240911930870683,0.24042087762949513,0.06967988722802393,0.20615187287330627,0.5004264116287231,-0.8408774137496948,-0.007080907002091408,-0.007815168239176273,-0.010489818640053272,0.02484695427119732,-0.08387768268585205,-0.08992553502321243
1724162880.812395,-0.26127422299306535,0.10509704157442348,0.0018655787263965199,0.9595242486144898,-0.5247605302418956,0.2363649476362695,0.06764513289180818,0.2026611715555191,0.5010057687759399,-0.841380774974823,-0.006088844500482082,0.01370091550052166,-0.017007093876600266,-0.06936169415712357,-0.05837251991033554,-0.013332328759133816
1724162880.8434582,-0.2627403844362266,0.10470355483490484,0.002109097184824111,0.9591663563198788,-0.5277396603904169,0.2359527661033115,0.06842054962649324,0.20196454226970673,0.5035818219184875,-0.840009331703186,0.009229367598891258,0.007132919039577246,-0.015726322308182716,-0.11705975234508514,0.01134361233562231,0.03601976856589317
1724162880.88608,-0.2647432058155066,0.10576241460957918,0.0030694460529220005,0.9584966812079942,-0.5315402785688441,0.23936099303923397,0.07185055676100921,0.20437106490135193,0.506861686706543,-0.8374506831169128,0.013107264414429665,-0.009439487010240555,-0.021998073905706406,-0.09024860709905624,0.07081545889377594,0.04416303336620331
1724162880.9173121,-0.26557886069563547,0.10777744781647926,0.0027886867686417274,0.9580417526224536,-0.5331749514953605,0.243926370047656,0.07274220047827899,0.2079918086528778,0.5082701444625854,-0.8357037901878357,0.017539767548441887,-0.023320049047470093,-0.0017389492131769657,0.01956265978515148,0.11436272412538528,-0.0376775860786438
1724162880.997291,-0.2647146562659336,0.10940222893651093,0.00044836395967464917,0.9581006864964571,-0.5318729914020567,0.24598659141766768,0.0682543073127308,0.20987406373023987,0.5071485042572021,-0.8359146118164062,0.01841394044458866,-0.018529720604419708,0.00864833127707243,0.04180365428328514,0.10413260757923126,-0.11489132791757584
1724162881.009376,-0.2642559931324672,0.11049901642272646,-0.0020280212785562567,0.958099475384134,-0.5314863846695979,0.24687707108762816,0.06327946613527,0.2106662541627884,0.5068152546882629,-0.8359174728393555,0.018336819484829903,-0.01849660649895668,0.003039035014808178,0.030300937592983246,0.09491478651762009,-0.15117116272449493
1724162881.041081,-0.26525930336392856,0.11080683839500047,-0.004126204152355319,0.9577798449744411,-0.5340626609366226,0.24654353534124304,0.05914726368471784,0.21006807684898376,0.5090344548225403,-0.8347187042236328,0.0036174911074340343,-0.0004658556426875293,-0.009913455694913864,-0.06276324391365051,0.05460471659898758,-0.13686831295490265
1724162881.08876,-0.26697212896380307,0.10897895530326612,-0.006410579794417078,0.9575010764893229,-0.5382677304064959,0.24141638137622487,0.05349921827443274,0.20527203381061554,0.5126494765281677,-0.8336989283561707,-0.005130366422235966,0.011162872426211834,0.009147320874035358,-0.10738065093755722,-0.07757580280303955,-0.12173368781805038
1724162881.1637192,-0.2698354674687201,0.10569836810459418,-0.007565219762349195,0.9570576578336226,-0.5446227580751395,0.23389440050561164,0.04978146179274158,0.1982361227273941,0.5180954933166504,-0.8320333361625671,-0.015035304240882397,0.01228463277220726,0.008270022459328175,-0.13942940533161163,-0.16006390750408173,-0.11973980069160461
1724162881.176653,-0.2731336496831513,0.10152353550456221,-0.007592058566002433,0.956573733212662,-0.5516421481801042,0.22508469558813882,0.04808232714770223,0.19008219242095947,0.5240865349769592,-0.8301819562911987,-0.018244897946715355,0.02355729416012764,0.0002198940492235124,-0.15981297194957733,-0.19264639914035797,-0.06388641893863678
1724162881.194731,-0.27611906818376103,0.09776947499899923,-0.006603333376316985,0.9561149129668151,-0.5577686171563105,0.21777435034960158,0.04877355004359411,0.1833110898733139,0.5292943120002747,-0.8283987641334534,-0.020040638744831085,0.030707834288477898,0.00028679490787908435,-0.1532534956932068,-0.17896579205989838,0.046955060213804245
1724162881.269987,-0.2793282779744854,0.0951856168207876,-0.004378756305108952,0.9554560225320277,-0.564040704989837,0.21396434328429534,0.05304647418412434,0.17944511771202087,0.5346053838729858,-0.8258308172225952,-0.020859675481915474,0.028085852041840553,-0.012298660352826118,-0.16689227521419525,-0.12202998995780945,0.06720063090324402
1724162881.282651,-0.28201123681660023,0.09291073275777353,-0.0018178461338661691,0.9548999777722716,-0.5691578402826459,0.21099341794139712,0.05812225506154872,0.1764155924320221,0.5389228463172913,-0.8236744999885559,0.004983783233910799,0.003462578170001507,-0.022490287199616432,-0.07270364463329315,-0.05155811458826065,0.08094311505556107
1724162881.331238,-0.28291730597515385,0.09333775948311943,-0.0008060982469444669,0.9545915591744254,-0.5707833940163866,0.21282998743164958,0.060971924128625225,0.17774274945259094,0.540291428565979,-0.8224917054176331,0.0229208804666996,0.012743039056658745,-0.005510425195097923,-0.0508708730340004,0.08388113230466843,0.046759068965911865
1724162881.3847342,-0.2841964183940117,0.09568551114688131,-0.0019407231941149432,0.953977376915561,-0.5735356129536999,0.21774414733141234,0.060375822720534614,0.18146052956581116,0.5426053404808044,-0.8201533555984497,0.019909456372261047,0.017376387491822243,0.002889149822294712,-0.09622592478990555,0.14573585987091064,-0.05562237650156021
1724162881.415071,-0.2853755306829702,0.0982112513243062,-0.004722845595940883,0.9533587299239172,-0.5764585075429384,0.22195867676030034,0.056147274720478105,0.18456552922725677,0.5450581908226013,-0.8178307414054871,0.007470062002539635,0.001831808011047542,0.03323138877749443,-0.020175045356154442,0.09576637297868729,-0.17155423760414124
1724162881.4449592,-0.286030311975088,0.09921611381329096,-0.007686999929705346,0.9530392349440986,-0.5784437968472086,0.22243532912816874,0.050307708289743444,0.18471625447273254,0.5467215776443481,-0.816685676574707,-0.0024527939967811108,0.02336188219487667,0.017343323677778244,-0.0025696756783872843,0.05049795284867287,-0.1064370647072792
1724162881.496163,-0.286026282047431,0.0989834111827527,-0.008311727823312067,0.9530593066033974,-0.5785917752972562,0.22148144370102432,0.04872800250627466,0.18391937017440796,0.5468454957008362,-0.816782534122467,-0.008865355513989925,0.01241713110357523,0.002915457123890519,0.059509266167879105,-0.060630764812231064,0.009364936500787735
1724162881.526151,-0.2846760844260932,0.0986384322771681,-0.00730791176913033,0.953507480716612,-0.5755821497384194,0.2210710232623067,0.05035497486456787,0.18394418060779572,0.5443232655525208,-0.8184599876403809,0.028804246336221695,0.006466204300522804,-0.04626236483454704,0.08555073291063309,0.07326345890760422,0.08222445100545883
1724162881.559828,-0.28349901240906317,0.10253289185663125,-0.008249244092598668,0.9534396401687173,-0.5731603253409118,0.22913927844004284,0.05049285444745479,0.19084052741527557,0.5422900319099426,-0.8182306289672852,-0.009581862017512321,-0.004767708480358124,-0.03270963579416275,0.020784208551049232,0.2201816886663437,0.0033942842856049538
1724162881.614883,-0.28361176197376914,0.10705387647001566,-0.010873799799717443,0.9528826996569063,-0.5737979508687358,0.23781645453490585,0.04764651366874263,0.19785168766975403,0.5428256392478943,-0.8162076473236084,-0.04239993914961815,0.00251056463457644,-0.009433220140635967,-0.07955104112625122,0.20859898626804352,-0.05480046570301056
1724162881.6795259,-0.28472245838269244,0.11051323067657477,-0.014253610896328565,0.9521117420754451,-0.5767775260123611,0.24378108791214934,0.04270935575708797,0.202325239777565,0.5453256368637085,-0.8134399056434631,-0.017132902517914772,-0.013922439888119698,-0.01242787018418312,-0.04954500123858452,0.254027396440506,-0.14199340343475342
1724162881.6928458,-0.28525895942565144,0.1147012829255262,-0.01891121677597301,0.951374406048489,-0.5789130591745222,0.2504526872954152,0.03519700082049052,0.20745854079723358,0.5471144318580627,-0.8109418749809265,-0.01676924154162407,-0.009716385044157505,0.01819496974349022,-0.030902419239282608,0.2784145772457123,-0.16692817211151123
1724162881.725862,-0.28595007861186844,0.11831981335218958,-0.023576437833440978,0.9506192873550802,-0.5814526424982577,0.2558385312437617,0.027338124938546215,0.2114708125591278,0.5492384433746338,-0.8084659576416016,-0.018014010041952133,0.0016034678556025028,0.029329996556043625,-0.044418785721063614,0.22031733393669128,-0.1647050827741623
1724162881.818781,-0.2872331790959707,0.12010110152379835,-0.02716893862628512,0.949912918925107,-0.5850235955202125,0.2578108393002005,0.02084571144224967,0.21256352961063385,0.5522190928459167,-0.8061456680297852,-0.00425264285877347,0.010135408490896225,0.014229689724743366,-0.06437770277261734,0.12357355654239655,-0.13915924727916718
1724162881.832059,-0.2890529719627565,0.12074515880836476,-0.029721631709186454,0.9492025549797704,-0.5894658845315051,0.2579414673887841,0.016096929153368043,0.2120409607887268,0.5559171438217163,-0.803737998008728,-0.0005212872638367116,0.010358616709709167,0.0049988022074103355,-0.0863339900970459,0.05077775567770004,-0.10392362624406815
1724162881.872489,-0.2913729054836972,0.12090056381574533,-0.03093896129599696,0.9484343188342985,-0.5945997003042043,0.257932440931913,0.014205617910854874,0.21130293607711792,0.560177206993103,-0.8009697794914246,0.0035001179203391075,0.006833037361502647,0.00509271677583456,-0.12250292301177979,-0.00858889427036047,-0.032369788736104965
1724162881.903759,-0.29274453193870104,0.12140327981560577,-0.031465723536732916,0.9479301686792221,-0.5975791791316248,0.25901419318939417,0.013821263380520563,0.21174082159996033,0.5626428723335266,-0.7991237640380859,0.008245004341006279,0.002346221823245287,-0.0009495914564467967,-0.01626124605536461,0.04473497346043587,-0.0005324435187503695
1724162881.93487,-0.29290579655416304,0.12212600984667712,-0.03155567974298238,0.9477845623941504,-0.5979274625090668,0.26066923891080196,0.014188984858273291,0.21301260590553284,0.5629307627677917,-0.7985828518867493,0.003275939030572772,-0.00036288253613747656,-0.001577332615852356,-0.0012631199788302183,0.012043846771121025,0.01879030466079712
1724162881.97855,-0.2926581791364605,0.12236460714815264,-0.03087957616670076,0.9478525682247236,-0.5972259092663152,0.2616438140332408,0.0158229533250429,0.2138928920030594,0.5623507499694824,-0.7987561821937561,0.007994815707206726,-0.018684927374124527,0.002160012489184737,0.019375968724489212,-0.026885557919740677,0.02949783392250538
1724162882.008647,-0.29226361631194975,0.12183118412906546,-0.029877074647996722,0.9480750705672496,-0.5961437905611446,0.2610134551964753,0.017598619096464145,0.2135462462902069,0.5614556074142456,-0.79947829246521,0.012934279628098011,-0.02616342343389988,0.007488487754017115,0.022321047261357307,-0.04242868348956108,0.030725719407200813
1724162882.038618,-0.2920013333012855,0.12079860708310074,-0.02882906938812241,0.9483204717824093,-0.5953356695691333,0.25927874298430875,0.01916672468879726,0.21227532625198364,0.5607867240905762,-0.800285816192627,0.0013913933653384447,-0.023775141686201096,0.01259177178144455,0.006087336223572493,-0.08360469341278076,0.03308607265353203
1724162882.093536,-0.29176872010329447,0.11857897547777131,-0.02757381898744471,0.9487094309016375,-0.5945630279129474,0.25493166185069616,0.02037360126369541,0.20890362560749054,0.5601468086242676,-0.8016200661659241,-0.008972594514489174,-0.021762004122138023,0.0039052781648933887,0.005189504008740187,-0.1647779941558838,-0.010565022006630898
1724162882.1299129,-0.2921018021148142,0.11578404953575729,-0.026948348362101183,0.9489701505059054,-0.5951490212936483,0.24892993199752586,0.019921376499912213,0.20400787889957428,0.5606321692466736,-0.802541196346283,-0.009008904919028282,-0.0027998588047921658,-0.013834039680659771,-0.03852825611829758,-0.1327076107263565,-0.021675806492567062
1724162882.177315,-0.29279037202072344,0.11380201046994136,-0.026581337779495347,0.9490079983699491,-0.5965247587841219,0.24471019945836683,0.019569242810877296,0.20043250918388367,0.5617708563804626,-0.8026458024978638,-0.008255780674517155,0.00859666895121336,-0.01428716629743576,-0.0390336699783802,-0.0670357421040535,-0.012440306134521961
1724162882.229867,-0.2933195833377792,0.11296687300916039,-0.02608322594474401,0.9489582053842628,-0.5975142242460028,0.24321751722307455,0.020282347434723833,0.19910022616386414,0.562589168548584,-0.8024042248725891,-0.013096180744469166,0.011670427396893501,-0.016582705080509186,-0.03776216506958008,-0.02964489534497261,0.016665782779455185
1724162882.2411351,-0.29401400196068594,0.11267858540935467,-0.025273275203224574,0.9487995435329513,-0.5987570849992654,0.24324955505525803,0.02215532926321333,0.1989573836326599,0.5636162161827087,-0.8017185926437378,-0.01886221580207348,0.008478205651044846,-0.0012207692489027977,-0.04735502600669861,-0.03230321779847145,0.04330459237098694
1724162882.283442,-0.29464603867792066,0.11196684842254846,-0.024398076527601797,0.9487106039268046,-0.599865177036751,0.242330741277654,0.023854296743581478,0.1980706751346588,0.5645312070846558,-0.8012942671775818,-0.006768398452550173,0.008089068345725536,-0.005639759358018637,-0.040722478181123734,-0.038879889994859695,0.040454309433698654
1724162882.334875,-0.2947021360215796,0.11199227313558949,-0.02292422394240838,0.9487269296991078,-0.5996073686756705,0.2434325875672922,0.027271104533020004,0.19898852705955505,0.5643184185028076,-0.8012167811393738,-0.021928776055574417,0.010943207889795303,0.009376981295645237,0.059987641870975494,-0.014349695295095444,0.12184260785579681
1724162882.3910398,-0.29354631582448004,0.11099789075736972,-0.018032428333371348,0.9493075358507992,-0.5959975348636835,0.24427595466155524,0.03738161106891532,0.20015555620193481,0.5613346099853516,-0.8030200600624084,-0.02241276204586029,0.04821880906820297,0.01793450489640236,-0.008605273440480232,-0.1824786216020584,0.34213483333587646
1724162882.403706,-0.29406182357610516,0.10960169148785315,-0.009823205272950695,0.9494306071522068,-0.5950327441582888,0.24683381133957685,0.055341343287770565,0.20234113931655884,0.5605359077453613,-0.803030252456665,0.023585116490721703,-0.010763561353087425,-0.012629009783267975,-0.05363012105226517,-0.133961483836174,0.3341994285583496
1724162882.443954,-0.29377477713199274,0.1088976990916555,-0.00529678242250286,0.9496364932086119,-0.5933144981266454,0.2482497577601698,0.06508426661571555,0.20371432602405548,0.5591121315956116,-0.8036753535270691,0.027150588110089302,-0.03889987990260124,-0.0029831579886376858,0.08541597425937653,-0.04465467855334282,0.10907290130853653
1724162882.496128,-0.2921278451817531,0.10862558018320695,-0.00484033022899736,0.9501780496253631,-0.5898044233884303,0.2475099807850391,0.0653455710018839,0.20359928905963898,0.5561985373497009,-0.8057236075401306,0.0234381016343832,-0.015822431072592735,-0.003305933205410838,0.07542730867862701,-0.012027041986584663,-0.0255904383957386
1724162882.5274038,-0.29029152489192134,0.10967524295824227,-0.006149823666777521,0.9506125691555586,-0.586270912713379,0.248584065317528,0.06244488296304112,0.204946830868721,0.5532585382461548,-0.8074043393135071,0.012743811123073101,-0.002794726984575391,-0.00070175965083763,0.07323985546827316,0.05280378833413124,-0.057140789926052094
1724162882.568918,-0.2888341250810142,0.11090464624004369,-0.007677522718912093,0.9509027183875036,-0.5835731700777951,0.2500316783820648,0.05930976983812595,0.20648398995399475,0.5510092973709106,-0.8085500001907349,0.0032101101242005825,0.01275198720395565,0.006151746492832899,0.053048089146614075,0.058075737208127975,-0.050711456686258316
1724162882.589559,-0.28846305576411696,0.11195990680497202,-0.008382558261861699,0.9508856943554521,-0.5829244787411105,0.2519033675295304,0.05830759004032063,0.2080860286951065,0.550467848777771,-0.8085080981254578,-0.0027944291941821575,0.019124528393149376,0.004911786410957575,-0.009702185168862343,0.03671395033597946,0.006470729596912861
1724162882.643579,-0.2886496296345491,0.11265571309622952,-0.008042667994818706,0.9507498813360756,-0.5831778371364985,0.2537847830441291,0.05962790282745115,0.20957177877426147,0.5506793260574341,-0.8079801797866821,-0.006448705680668354,0.016698043793439865,0.009368138387799263,-0.004186647944152355,0.005701190326362848,0.04803593456745148
1724162882.673625,-0.28906291659663497,0.11299319506768023,-0.007014112881679654,0.9505923696482463,-0.5837383613956919,0.25535954620382534,0.06234702077664255,0.21076588332653046,0.5511471033096313,-0.8073503375053406,-0.007440293673425913,0.017036445438861847,0.003603200661018491,-0.041148167103528976,-0.022767892107367516,0.07455861568450928
1724162882.729567,-0.2899233277534614,0.11309855646315126,-0.005293046845608918,0.9503289090934502,-0.5850514924600819,0.2569833884688859,0.06664478838485115,0.2118924856185913,0.5522423386573792,-0.8063063621520996,-0.003852404188364744,0.006382989231497049,-0.0016095206374302506,-0.039208877831697464,-0.01470144372433424,0.09124121069908142
1724162882.7585502,-0.29078967209032697,0.11333618467992218,-0.0035238081938978654,0.9500441188297187,-0.5863504747031635,0.2589567814999505,0.07115352251401999,0.21329936385154724,0.553324818611145,-0.8051925301551819,-0.0016160057857632637,-0.00310510047711432,0.0034042219631373882,-0.027118179947137833,0.01041153259575367,0.06946109235286713
1724162882.791071,-0.2911344344314693,0.11305885422422633,-0.002382891046268482,0.9499750819591981,-0.5867766567959745,0.25918007478288474,0.07368391688117515,0.21341869235038757,0.5536797642707825,-0.8049168586730957,-6.993702845647931e-05,-0.007262146566063166,0.0045485422015190125,-0.006258711684495211,-0.028525134548544884,0.02984059974551201
1724162882.889782,-0.2910649417876138,0.11261114437986594,-0.001950443368512653,0.9500505374881792,-0.5865513446300442,0.25841804183197875,0.07432902881140724,0.2128371298313141,0.5534921288490295,-0.8051998615264893,0.008365970104932785,-0.008600302040576935,-0.010876845568418503,0.013515328988432884,0.010047970339655876,0.0015736649511381984
1724162882.9032068,-0.2904975163351048,0.11280115960150798,-0.0024241341327936503,0.9502005554638574,-0.5854910295903789,0.2583833392704829,0.0731719522355567,0.21295903623104095,0.5526087284088135,-0.8057742118835449,0.0050348942168056965,-0.01040576584637165,-0.007101337891072035,0.048236340284347534,0.02762812376022339,-0.0331433042883873
1724162882.919882,-0.2894989597246946,0.11319027774401792,-0.0035119329275596508,0.9504556433839165,-0.5836901526539038,0.25828205639631696,0.0705986813073576,0.21313126385211945,0.551106870174408,-0.8067566156387329,0.005178360268473625,0.00047089808504097164,-0.011119503527879715,0.038357414305210114,0.04258511960506439,-0.04380025342106819
1724162882.9998488,-0.2891184827048285,0.11389255776504853,-0.004581035690196432,0.9504829836940655,-0.5831401968981611,0.2590854367042287,0.0685164201277229,0.21385695040225983,0.5506479144096375,-0.8068779706954956,-0.0030482097063213587,0.0017410092987120152,0.0029424710664898157,0.001528584398329258,0.03593558818101883,-0.03653248772025108
1724162883.012964,-0.2890929609990225,0.1140282206399366,-0.005204814344397261,0.9504712693959136,-0.5832458754117299,0.2589735208556582,0.0671846408839263,0.21375173330307007,0.550736129283905,-0.8068456649780273,0.00045545841567218304,0.0027562533505260944,0.002730276668444276,-0.0008813984459266067,0.0003347672172822058,-0.030928948894143105
1724162883.0522928,-0.2894093138952024,0.11429654899794935,-0.005635566164384272,0.9503403109489699,-0.5839970416609916,0.25938711370886347,0.0665093542401011,0.21397925913333893,0.551362931728363,-0.8063570857048035,0.0014250618405640125,0.004619313403964043,0.0006877434207126498,-0.015138001181185246,0.018166836351156235,-0.010225663892924786
1724162883.153273,-0.28965942123784383,0.11472748833591188,-0.006016050037316965,0.9502098694366463,-0.5845868586678897,0.26019280534356337,0.06603686515105134,0.21454516053199768,0.5518549084663391,-0.8058700561523438,-0.0009915463160723448,0.002508562756702304,0.004618892911821604,-0.004619854502379894,0.011747146025300026,-0.011088239960372448
1724162883.165571,-0.28968971274012056,0.11498186130466567,-0.006302007214068222,0.9501680069763077,-0.5847093337370959,0.2605963234526265,0.06557521898120398,0.21485291421413422,0.5519570112228394,-0.8057180643081665,0.006089277099817991,0.005983404815196991,-0.005658949725329876,0.0013081220677122474,0.03160252794623375,-0.006972127128392458
1724162883.20361,-0.2897531572948701,0.11576502738762647,-0.0063503571330302926,0.9500532762046939,-0.5847994512285979,0.26239117206033774,0.06603347148737938,0.2162858098745346,0.5520321726799011,-0.8052831292152405,7.352902321144938e-05,0.003614516695961356,0.0005303769721649587,-0.00024193036369979382,0.02189304679632187,0.019854508340358734
1724162883.24972,-0.2895811313122364,0.11618079075149809,-0.006138052163474634,0.9500563256615272,-0.5843567930095281,0.2634496319889043,0.06674026195087322,0.21720165014266968,0.5516630411148071,-0.8052895665168762,-0.0008225453784689307,0.005365972872823477,0.003103287424892187,0.002056746743619442,0.005107879173010588,0.02244408242404461
1724162883.2618098,-0.28977659823362434,0.11652816573424729,-0.005625222772980012,0.9499573561776126,-0.5845951587725129,0.26464964362187554,0.06821983407850668,0.21813344955444336,0.5518618226051331,-0.8049014210700989,0.0003599864721763879,0.0035133601631969213,0.004776259418576956,-0.01634286716580391,0.006876915227621794,0.023727599531412125
1724162883.302459,-0.29011146823116657,0.11663804697327473,-0.0050642894173362875,0.9498448052868697,-0.5851244334918144,0.2653713489499333,0.06969709713637542,0.21863766014575958,0.55230313539505,-0.8044618368148804,0.0036578683648258448,-0.0012211458524689078,0.0006225670222193003,-0.004803531803190708,0.010306425392627716,0.023929227143526077
1724162883.3155642,-0.29011593072237585,0.11675936884675006,-0.004551333857843689,0.949831158360464,-0.5849828964474909,0.265998312418328,0.07094829515874622,0.21916253864765167,0.5521851181983948,-0.8044000267982483,0.0021521353628486395,1.0447169188410044e-05,-0.0003695609048008919,-0.0037976594176143408,-0.008962821215391159,0.029242178425192833
1724162883.35742,-0.2900732024093913,0.1169297940588646,-0.004174812815068749,0.9498249217035161,-0.5847774590026643,0.266633920784311,0.07190556494550869,0.21970365941524506,0.5520138740539551,-0.8043699264526367,-0.0010686672758311033,0.0025416763965040445,-0.0009904031176120043,3.686861600726843e-05,0.007232666481286287,0.026224765926599503
1724162883.408787,-0.29005304874198357,0.11714714223014942,-0.00387891931048515,0.9498055843014003,-0.5846371331477634,0.2673298217714649,0.0727207910264668,0.22028382122516632,0.5518968105316162,-0.8042915463447571,0.003121738787740469,0.001873507397249341,-0.0024120942689478397,0.004819015506654978,0.027492674067616463,0.013357347808778286
1724162883.476062,-0.28999996128123107,0.11730136090383818,-0.0036937971529903686,0.9498034812867225,-0.5844641044480476,0.26779607787304954,0.07322782817182753,0.22068406641483307,0.551752507686615,-0.8042808175086975,0.0011421963572502136,0.0010728401830419898,0.001520780147984624,0.002548907184973359,0.0064161475747823715,0.00986380223184824
1724162883.5236359,-0.289916283278138,0.11742466159519661,-0.00346732960054585,0.9498146078071702,-0.5842185887518319,0.2682099862167427,0.07379530295252563,0.2210528403520584,0.5515477657318115,-0.8043199777603149,0.006779607385396957,0.0006523616029880941,-0.0017895271303132176,0.006963450461626053,0.0107737360522151,0.004728330299258232
1724162883.535223,-0.2899263870350767,0.1176641059413171,-0.003520565176131341,0.9497817099033742,-0.5842357390778098,0.2687305682514626,0.0738446093342512,0.22146901488304138,0.5515620708465576,-0.8041957020759583,0.0022808006033301353,0.005793310701847076,-0.0020373589359223843,-0.012574810534715652,0.005652137100696564,-0.000813846243545413
1724162883.566005,-0.29004171255982286,0.11793140709417066,-0.003771576105808994,0.9497124159991315,-0.5845234398763736,0.26921207884135867,0.07350508917480128,0.22181400656700134,0.5518020391464233,-0.8039360046386719,0.0027985377237200737,0.001252487301826477,-0.0017312498530372977,0.004135744646191597,0.019017968326807022,-0.011505728587508202
1724162883.596076,-0.2898162808488958,0.11842631130929049,-0.004198625138297462,0.9497178830624831,-0.584139615198505,0.2700070265784258,0.0727922487239359,0.222509503364563,0.5514819025993347,-0.8039634823799133,-0.0011054109781980515,0.001819499651901424,0.003936323802918196,0.02105160988867283,0.016279064118862152,-0.00597390066832304
1724162883.6260881,-0.28926760332177737,0.11879711373326186,-0.004280508983127702,0.9498384934931761,-0.5830014116483553,0.27065702065217917,0.07265099185453636,0.22319971024990082,0.5505320429801941,-0.8044229745864868,-0.001468947739340365,0.004123933147639036,0.0044649760238826275,0.03210597112774849,0.011105048470199108,0.016965845599770546
1724162883.667387,-0.288409907651056,0.11916294279465856,-0.00392852864164469,0.9500549814326567,-0.5811037028018241,0.2714989035574132,0.07336888279935214,0.22415663301944733,0.5489467978477478,-0.8052398562431335,0.0018289341824129224,-0.0006105729262344539,0.00031128351110965014,0.05823289230465889,0.018393216654658318,0.024810461327433586
1724162883.723278,-0.2872567699135924,0.11962497646081871,-0.00366999185270517,0.9503472244538343,-0.5786155764170653,0.2724163053041017,0.07382375240195345,0.22526206076145172,0.5468654036521912,-0.8063468337059021,0.0014102610293775797,-0.0004744864418171346,0.003038110677152872,0.053855136036872864,0.016927972435951233,0.03540303558111191
1724162883.786082,-0.28615419996296465,0.11989963658445822,-0.0037490220325412786,0.9506449286796855,-0.5763427085438786,0.2726917769307477,0.07340451581082677,0.22581836581230164,0.5449610948562622,-0.8074796795845032,0.01113538071513176,0.004319069907069206,-0.020189573988318443,0.039914898574352264,0.05802031606435776,0.0018339352682232857
1724162883.7982621,-0.2855168282473015,0.12072373613150009,-0.004300269454338441,0.950729919668607,-0.5751218849516244,0.2740511899117286,0.07247272520184328,0.22709572315216064,0.543937087059021,-0.8078118562698364,0.0041316780261695385,0.0008111144416034222,-0.004302435554563999,0.027618806809186935,0.04467174783349037,-0.013377315364778042
1724162883.827213,-0.2847616462235027,0.1216443803515137,-0.0051437081914830615,0.9508348530885454,-0.5737364584483644,0.27541008770863595,0.07090017322999323,0.22839796543121338,0.5427740216255188,-0.8082268834114075,0.0018289341824129224,-0.0006105729262344539,0.00031128351110965014,0.043146830052137375,0.05989019200205803,-0.025742169469594955
1724162883.891031,-0.2840351388160127,0.12228274452700202,-0.006144893413093271,0.9509642939675917,-0.5724789028968919,0.27602692997752243,0.06879175044605661,0.22908231616020203,0.5417174100875854,-0.8087419271469116,-0.002075014403089881,-4.3560663470998406e-05,0.005978857167065144,0.03616806119680405,0.019998010247945786,-0.026221752166748047
1724162883.924819,-0.28317624744179076,0.1227889016649535,-0.006864781679761685,0.9511502789387978,-0.5708793569731021,0.2764905797136588,0.06717812646847232,0.22969350218772888,0.5403721928596497,-0.8094682097434998,-0.0004774013359565288,0.001615369925275445,-0.00015391700435429811,0.04659843444824219,0.03106481209397316,-0.016778888180851936
1724162883.954894,-0.2823880234345245,0.12348506529308227,-0.007059042502390074,0.9512930807502232,-0.5692624028161465,0.27775263213270335,0.06690381624928855,0.23095418512821198,0.5390109419822693,-0.8100168704986572,0.0010099390055984259,-0.0010623930720612407,-0.0018903410527855158,0.03848222270607948,0.04101194441318512,0.013654395937919617
1724162883.984828,-0.2818827028396959,0.12427644833444612,-0.007132911915020797,0.9513393249889533,-0.5681873680056355,0.27938631231313543,0.06707200749247531,0.23243685066699982,0.5381051301956177,-0.8101950287818909,-0.0006831876235082746,-0.004134380258619785,-0.004095415119081736,0.023167559877038002,0.04176214337348938,0.00706871272996068
1724162884.091013,-0.2816806875319052,0.12471654875067528,-0.007444393061490593,0.9513391996855723,-0.5678309289763159,0.2801414283516448,0.06658724718383047,0.23310159146785736,0.5378046631813049,-0.8102035522460938,-0.004957856610417366,0.00603232579305768,-0.00805702805519104,0.0026744971983134747,0.03987128660082817,0.0012187027605250478
1724162884.1039848,-0.28168831274266587,0.124757417297135,-0.007196318165056194,0.951333529671262,-0.5677716515751738,0.28039713238846836,0.06717555324145676,0.23331758379936218,0.5377546548843384,-0.8101745843887329,-0.0011238452279940248,-0.0017968332394957542,-0.009176058694720268,0.00593516044318676,0.012560120783746243,0.014273949898779392
1724162884.132149,-0.28117890759169456,0.12527113568441114,-0.007021488132749777,0.9514179801724933,-0.5666356093630346,0.2815509757644271,0.06771283090369296,0.23442181944847107,0.536796510219574,-0.810491144657135,-0.0014250618405640125,-0.004619313403964043,-0.0006877434207126498,0.04491664469242096,0.04324474558234215,0.004738242365419865
1724162884.182397,-0.28028660742827677,0.1257751698479518,-0.0073372443526115985,0.9516124099515191,-0.5648559106762554,0.28226395799303855,0.06698990537020523,0.2352653592824936,0.5352941155433655,-0.8112400770187378,0.0005948161706328392,-0.00674409931525588,-0.004468425642699003,0.057410698384046555,0.0391031876206398,-0.01551995612680912
1724162884.1945539,-0.2790258742433305,0.12673354225431635,-0.008347936003864303,0.9518473663299646,-0.5624921276117709,0.283478107461986,0.06486412217328862,0.23660339415073395,0.5332960486412048,-0.8121663331985474,0.004326213616877794,-0.0043507288210093975,-0.0033154815901070833,0.07927818596363068,0.08133618533611298,-0.036653365939855576
1724162884.2349958,-0.27758433635516117,0.12781489120256864,-0.009769034707565996,0.9521106951802684,-0.5598738201067927,0.2846722287441616,0.06182984224055269,0.23796437680721283,0.5310792922973633,-0.8132205605506897,0.0007602669065818191,0.0019311035284772515,-0.0006791196647100151,0.06889169663190842,0.061526138335466385,-0.051248949021101
1724162884.285563,-0.27666683158856786,0.12868317786613823,-0.011115050478311427,0.9522459859147947,-0.5583298323823551,0.28557081858765393,0.05902942505333372,0.2389257401227951,0.5297704339027405,-0.8137922286987305,0.00195759953930974,0.005172290839254856,-0.0013565145200118423,0.03229059651494026,0.056254737079143524,-0.042616043239831924
1724162884.341217,-0.27642921360552763,0.12936606393366878,-0.011984653078646375,0.9522119343682218,-0.5580572683093853,0.2865238411715365,0.057438267466995936,0.2397419959306717,0.5295392274856567,-0.8137026429176331,0.001215725322254002,0.004687356762588024,0.0020511569455266,0.0029389283154159784,0.03980142995715141,-0.012726717628538609
1724162884.353977,-0.2763845418470274,0.12979013241628762,-0.012262649850036361,0.9521636929657082,-0.5580225949604674,0.28730711559784244,0.057076434335671104,0.24038448929786682,0.5295097827911377,-0.8135322332382202,0.008935334160923958,-0.002984821330755949,0.0029198313131928444,0.003871230175718665,0.014747501350939274,-0.018327971920371056
1724162884.392303,-0.2767336149487739,0.13011878685113076,-0.012583515892653966,0.952013191455075,-0.5588161554040637,0.28794631686427463,0.056709342318683555,0.24078503251075745,0.5301828384399414,-0.8129752278327942,0.007121201138943434,0.0027195517905056477,0.00025818042922765017,-0.031091881915926933,0.010379740037024021,-0.0052918195724487305
1724162884.4223452,-0.27740082151822854,0.1306305235970021,-0.012828454676036955,0.9517456508354079,-0.5602306773365979,0.2891345653807432,0.05675733790957603,0.24153681099414825,0.5313816666603088,-0.8119689226150513,0.006092869210988283,0.002335774712264538,-0.0005800305516459048,-0.03856895864009857,0.024523844942450523,-0.007145722862333059
1724162884.4708629,-0.278151913138443,0.13108775390978486,-0.012782148990929335,0.9514641200932117,-0.5617337140628893,0.2904057750520033,0.05745712984430452,0.2423398196697235,0.5326542854309082,-0.8108950257301331,0.005887124687433243,-0.0012438121484592557,0.0058623021468520164,-0.03192922845482826,0.010651912540197372,0.00016183487605303526
1724162884.521091,-0.2785254732992933,0.1313800236519928,-0.01267629733479134,0.9513159451738722,-0.5624522408121614,0.2912402735912234,0.0580348677944714,0.24290646612644196,0.533262312412262,-0.8103256821632385,0.005123266018927097,0.0004727144550997764,0.0014625026378780603,-0.010062688030302525,0.00917594414204359,0.003592852270230651
1724162884.576253,-0.2785737373726251,0.13145869739090707,-0.012586139346932123,0.951292126348138,-0.5625194431916334,0.2914904707516145,0.05830808908513246,0.2430988997220993,0.5333191156387329,-0.810230553150177,0.0031804670579731464,0.0003942240437027067,0.00046865001786500216,0.004532000049948692,0.0013990210136398673,0.0006260165246203542
1724162884.622401,-0.2784876694233525,0.1311473913331131,-0.012427742504595298,0.9513623997612877,-0.56231376908134,0.2908550110852901,0.05842318306743415,0.2426154464483261,0.5331451296806335,-0.8104899525642395,0.0020714642014354467,0.005861354060471058,-0.0006739454111084342,0.003708937671035528,-0.01725965179502964,0.005627685692161322
1724162884.635845,-0.27835741132208747,0.13069790026114025,-0.012007696660618671,0.9514678588502118,-0.5619472670762423,0.290057454924364,0.05901611637672383,0.24202483892440796,0.5328350067138672,-0.8108704090118408,0.01054774783551693,0.003767909249290824,-0.005563309881836176,0.013294783420860767,0.001374582527205348,0.010366365313529968
1724162884.680857,-0.2779586896279315,0.13045220799967672,-0.011458712081503657,0.9516247925585536,-0.5609777992831343,0.2897377108520981,0.05992690644562033,0.24191300570964813,0.5320144295692444,-0.8114423751831055,0.0007602669065818191,0.0019311035284772515,-0.0006791196647100151,0.02352599799633026,-0.026798434555530548,0.01754011958837509
1724162884.732006,-0.27766389820848875,0.13016485936154115,-0.010852050127814766,0.9517573216072296,-0.5602079903170328,0.28938583228990605,0.060980308794882386,0.241744264960289,0.5313624143600464,-0.8119197487831116,0.0010063888039439917,0.004755400121212006,0.0034145708195865154,-0.006332199554890394,-0.029969489201903343,0.039694055914878845
1724162884.785141,-0.27764156764161574,0.12978497694369887,-0.01016949048289425,0.9518232387957781,-0.559982164301476,0.2889416220358858,0.06225015585042261,0.2414177656173706,0.5311710834503174,-0.8121420741081238,-9.547194349579513e-05,0.0007571065798401833,0.00204598275013268,-0.004202048759907484,-0.02775758132338524,0.03151702135801315
1724162884.7973828,-0.27750292625421896,0.12957862298287007,-0.009727283300630496,0.9518964680476405,-0.5595784693009161,0.28871181773943155,0.06305001023773155,0.24129216372966766,0.5308290123939514,-0.8124030232429504,0.0014470464084297419,0.002417853334918618,0.008495214395225048,0.012743419036269188,-0.020308885723352432,0.032348114997148514
1724162884.824856,-0.27698192796351895,0.1288060630162484,-0.008929151180313368,0.9521607799356618,-0.5583210073037936,0.2873096218557777,0.06412482030415194,0.24034172296524048,0.5297629237174988,-0.8133800029754639,0.0067244707606732845,-0.0015159851172938943,0.00040864787297323346,0.03859760984778404,-0.05804521217942238,0.02700941450893879
1724162884.8683329,-0.2762773018576005,0.12807684349677786,-0.007820920388642053,0.9524736057461453,-0.5565936017619582,0.28615224604538914,0.06585098118051792,0.23965813219547272,0.5282970666885376,-0.8145343661308289,0.007958547212183475,0.002447378821671009,-0.005195473786443472,0.028307277709245682,-0.045907068997621536,0.05000478774309158
1724162884.931257,-0.2759139829340941,0.12752885518196427,-0.00661851233922846,0.9526615072117716,-0.5555296361701652,0.28555692253295856,0.06803994164958775,0.23933137953281403,0.5273934006690979,-0.8152157068252563,0.007183479610830545,-0.004577524960041046,-0.002165987156331539,0.005676879081875086,-0.042714573442935944,0.042173974215984344
1724162884.979451,-0.27575192601446347,0.12715588297272498,-0.005741778798735052,0.9527639553889595,-0.5549645764445255,0.28521013660702776,0.06969343387167984,0.23913246393203735,0.5269132256507874,-0.8155845403671265,0.0052406806498765945,-0.004656015429645777,-0.0031598396599292755,0.009092651307582855,-0.030723324045538902,0.021115725859999657
1724162884.990658,-0.2756587740246853,0.12658925320428285,-0.005278920030256417,0.9528690547030366,-0.5546783940749038,0.28418141150870074,0.07032351306889635,0.23833559453487396,0.526669979095459,-0.8159748315811157,-0.001215725322254002,-0.004687356762588024,-0.0020511569455266,-0.004988490603864193,-0.052204567939043045,0.00044047203846275806
1724162885.0359,-0.2758663596341467,0.12569876707551406,-0.00499608609509748,0.9529283901040103,-0.5550876308344641,0.2823825837600328,0.07045894205150034,0.23680733144283295,0.5270177721977234,-0.8161951303482056,-0.006515134125947952,0.0014479418750852346,-0.0017720614559948444,-0.02852972224354744,-0.050184253603219986,0.007916762493550777
1724162885.06476,-0.2762320893756291,0.12457475320838653,-0.004433266187129285,0.9529729203420988,-0.555758676394237,0.28026858497181867,0.07112940769768838,0.23498350381851196,0.5275879502296448,-0.8163539171218872,0.004058107268065214,-0.004973565693944693,-0.015216643922030926,-0.021360009908676147,-0.011806285008788109,0.004304378293454647
1724162885.128574,-0.27647238472305097,0.1241413311784725,-0.004431480602790684,0.9529597630226023,-0.5562842809197038,0.27934509810608116,0.07094459419779824,0.23415301740169525,0.5280343890190125,-0.8163039088249207,-0.0021337843500077724,-0.000734440516680479,-0.007285717874765396,-0.011304507032036781,-0.013686968944966793,-0.009446311742067337
1724162885.176095,-0.27662055220003495,0.12383632077295556,-0.004551017470148191,0.9529558427133785,-0.5566459805864853,0.27861359024650273,0.07053580680006999,0.23350326716899872,0.52834153175354,-0.8162912726402283,-0.007697666063904762,0.0033005550503730774,-0.0034450336825102568,-0.01610812172293663,-0.0077208708971738815,-0.006284748204052448
1724162885.181983,-0.2768073324460363,0.12354618170412877,-0.004672678247748868,0.9529386827555638,-0.5570864333901219,0.27792468271997056,0.07014644485419115,0.2328770011663437,0.5287154316902161,-0.8162280917167664,-0.00539133045822382,0.0010746121406555176,-0.0029798331670463085,-0.013324384577572346,-0.011562183499336243,-0.00566563056781888
1724162885.2323499,-0.27712424872642133,0.12359485736319666,-0.004857437971770687,0.9528393378920481,-0.5577876563470151,0.2780038913990603,0.06988664851640325,0.23283985257148743,0.5293104648590088,-0.81585294008255,-0.00038192939246073365,0.0008582633454352617,-0.0021998996380716562,-0.013426523655653,0.020514830946922302,-0.015675868839025497
1724162885.2871099,-0.27745362527538664,0.12368295125372107,-0.0050065591105359275,0.9527312962336562,-0.5585014597867348,0.2781988107881002,0.06973724297253135,0.23289504647254944,0.529915988445282,-0.8154440522193909,9.547194349579513e-05,-0.0007571065798401833,-0.00204598275013268,-0.009453071281313896,0.007525644730776548,-0.003225940279662609
1724162885.337327,-0.27761798778267205,0.12375064587271549,-0.005130808189530425,0.9526739263103321,-0.5588703040754333,0.278318841677279,0.06956664137228084,0.232939213514328,0.5302287340164185,-0.8152280449867249,0.0010247398167848587,0.004031407181173563,-0.00424070842564106,-0.008843454532325268,0.005875344853848219,-0.010044733062386513
1724162885.350188,-0.2777677258729879,0.12375542389523446,-0.005135124908026285,0.9526296596785336,-0.559179147369011,0.2783669502457083,0.06961788025462903,0.2329334169626236,0.5304905772209167,-0.8150593638420105,0.007088007405400276,-0.003820418380200863,-0.00012000428978353739,0.003459740662947297,0.0075883278623223305,-0.00544330570846796
1724162885.3910189,-0.2775602216616864,0.12401311705313021,-0.005396441236012515,0.9526551449388451,-0.5588090764330281,0.27873549205594755,0.06912120637704695,0.2332877814769745,0.5301768183708191,-0.8151621222496033,0.0019979351200163364,0.0022468373645097017,-0.001204322325065732,0.001939206849783659,0.0037261205725371838,-0.004085066728293896
1724162885.447298,-0.2776823634296201,0.12436751373993819,-0.005499069697897518,0.9525727528321181,-0.5590642163072174,0.2795130373961062,0.0691706615093654,0.23388421535491943,0.530393123626709,-0.8148504495620728,0.001351532875560224,0.0010047969408333302,0.00015736650675535202,-0.0134928273037076,0.011775216087698936,0.004335423465818167
1724162885.499778,-0.2777527725867551,0.12471447802350495,-0.00573491054460054,0.9525054650037131,-0.5592522569582986,0.28017583884931924,0.0688970308448145,0.23439666628837585,0.5305525064468384,-0.8145993947982788,0.0027617940213531256,0.0005303106736391783,0.0031954774167388678,0.004936388693749905,0.020193781703710556,-0.001648825709708035
1724162885.5129452,-0.27769528723557363,0.12498562451046703,-0.005692676568260674,0.9524870272586059,-0.5591022052057054,0.2808068489399778,0.06914704204705163,0.23493270576000214,0.5304253101348877,-0.8145278692245483,0.0021705280523747206,0.0014566171448677778,0.0023589911870658398,0.00015424180310219526,-6.622698856517673e-05,0.011218592524528503
1724162885.570304,-0.2778320978155716,0.12490684418128116,-0.004554070178748726,0.9524635096481185,-0.5590576354825638,0.2813822243864783,0.07169893958103797,0.23540788888931274,0.5303875803947449,-0.8144152164459229,0.0007235232042148709,0.001208926667459309,0.004247607197612524,0.00019734411034733057,-0.043837785720825195,0.07216562330722809
1724162885.584969,-0.27767345446340175,0.12469822973321067,-0.003265231768992972,0.9525424047186963,-0.55837159208413,0.2816749495035859,0.0743862613248368,0.23574736714363098,0.5298058390617371,-0.8146955966949463,0.0009879961144179106,0.0033092303201556206,0.0006860187277197838,-0.0050760963931679726,-0.026037422940135002,0.05228123441338539
1724162885.6373959,-0.277797774715503,0.12411655978904579,-0.0022883883595813987,0.9525849884980997,-0.5583883545852999,0.2809960129216532,0.07624183107755506,0.2351917177438736,0.5298200249671936,-0.814846932888031,-0.0017150696367025375,0.0012996362056583166,0.00037128565600141883,-0.010548697784543037,-0.047476876527071,0.030127735808491707
1724162885.676019,-0.27821610111537565,0.12352741538880271,-0.0017236728545527756,0.95254070920033,-0.5591315113546355,0.2801221800821815,0.07728542058629613,0.2343706637620926,0.530450165271759,-0.8146735429763794,0.0,0.0,0.0,-0.023813879117369652,-0.03866385668516159,0.015060637146234512
1724162885.705126,-0.27862550805172925,0.12299368903383562,-0.0016050847877905337,0.9524902595376264,-0.5599820570207666,0.2790910611933168,0.07736197463498,0.23340614140033722,0.5311710238456726,-0.8144807815551758,-0.0017150696367025375,0.0012996362056583166,0.00037128565600141883,-0.019597463309764862,-0.025496797636151314,0.0038592922501266003
1724162885.75828,-0.2788497588287271,0.1225910280780806,-0.0016823202549078463,0.9524764378032774,-0.5604980703686926,0.27818391618027166,0.07701229267899347,0.2325918972492218,0.5316081643104553,-0.8144285082817078,0.0008006024872884154,-0.000994349829852581,-0.0005269274115562439,-0.0031882089097052813,-0.01929377391934395,-0.019111936911940575
1724162885.787753,-0.2789375316619884,0.12234262178771076,-0.002073473918664767,0.9524819010504904,-0.5608111207805581,0.2773922971294846,0.07600630267330633,0.23190152645111084,0.5318732857704163,-0.8144522905349731,1.839266042225063e-05,0.0014461700338870287,0.0027285520918667316,-0.014918489381670952,-0.021209070459008217,-0.015221599489450455
1724162885.818335,-0.279232335767078,0.12205740374365533,-0.002448846585426973,0.9524311874487306,-0.5615478323585884,0.2765826444183422,0.07509139128034499,0.23113495111465454,0.532496988773346,-0.8142625689506531,0.006757622584700584,0.002853821497410536,-0.009596998803317547,-0.014043324626982212,0.029460391029715538,-0.019014913588762283
1724162885.8932328,-0.27954302590291435,0.12197054948355172,-0.0026830078644564364,0.952350598304696,-0.5622609402836272,0.2763199700044139,0.07462933901563099,0.23081740736961365,0.533100426197052,-0.8139577507972717,0.005046145059168339,0.0005058279493823647,-0.004146793857216835,-0.01001888606697321,-0.003907627891749144,-0.022327527403831482
1724162885.9076118,-0.2798204127990972,0.12204322135484677,-0.0032728323429063017,0.9522579286216775,-0.5629949131455524,0.2761860417813791,0.07346100760568004,0.23060163855552673,0.5337212681770325,-0.8136119842529297,0.0038855974562466145,0.00015698082279413939,0.00198770547285676,-0.026325134560465813,-0.0028190247248858213,-0.034678149968385696
1724162885.96121,-0.2803631660994918,0.12176719220474704,-0.003482637933047097,0.9521329096547414,-0.5641930917630783,0.2755676413413538,0.07301719386563996,0.2299242913722992,0.5347341299057007,-0.813138484954834,0.0012560609029605985,0.0017619036370888352,0.002203349256888032,-0.01721716672182083,-0.004423903301358223,-0.01781117543578148
1724162886.005787,-0.2807002560857734,0.12159894904036647,-0.00396321046463357,0.952053212864678,-0.5650369293705241,0.274965941358811,0.07195596769665155,0.22931239008903503,0.5354470014572144,-0.8128421306610107,0.0005473801284097135,0.007816939614713192,0.0059892055578529835,-0.034486349672079086,-0.036518268287181854,-0.016063040122389793
1724162886.034688,-0.28140201259714964,0.12098369273925534,-0.004002874620680878,0.9519242414659811,-0.5665394226314688,0.2737200675397609,0.0717276047371993,0.22808177769184113,0.5367153882980347,-0.8123517036437988,0.00018739368533715606,0.004303580150008202,0.0012129461392760277,-0.035169538110494614,-0.04065265133976936,-0.02015845663845539
1724162886.065783,-0.2822448997478733,0.12004562464936772,-0.0034877784114237904,0.9517954766620526,-0.5682005567456785,0.27212888441631966,0.07258401231265037,0.2265489399433136,0.5381162166595459,-0.8118537068367004,-0.008347618393599987,0.00787630770355463,0.003221566788852215,-0.06156184524297714,-0.09157992899417877,0.010506772436201572
1724162886.09477,-0.28317021342680304,0.11852812321522666,-0.0019398248193316719,0.9517152042728516,-0.56978929334915,0.2699010005094739,0.07540855393127226,0.22451142966747284,0.5394546389579773,-0.8115314245223999,-0.005486802663654089,0.0018317187204957008,-0.0009338505333289504,-0.041634347289800644,-0.08810136467218399,0.05955817922949791
1724162886.182574,-0.2839104179542153,0.11738461288163837,8.889994592657454e-05,0.9516383930990138,-0.5708402160477456,0.26879848392221467,0.07949763571590666,0.22346587479114532,0.5403392314910889,-0.8112314343452454,-0.006133246701210737,-0.0015804843278601766,-0.009955991990864277,-0.04925839975476265,-0.07684596627950668,0.07741118222475052
1724162886.195283,-0.2847600176179188,0.11655207287672666,0.001977823334500292,0.951484797297865,-0.572135404873223,0.268356371230943,0.08352587485087633,0.2229214459657669,0.5414286255836487,-0.8106546998023987,-0.0021669776178896427,-0.007274410221725702,-0.00766390236094594,-0.04547494277358055,-0.04461197182536125,0.06938865035772324
1724162886.2823281,-0.2854729957505663,0.11609853439223748,0.0033087795262751224,0.9513229195439674,-0.5732742180652429,0.2683880896417383,0.08650096740326652,0.22278352081775665,0.5423857569694519,-0.8100525736808777,0.001604755176231265,-0.007806492503732443,-0.006358766462653875,-0.047942228615283966,-0.013170059770345688,0.03526480868458748
1724162886.295989,-0.2868068485171013,0.115691822781516,0.0039257617930902895,0.9509688132432895,-0.5758887162461385,0.26824437644223376,0.0881410381031147,0.22229048609733582,0.5445803999900818,-0.8087144494056702,0.0013550830772146583,-0.004812996368855238,-0.0051475451327860355,-0.09354110807180405,-0.016840213909745216,0.0018667250405997038
1724162886.338773,-0.287914286823227,0.1151953396658106,0.004342906670971595,0.9506926307902341,-0.5781020857454425,0.2677007919436699,0.08918108826957546,0.221531480550766,0.5464354157447815,-0.8076707720756531,-0.001637948676943779,0.0012665226822718978,0.0059805819764733315,-0.05526617914438248,-0.05148180201649666,0.027658602222800255
1724162886.35182,-0.28864760311590315,0.11424934458094463,0.006025245415528971,0.950575221848258,-0.5792372410448857,0.2668537132336493,0.0926312914054893,0.2206835299730301,0.5473857522010803,-0.8072593212127686,0.0028756584506481886,0.00121937389485538,0.003878046525642276,-0.039467327296733856,-0.07865679264068604,0.07760591804981232
1724162886.392294,-0.28929253969330476,0.11331819833025948,0.008339986118709335,0.9504730965812991,-0.580018495673477,0.26644038957717725,0.09749173239188569,0.22023718059062958,0.548039436340332,-0.8069376349449158,0.010169411078095436,0.0009785423753783107,-0.002684290986508131,-0.056008320301771164,-0.06297040730714798,0.0952676385641098
1724162886.458537,-0.29027717540296655,0.11288699949151121,0.010305828349156849,0.9502049143428852,-0.5815488200670583,0.2670588866282259,0.10204516371456218,0.22051465511322021,0.5493188500404358,-0.8059913516044617,0.01053294725716114,-0.001325890887528658,-0.003212943207472563,-0.06969936192035675,-0.0467260405421257,0.07276953011751175
1724162886.50605,-0.29112086422375344,0.11283254646452016,0.011315005453302523,0.9499417623573987,-0.5830137480342451,0.2678720564739855,0.10463772107261458,0.22095675766468048,0.5505423545837402,-0.8050349354743958,0.011910014785826206,-0.008340347558259964,-0.0005530166672542691,-0.036182429641485214,-0.005407488904893398,0.0059060752391815186
1724162886.518641,-0.29155173166475096,0.11307289069925623,0.010827721375571012,0.949786698631175,-0.5840118375495688,0.26823592952218017,0.10387322040627793,0.22110392153263092,0.5513752698898315,-0.8044242262840271,0.004781671799719334,-0.001594475586898625,-0.0005852048634551466,-0.023004235699772835,0.03829430043697357,-0.03482113778591156
1724162886.5374088,-0.2918710708864254,0.11313873078883734,0.00987538091463539,0.9496911386937835,-0.5849289709961105,0.2678485511498456,0.10188633674752175,0.22065836191177368,0.5521401762962341,-0.8040218353271484,0.009475489147007465,0.009957215748727322,-0.011632632464170456,-0.015181020833551884,0.06627872586250305,-0.05040503293275833
1724162886.5920591,-0.2923403338770733,0.11316013902445848,0.009322442896275162,0.9495498465935678,-0.5860489257935645,0.2676723777216358,0.10083521695154446,0.22035302221775055,0.5530735850334167,-0.8034638166427612,0.00023897975916042924,0.012289720587432384,0.0043196831829845905,-0.02589927799999714,-0.010250372812151909,-0.02724713832139969
1724162886.6212459,-0.29280708571490727,0.11292677966938353,0.009167060954038714,0.9494353119082036,-0.5870800630139518,0.2671737548928441,0.10050835416424028,0.21980169415473938,0.5539323687553406,-0.803023099899292,-0.003701754380017519,0.009964392520487309,0.004530151840299368,-0.0170118547976017,-0.020528636872768402,-0.001587462960742414
1724162886.677043,-0.29320272639010314,0.11234293896176979,0.009551145203331635,0.9493787266838161,-0.5878519692679346,0.2662071332577749,0.10113422276665662,0.21891282498836517,0.5545748472213745,-0.802822470664978,-0.0048255580477416515,0.01033772248774767,0.005737924017012119,-0.016689086332917213,-0.03959193825721741,0.020397735759615898
1724162886.708714,-0.2934520045036439,0.111686848216169,0.010288703830120809,0.9493713615979436,-0.5882326987884988,0.26526758380675897,0.1024543589001705,0.2181030660867691,0.5548916459083557,-0.8028239607810974,-0.0015276758931577206,0.0056032161228358746,0.0015842316206544638,0.0014022105606272817,-0.03254786878824234,0.0382123626768589
1724162886.741239,-0.2933523325987291,0.11110125930428989,0.010957059902572711,0.949463427694347,-0.5879061460501366,0.26433513940229236,0.10352563885043091,0.21740171313285828,0.5546199679374695,-0.8032018542289734,-0.002078606281429529,0.003604069584980607,0.0008999378769658506,0.014307839795947075,-0.025189924985170364,0.025837156921625137
1724162886.788723,-0.2930204572259074,0.1105269380560256,0.011440928622175437,0.9496272233872809,-0.5871509118074367,0.26323094745450115,0.10409203381086761,0.21662361919879913,0.5539913773536682,-0.8038456439971924,0.00213015079498291,0.0022119074128568172,-0.008177031762897968,0.01829652488231659,-0.013400989584624767,0.013270674273371696
1724162886.815964,-0.29264619774270884,0.11006065145575314,0.011785887547905985,0.949792554010696,-0.5863351664704033,0.2622694897078664,0.10440163451306642,0.21596775949001312,0.5533120632171631,-0.8044897317886353,0.00719468854367733,0.004163905046880245,-0.009595273993909359,0.01763583905994892,0.004287817515432835,0.015084346756339073
1724162886.872046,-0.29215761921207006,0.1099124251132899,0.012154829832865208,0.9499554744330718,-0.5852424815439647,0.26202316017108424,0.10494165521247033,0.21592606604099274,0.5524015426635742,-0.8051263689994812,0.0011605473700910807,0.00034884712658822536,-0.006134498864412308,0.027705710381269455,-0.012183387763798237,0.021649332717061043
1724162886.904594,-0.2917017148093902,0.10959225688845967,0.01257036731528451,0.9501270930918811,-0.5842239032292573,0.26142126985858416,0.10548160246854787,0.21558673679828644,0.5515521764755249,-0.8057993054389954,0.002038270700722933,-0.0006786161684431136,-0.0010521301301196218,0.023401441052556038,-0.012204281985759735,0.022388454526662827
1724162886.933473,-0.29109241619634263,0.10939268537585775,0.012850124021097479,0.9503332489902273,-0.5829129523672163,0.2609584589039294,0.10573589445001905,0.21540014445781708,0.5504581928253174,-0.8065968751907349,0.0015608693938702345,0.0009367536986246705,-0.0012060471344739199,0.02783026732504368,-0.026777541264891624,0.016800997778773308
1724162886.974578,-0.290611110380127,0.10927600192164032,0.013159087465983254,0.9504897011044418,-0.581849205151108,0.26074620758900396,0.10616500053699705,0.2153797745704651,0.5495697855949402,-0.8072078824043274,0.0033162746112793684,-0.0032883360981941223,-0.0014251405373215675,0.018289342522621155,-0.006105729378759861,0.0031128351110965014
1724162887.032378,-0.2901912054304432,0.1089871363806515,0.013016776432880892,0.9506530984711069,-0.5810537020509743,0.2598550700827489,0.10547684823942385,0.21477261185646057,0.5489050149917603,-0.8078217506408691,0.001046724384650588,0.001829946762882173,0.003566762898117304,0.011560721322894096,-0.027136925607919693,-0.010860180482268333
1724162887.079513,-0.2900007465959433,0.10870690833669572,0.012809056076941196,0.9507461522527302,-0.5807478381662382,0.2590121576730507,0.10473803622381045,0.21413461863994598,0.5486493110656738,-0.8081647753715515,0.0027617940213531256,0.0005303106736391783,0.0031954774167388678,0.015130734071135521,-0.015211904421448708,-0.020699836313724518
1724162887.118781,-0.28998911971524616,0.10833394873517599,0.012906653045809884,0.9507909473769701,-0.5807386045213784,0.2582148036395437,0.10469879319875158,0.21349143981933594,0.5486416220664978,-0.8083401322364807,0.0009144670912064612,-0.00030528646311722696,0.00015564175555482507,0.0090414984151721,-0.01902514509856701,-0.004657055251300335
1724162887.146976,-0.2900695227017274,0.10777569369775648,0.013221727354218,0.9508255096710536,-0.5808814715871314,0.2571642596809841,0.1050618043895369,0.21262219548225403,0.5487610697746277,-0.808488130569458,0.0006464023026637733,0.001242040190845728,-0.001361688831821084,-0.005120232701301575,-0.030315155163407326,-0.004869032651185989
1724162887.184922,-0.29011419360998986,0.10717883350454742,0.013482587650200663,0.9508757093220017,-0.5809699229785459,0.2559777458165673,0.1052612744581459,0.21165047585964203,0.5488349795341492,-0.8086929321289062,0.0023063356056809425,-0.00222594290971756,0.00046520051546394825,0.003106421558186412,-0.027244938537478447,0.0018366556614637375
1724162887.229547,-0.2898475427183309,0.10676769803359469,0.013475471932999281,0.9510033721219169,-0.5804669829470053,0.25494471401806573,0.10485894664566298,0.21088454127311707,0.5484145283699036,-0.8091781139373779,0.0005325376987457275,0.0005529768532142043,-0.002044257940724492,0.018604842945933342,-0.022214096039533615,-0.0058274646289646626
1724162887.276524,-0.2895050707732935,0.10645690669187582,0.013426905046389142,0.9511431970244966,-0.5798073517824978,0.2540925946583502,0.10440275915361305,0.21028582751750946,0.5478627681732178,-0.8097074627876282,-0.003812068607658148,0.003457535756751895,-0.0014573284424841404,0.008277722634375095,-0.012968292459845543,0.011710806749761105
1724162887.323565,-0.2890674791084873,0.10635722303818236,0.013522739223311465,0.9512860300173639,-0.5788901211393205,0.25379414259038524,0.10438238304303886,0.21017023921012878,0.5470952391624451,-0.8102562427520752,0.007958505302667618,0.0002772158768493682,-0.015579304657876492,0.030556783080101013,0.040764208883047104,-0.0015396066009998322
1724162887.38622,-0.2885374758438155,0.10672674843885895,0.013366288656954625,0.9514078037110332,-0.5777977760593519,0.25437938058110227,0.10407496558092727,0.21079465746879578,0.5461805462837219,-0.8107110857963562,-0.001887662336230278,0.0020898564253002405,-0.003192027797922492,0.030571069568395615,0.021833360195159912,-0.001991590950638056
1724162887.398699,-0.28803225053558495,0.10694095194678632,0.013217373197392432,0.951538907097277,-0.5767718138614832,0.2546202981359617,0.1036881297006636,0.2111310064792633,0.5453208684921265,-0.8112021088600159,-0.004612671211361885,0.00445188581943512,-0.0009304010309278965,0.01979559101164341,0.01668732427060604,0.002206580713391304
1724162887.4574928,-0.28797490758713024,0.10675001742107408,0.013134022881463602,0.9515788086017714,-0.5766962941732906,0.25410909994750336,0.10334743152696922,0.21072663366794586,0.545257568359375,-0.8113497495651245,-0.004708142951130867,0.005208992399275303,0.0011155816027894616,-0.011833452619612217,-0.017887575551867485,-0.002323135267943144
1724162887.47103,-0.2886374447357651,0.10628791053409764,0.013253296170817259,0.951428153747678,-0.5780815911469512,0.25332564191003126,0.10355834446978303,0.20990140736103058,0.5464182496070862,-0.8107826113700867,-0.0007051305146887898,0.0002372432209085673,-0.001519055338576436,-0.046723075211048126,-0.020810984075069427,0.0008595628896728158
1724162887.492638,-0.28962677668072523,0.10565229835844761,0.01331392220892585,0.9511974396807518,-0.5801760695755168,0.2522023895234017,0.10364230185878266,0.20870451629161835,0.5481712222099304,-0.809907853603363,0.002669872250407934,-0.00453037628903985,-6.345170550048351e-05,-0.04877264052629471,-0.03321412205696106,-0.011426681652665138
1724162887.562083,-0.29011924869653555,0.10516333373174797,0.013362904257113386,0.9511009050547239,-0.5812328881263678,0.251258161414094,0.10360733194007374,0.20779554545879364,0.5490548014640808,-0.8095430135726929,0.0057180821895599365,-0.006271385587751865,-0.0030059227719902992,-0.0032320949248969555,-0.010550526902079582,-0.013959216885268688
1724162887.5945668,-0.28979708876514054,0.10487430009635502,0.013388816634433014,0.9512306010285884,-0.5805924851796569,0.25051299104602176,0.1033441705079816,0.20727935433387756,0.5485194325447083,-0.8100380897521973,0.008953684940934181,-0.0037088142707943916,-0.004735447932034731,0.023350287228822708,-0.0005061012343503535,-0.003384325187653303
1724162887.623403,-0.28911785267449575,0.1049573374286631,0.013272070369853315,0.9514297268336547,-0.5792120032302885,0.25042241588289554,0.10287650787802965,0.20739343762397766,0.5473646521568298,-0.8107896447181702,-0.0013918684562668204,0.0019206563010811806,-0.0003095587599091232,0.02450321801006794,-0.012546314857900143,0.00298938131891191
1724162887.6872082,-0.28857127961148926,0.10518077725369322,0.013181611462042237,0.9515722681832464,-0.5780836184464133,0.2507126865282296,0.10261540318202733,0.20778188109397888,0.5464199781417847,-0.8113272190093994,-0.002078606281429529,0.003604069584980607,0.0008999378769658506,0.021932926028966904,0.011603971011936665,0.004187386948615313
1724162887.699574,-0.2882803718810122,0.10538885069569626,0.012988253427762289,0.9516400924098593,-0.5775114767129435,0.25097588007475624,0.10220809304103846,0.20807301998138428,0.5459406971931458,-0.8115752339363098,0.0024753364268690348,0.000631467264611274,-0.0010504053207114339,0.022792689502239227,0.028814658522605896,-0.016124840825796127
1724162887.748836,-0.2881098206940075,0.1056953526193881,0.012479804311080929,0.9516644846775973,-0.5772596164740654,0.2512924749182865,0.10119988676098689,0.20836412906646729,0.5457296967506409,-0.8116424679756165,0.00016900099581107497,0.002857410116121173,-0.0015156057197600603,0.005274307448416948,0.02156827598810196,-0.025447698310017586
1724162887.783632,-0.2882063606280068,0.10561121144514844,0.011984136360106172,0.9516510443911331,-0.5775971350517144,0.2507989752548587,0.10005630090904528,0.20791783928871155,0.5460124611854553,-0.8115667104721069,-0.00019094388699159026,0.0015142131596803665,0.00409196550026536,-0.01104007475078106,-0.013756830245256424,-0.023391731083393097
1724162887.825912,-0.28820021009435287,0.10547118484641278,0.011628434810128662,0.951672891809923,-0.577691763694357,0.25023924997157937,0.09915254106438487,0.2074507623910904,0.5460917353630066,-0.8116329312324524,-0.0024202000349760056,0.0015368794556707144,-0.0011477696243673563,0.006324148736894131,-0.0021038916893303394,-0.004519803915172815
1724162887.8560882,-0.28806130832167187,0.10542741556156796,0.011616013799195515,0.951719859348443,-0.5774128407452888,0.2500895902310082,0.09904203233226287,0.2073669731616974,0.5458580851554871,-0.8118115067481995,0.0,0.0,0.0,0.006639732979238033,-0.013871932402253151,0.007307557389140129
1724162887.89578,-0.2876693385410377,0.1056595271298202,0.011615561262237225,0.9518126395696137,-0.5765800003626235,0.25050772629670043,0.09905074228060536,0.20781901478767395,0.5451600551605225,-0.812164843082428,0.00828889012336731,-0.006397024728357792,-0.006102310959249735,0.03566880151629448,0.030325330793857574,-0.0030316472984850407
1724162887.930785,-0.28696181767458556,0.10624657102858007,0.0108016836314594,0.9519704917323784,-0.5752720605406373,0.25111172712529517,0.09733943598874678,0.20848652720451355,0.5440630912780762,-0.8127291798591614,0.004344606306403875,-0.0029045590199530125,-0.0005869295564480126,0.03558086231350899,0.03913117200136185,-0.03426153212785721
1724162887.979456,-0.2864966515649886,0.10659360003811653,0.009686648688536153,0.9520838313400218,-0.5745684538693101,0.2510389892990871,0.09487645760528117,0.2085224688053131,0.5434725880622864,-0.8131149411201477,-0.0009512107935734093,-0.0004168902523815632,0.0047710854560136795,0.014073709025979042,0.01575552299618721,-0.05178556963801384
1724162888.008493,-0.2864627233376187,0.10639312425504917,0.009009165152586393,0.9521231296965237,-0.5746946797266391,0.2501226188431664,0.09319521992486599,0.2077602744102478,0.543578565120697,-0.8132392168045044,-0.0012596112210303545,0.004055889323353767,0.003101562149822712,-0.004179796669632196,-0.018955374136567116,-0.024876873940229416
1724162888.064573,-0.2868332291782116,0.10624302351237586,0.009044390124961967,0.9520279156602997,-0.5754646658078372,0.24990670617880725,0.0933114209341794,0.20748110115528107,0.5442246794700623,-0.8128782510757446,-0.006573820952326059,0.005097388289868832,0.005731025245040655,-0.027405360713601112,-0.024362772703170776,0.015194439329206944
1724162888.0961819,-0.28750247276413415,0.1056388998278756,0.009554694529621882,0.9518883195319913,-0.5767729682765825,0.24904741465466085,0.09430624189228172,0.20660685002803802,0.5453218221664429,-0.8123655319213867,-0.001619597664102912,0.0005425296840257943,-0.001674697152338922,-0.02938135340809822,-0.030981233343482018,0.013822401873767376
1724162888.149362,-0.28803728000944995,0.10452740840921576,0.01001944430240303,0.9518445850434935,-0.5778673829834874,0.24695382316421324,0.09480132062615138,0.2047596275806427,0.5462388396263123,-0.812217116355896,0.0027398094534873962,0.0027317709755152464,-0.00461199413985014,-0.02643635682761669,-0.05086468532681465,-0.005717372056096792
1724162888.1820369,-0.28862419904543773,0.10388038333095576,0.010131581722224588,0.9517364144279421,-0.5791149075412023,0.24570829518710377,0.09483139159459218,0.20358191430568695,0.547283411026001,-0.8118098974227905,-0.00011386460391804576,-0.0006890633376315236,-0.000682569167111069,-0.021551039069890976,-0.014632397331297398,-0.012371317483484745
1724162888.2109342,-0.2889007537269353,0.10331371823300055,0.009865883289742064,0.9517169410415977,-0.5798099068013147,0.2443060988715234,0.09394279676319676,0.20235134661197662,0.5478649139404297,-0.8117252588272095,-0.0013918684562668204,0.0019206563010811806,-0.0003095587599091232,-0.007529265247285366,-0.022207006812095642,-0.02382991835474968
1724162888.278572,-0.2889401174014053,0.10298955766297241,0.009690440187771113,0.9517420427452694,-0.5799676618328574,0.243454138079094,0.09333696531225148,0.20163889229297638,0.5479968786239624,-0.8118135333061218,-0.001336732180789113,0.004089002963155508,-0.002507733879610896,0.011663893237709999,-0.011164643801748753,-0.004646706860512495
1724162888.298595,-0.2884123845854624,0.10287008451331417,0.009655930104282593,0.9519153363464536,-0.5788978913938838,0.24300721540871142,0.092983547005074,0.2014169991016388,0.5471017360687256,-0.8124721050262451,-0.0028792088851332664,0.004598419182002544,0.0014268651138991117,0.03197319805622101,-0.015054833143949509,0.01545310765504837
1724162888.3460932,-0.28787881028349377,0.10228105626476912,0.010010037626327937,0.952136623621086,-0.5777640054175611,0.24173851763202783,0.09318991953817803,0.2005344182252884,0.5461522340774536,-0.813328742980957,-0.006173540372401476,0.0035151320043951273,0.00027564604533836246,0.023540280759334564,-0.04572927951812744,0.017088135704398155
1724162888.3973641,-0.2875570718957255,0.10137600310344153,0.01081414035388483,0.9523217826531174,-0.576986936615143,0.24010263814946564,0.09427981745759098,0.1993045061826706,0.545501172542572,-0.8140676617622375,0.0030446178279817104,0.0019066209206357598,-0.008021390065550804,0.012140903621912003,-0.03029417060315609,0.028557084500789642
1724162888.432331,-0.28719005367791806,0.1006023963983291,0.011535504535037008,0.9525060535877136,-0.5761261839516153,0.23870138335543706,0.09525639470666343,0.19827453792095184,0.5447795391082764,-0.8148020505905151,-0.0032795309089124203,0.0040105124935507774,-0.0035015863832086325,0.008196101523935795,-0.05082635208964348,0.03597084805369377
1724162888.478784,-0.2869193478758798,0.09970103506262973,0.012776338975571835,0.9526666259778597,-0.5753510381665224,0.23737791055678856,0.09735917731726654,0.19729524850845337,0.5441293716430664,-0.8154739737510681,-0.0026882649399340153,0.003084206022322178,-0.002665100386366248,0.008210469968616962,-0.06541687250137329,0.0562865249812603
1724162888.5249581,-0.2866667759335802,0.09874098741367572,0.014343368494392864,0.9528202654421398,-0.5745430563659721,0.23613994675931915,0.1001683279475692,0.1963883489370346,0.5434513092041016,-0.8161447644233704,0.00031960930209606886,0.0042686499655246735,-0.005759763531386852,0.007630536332726479,-0.049238648265600204,0.07917224615812302
1724162888.528872,-0.2866306641906047,0.09832343645538398,0.016046709372084418,0.9528471961222431,-0.5740947798318986,0.2362967852039546,0.10373097870392065,0.1965733766555786,0.543074905872345,-0.8163507580757141,0.0006464023026637733,0.001242040190845728,-0.001361688831821084,-0.0083744116127491,-0.04098723828792572,0.07910097390413284
1724162888.579469,-0.28653201894281655,0.09822675014225847,0.017600650627915174,0.9528594033701981,-0.5735194724831709,0.23707120656932865,0.1071483353269964,0.19727885723114014,0.5425917506217957,-0.816501796245575,0.0010099390055984259,-0.0010623930720612407,-0.0018903410527855158,0.0028493409045040607,-0.025789687409996986,0.06747523695230484
1724162888.61082,-0.2863942156287177,0.0982144064600191,0.018654611200083517,0.9528820702819027,-0.5729764407796495,0.2376963884854921,0.10947516735656863,0.19785863161087036,0.5421355366706848,-0.8166645765304565,0.000304808490909636,-0.0008251499384641647,-0.003409396391361952,-0.00025716423988342285,-0.0028850745875388384,0.04487092047929764
1724162888.647006,-0.28626020792137413,0.09841210372679006,0.019106287926483025,0.9528929630033564,-0.5725654143486846,0.2384065323883746,0.11058086140708139,0.19849112629890442,0.5417901277542114,-0.8167403340339661,0.0021337426733225584,-0.0014357229229062796,-0.0030981129966676235,0.0031953095458447933,0.0076581877656280994,0.0085021136328578
1724162888.712307,-0.2861351855234892,0.09853921652689804,0.019084561287401082,0.9529178411878282,-0.5722982147038117,0.23864618116335493,0.11057093357062811,0.19872108101844788,0.541565477848053,-0.8168333768844604,0.002949145855382085,0.002663727616891265,-0.005975407548248768,0.0022772089578211308,0.00944094080477953,-0.007116278167814016
1724162888.744987,-0.28604646170498116,0.0992262621735582,0.0188424086151922,0.952878071620777,-0.5720959899688238,0.24003414619881736,0.11045183997769796,0.1998806595802307,0.5413954854011536,-0.8166631460189819,-0.00135149119887501,0.0011653660330921412,0.01022646389901638,0.009578661061823368,0.025929495692253113,-0.005419159308075905
1724162888.7858949,-0.2858038936131209,0.09922732269574094,0.018773289156247264,0.9529519798289491,-0.5716127546594177,0.23991893106174547,0.11020623681575194,0.1998486965894699,0.5409891605377197,-0.8169401288032532,-4.0335580706596375e-05,0.0029254532419145107,-0.00015219225315377116,0.012574810534715652,-0.005652137100696564,0.000813846243545413
1724162888.814739,-0.2855999590213231,0.09919281531272403,0.019105320842978932,0.953010177525137,-0.5711134327664064,0.2399967668384713,0.11085821443121242,0.19997647404670715,0.5405691266059875,-0.8171868920326233,-0.0021740782540291548,0.004361175931990147,0.002945920452475548,0.006529543548822403,-0.01386830024421215,0.03247156739234924
1724162888.9038281,-0.2852519685969803,0.09934371461240117,0.01969890202774521,0.9530865362586426,-0.570230030336288,0.2406263079642245,0.11217152359425667,0.2006046026945114,0.5398257374763489,-0.8175243139266968,0.008399163372814655,-0.0020603311713784933,-0.010498661547899246,0.01814340054988861,0.039054855704307556,0.019022976979613304
1724162888.915759,-0.28496890496143484,0.09977144968723249,0.019914065963278885,0.9531221206972363,-0.5695422637249602,0.24166017736555362,0.11283780345461054,0.20153851807117462,0.5392466187477112,-0.8176767826080322,0.004891944583505392,0.002742217853665352,-0.0049815550446510315,0.0060015469789505005,0.025640061125159264,0.015030319802463055
1724162888.945788,-0.2849004974350362,0.1001420669029656,0.020182928025290717,0.9530980374895712,-0.569289675448521,0.24266242746026043,0.1136667542373808,0.202390655875206,0.5390338897705078,-0.8176065683364868,0.0018289341824129224,-0.0006105729262344539,0.00031128351110965014,-0.003855912946164608,0.014370945282280445,0.014079221524298191
1724162888.974776,-0.28497363497849443,0.10029883458080138,0.020344237128513663,0.9530562517301223,-0.5693809923531113,0.2431482527582336,0.11416314485716096,0.2027759999036789,0.5391108393669128,-0.8174603581428528,0.0028976015746593475,-0.0031522493809461594,0.0013016867451369762,-0.0013734757667407393,0.0033668263349682093,0.002418993040919304
1724162889.0221481,-0.2849675448319096,0.10039652414897086,0.020358358225231684,0.9530474834895774,-0.5693531902719079,0.2433790171347546,0.11425792339335396,0.20296823978424072,0.5390874147415161,-0.8174280524253845,0.0,0.0,0.0,-0.005406131502240896,-0.004019187763333321,-0.0006294660270214081
1724162889.058346,-0.2851422903828956,0.10019283374670251,0.02045899313904732,0.9530144707301488,-0.5697122494260934,0.24303188637491313,0.11441507989991716,0.20263788104057312,0.5393897891044617,-0.8173105716705322,0.0017702060285955667,0.0008687104564160109,-0.0025694607757031918,-0.01792987249791622,-0.01440555788576603,0.0035618070978671312
1724162889.087356,-0.28530167256697325,0.09997262423576107,0.020580009340276945,0.9529873250689196,-0.5700366220046135,0.24265563084327696,0.11460137000930032,0.20228829979896545,0.5396628975868225,-0.8172168731689453,-0.0012560609029605985,-0.0017619036370888352,-0.002203349256888032,-0.00570024736225605,-0.01847725361585617,-0.0027509736828505993
1724162889.147828,-0.2854152944827647,0.09965150592594231,0.020859921377163356,0.9529808642298268,-0.5702389230085732,0.24213843084247874,0.11506193235679261,0.20183943212032318,0.5398331880569458,-0.8172153830528259,0.00615155603736639,-0.0013136719353497028,-0.008083117194473743,-0.005758417770266533,0.009196838364005089,0.0028537302277982235
1724162889.1808019,-0.28529070018036373,0.09944002803365302,0.02096970187031671,0.9530377840753007,-0.5699799612122609,0.24168844759575597,0.11512181645106796,0.2015051245689392,0.5396152138710022,-0.8174418210983276,0.00165634136646986,0.0001796471478883177,-0.0032520298846066,0.0043481565080583096,-0.008722351863980293,-0.005891840904951096
1724162889.211848,-0.2853742597192389,0.09932101501770761,0.021049511633776857,0.9530234345192325,-0.5701465179186441,0.2414937630910348,0.1152539977260641,0.2013244777917862,0.5397554039955139,-0.8173937201499939,0.0016160057857632637,0.00310510047711432,-0.0034042219631373882,-0.003393353894352913,0.005491612479090691,0.006199675612151623
1724162889.26584,-0.28536504649730665,0.09920676216725234,0.021055688486871848,0.9530380571981538,-0.5701398290268224,0.24123367043083394,0.11518814613178271,0.2011127471923828,0.539749801158905,-0.8174496293067932,0.0005105947493575513,0.004924600012600422,0.0005321016651578248,0.0009180173510685563,-0.00612307945266366,-0.005149269942194223
1724162889.295744,-0.2854864975501034,0.09920621997307687,0.02093779971547154,0.9530042049409835,-0.5704196979496815,0.24119226867971852,0.11496692646360375,0.2010428011417389,0.5399853587150574,-0.81731116771698,-0.0010870182886719704,0.003265669569373131,0.006664875894784927,-0.009585845284163952,-0.018634233623743057,-0.004738679155707359
1724162889.326071,-0.28560803473050167,0.09891879907408388,0.02085358012470699,0.9529995961689673,-0.5707259224514527,0.2405164906870282,0.11462982021012709,0.2004510462284088,0.5402430891990662,-0.8172862529754639,0.0016747340559959412,0.0016258170362561941,-0.00052347790915519,-0.003239195328205824,0.0010850593680515885,-0.003349394304677844
1724162889.3794699,-0.28565340193199307,0.09873275637673519,0.021033172414987825,0.9530013424552971,-0.5707969435629595,0.2402220773693695,0.11492823257548489,0.20020128786563873,0.5403028130531311,-0.8173079490661621,-0.003430139273405075,0.0025992724113166332,0.0007425713120028377,0.002489703707396984,-0.013959052972495556,0.019265269860625267
1724162889.412054,-0.2855229147099471,0.098515310280618,0.021657730247406484,0.9530488993779167,-0.5703983334011375,0.24009347116235272,0.1161456397812586,0.2001473605632782,0.5399673581123352,-0.8175427913665771,-0.0005361295770853758,0.0030946533661335707,-0.0030346610583364964,-0.003673019353300333,-0.01921664923429489,0.04516150802373886
1724162889.4872642,-0.2853770153127185,0.09856804827071802,0.022268772852866027,0.9530731732704276,-0.5699386251482377,0.24056884185294242,0.11750702268645574,0.20059511065483093,0.5395804047584534,-0.8176885843276978,0.0024788868613541126,-0.005186325870454311,-0.006355317309498787,0.0038856808096170425,0.0044973064213991165,0.022755365818738937
1724162889.500445,-0.28550446623554926,0.09841744203625817,0.022539157209026103,0.9530441204111003,-0.5701522398967312,0.24044010649081507,0.11806532067214187,0.20046238601207733,0.5397602319717407,-0.8176023960113525,0.0025891594123095274,-0.0008496324298903346,-0.010751667432487011,-0.015924278646707535,0.0024005030281841755,0.00023310957476496696
1724162889.5671868,-0.28622782796414714,0.09835676383800664,0.02244451264677314,0.9528356468269614,-0.5716744538986551,0.24046170941766332,0.11808302168365815,0.20028413832187653,0.5410410165786743,-0.8167991638183594,0.0021704863756895065,-0.000713546178303659,-0.00802483968436718,-0.05873933807015419,-0.0007706387550570071,-0.011778195388615131
1724162889.58074,-0.2870690538472126,0.09842151486351602,0.022092139209483025,0.9525841422582868,-0.5734890267421427,0.24063756701584432,0.11764649574065687,0.20019347965717316,0.542566180229187,-0.8158091306686401,-0.0007602669065818191,-0.0019311035284772515,0.0006791196647100151,-0.032479725778102875,0.028337087482213974,-0.023188503459095955
1724162889.612083,-0.28729592631957473,0.09850735934100147,0.02168092833591884,0.9525162184840817,-0.5740491472518913,0.24063312791005137,0.11685903585180266,0.20011739432811737,0.5430366396903992,-0.8155146837234497,0.0027985377237200737,0.001252487301826477,-0.0017312498530372977,-0.006764372810721397,0.024125760421156883,-0.023226885125041008
1724162889.675562,-0.28737343098599616,0.09882480354903224,0.02133860643691716,0.9524676693890602,-0.5742559473326662,0.2411587003374574,0.1163273266116815,0.2005191445350647,0.5432102680206299,-0.8153003454208374,0.0003783375141210854,0.0027893667574971914,-0.002879019360989332,0.001961624715477228,0.021208981052041054,-0.01894363947212696
1724162889.6877809,-0.2872931602472314,0.09892111457986147,0.020897993194372046,0.9524917090172056,-0.5741892070808571,0.24106421635597372,0.11536441725760344,0.20045077800750732,0.543154239654541,-0.8153545260429382,0.0020530715119093657,0.0044151837937533855,-0.003402497386559844,0.013728690333664417,0.026016617193818092,-0.017376873642206192
1724162889.7868629,-0.28709487258049815,0.09951670005413177,0.02024467948278023,0.9525035162019623,-0.5738726523626633,0.2419379648106449,0.11421239257870722,0.20120428502559662,0.5428884029388428,-0.8153459429740906,0.00022772920783609152,0.0013781266752630472,0.001365138334222138,0.022513890638947487,0.043475039303302765,-0.022495098412036896
1724162889.7993488,-0.2866907367782445,0.10033410101642426,0.01943335273100279,0.9525564588291723,-0.5731466851671089,0.24315403814036168,0.1127747039634153,0.20229050517082214,0.5422785878181458,-0.8154829740524292,-0.00036353670293465257,0.0023044331464916468,0.0005286521627567708,0.03206295147538185,0.0592169351875782,-0.023213522508740425
1724162889.81954,-0.28601713743232116,0.1012273216975768,0.018797087227843914,0.9526771759748298,-0.5718140850701174,0.24457820549645626,0.11168202709232189,0.20362648367881775,0.5411584377288818,-0.8158944845199585,-0.001164139248430729,0.0032987832091748714,0.0010555796325206757,0.04270573705434799,0.04254341870546341,-0.008156770840287209
1724162889.848542,-0.2852220596300971,0.1018339008665059,0.01831230162027953,0.9528603801799571,-0.5702279833750549,0.24540970339773527,0.11069291449018101,0.20451311767101288,0.5398240089416504,-0.816556453704834,0.001197332632727921,0.003241186961531639,-0.0006773949135094881,0.042786408215761185,0.03669251129031181,-0.007852386683225632
1724162889.905779,-0.2843973628792552,0.10225281920094267,0.018161996553936532,0.9530648951358486,-0.5685183507972583,0.24602207317593106,0.11032218099987623,0.20523758232593536,0.5383840799331665,-0.8173249959945679,0.0036542764864861965,0.002426484366878867,-0.0044563524425029755,0.04488704353570938,0.03305714204907417,0.009438976645469666
1724162889.940816,-0.28350212223391774,0.10272611779517125,0.01816307753610187,0.9532805985460987,-0.5666189976377812,0.24683591382677003,0.11030162573241516,0.20615215599536896,0.5367825031280518,-0.8181477785110474,0.0002093365474138409,-6.804324220865965e-05,-0.0013634136412292719,0.05076291412115097,0.020901737734675407,0.01234673522412777
1724162889.969758,-0.2827314246156664,0.10283881879131715,0.018427120792392938,0.9534922540317075,-0.5649509638719746,0.24703277491491193,0.11068064108120297,0.20653188228607178,0.5353744029998779,-0.8189742565155029,-0.0005728732794523239,0.0023724765051156282,0.0018920658621937037,0.030445562675595284,-0.0072814542800188065,0.027421168982982635
1724162890.009387,-0.2820564314769194,0.10292332130958486,0.018708731728250626,0.9536775043063802,-0.5634790470262651,0.24720453551191074,0.11111607892306845,0.206865131855011,0.5341306328773499,-0.8197019100189209,0.002952737733721733,-0.00098390260245651,-0.0008964883745647967,0.033479444682598114,0.007738220505416393,0.014546852558851242
1724162890.0769281,-0.2815228248937502,0.10308027714598654,0.018848921151174217,0.9538154372142448,-0.562326300219133,0.2474925506922474,0.11133362488906577,0.2072519063949585,0.5331557393074036,-0.8202387094497681,0.0012376682134345174,0.000315733632305637,-0.0005252026603557169,0.022586511448025703,0.005550750996917486,0.012983536347746849
1724162890.087009,-0.28103526582951943,0.10328587794425878,0.01892785067595152,0.9539354101574679,-0.5612785527412536,0.24786568343699528,0.1114621647903621,0.2076948881149292,0.5322690606117249,-0.8207024335861206,0.0017150696367025375,-0.0012996362056583166,-0.00037128565600141883,0.029028117656707764,0.0004882930661551654,0.014225221239030361
1724162890.120459,-0.2805476575820541,0.10349131140717915,0.019006686843884398,0.9540551557669539,-0.5602309111562372,0.24823806864282366,0.11158988824412651,0.2081373929977417,0.5313818454742432,-0.821165144443512,0.0027434013318270445,-0.0009158593602478504,0.0004669252666644752,0.024408262223005295,0.012235439382493496,0.0031369817443192005
1724162890.182064,-0.28024417002593216,0.10360820583809902,0.01918035449991332,0.9541281752730363,-0.5595480572974815,0.24852398608914786,0.11194193306942646,0.20846137404441833,0.5308032631874084,-0.8214570879936218,0.003867204999551177,-0.0012891890946775675,-0.0007408466190099716,0.012868925929069519,0.008805929683148861,0.0029353536665439606
1724162890.213625,-0.2800464250228594,0.10375977178814817,0.019158618702400234,0.954170232109273,-0.5591291174913879,0.2487960157165622,0.11191725991276497,0.20873956382274628,0.5304481387138367,-0.8216158151626587,0.003430139273405075,-0.0025992724113166332,-0.0007425713120028377,0.01023934781551361,0.008240689523518085,-0.0072328331880271435
1724162890.241046,-0.2798311860579713,0.10386618839790371,0.019006232393488896,0.9542248409021418,-0.558713220757065,0.24887703922695503,0.11156305779914086,0.20886045694351196,0.5300955176353455,-0.821812629699707,0.003007874358445406,0.0011844441760331392,-0.003094663377851248,0.005817620549350977,0.011178361251950264,-0.012255199253559113
1724162890.3011389,-0.28009630839371064,0.1039681706278539,0.018898254016978935,0.9541380977687641,-0.5592746290317078,0.24911990741376094,0.11148708351008135,0.20898663997650146,0.5305715203285217,-0.8214733600616455,0.0,0.0,0.0,-0.01474174577742815,0.0005478899111039937,0.0019060821505263448
1724162890.3196058,-0.2802646990907595,0.10391491664708045,0.018915596142578366,0.9540940945774811,-0.5596227857656708,0.2490600927554594,0.1115549430399919,0.20889195799827576,0.5308665633201599,-0.8213067650794983,0.0006280096713453531,-0.00020412984304130077,-0.004090240690857172,-0.0073157367296516895,0.0024422917049378157,-0.0012451340444386005
1724162890.3827782,-0.2805601344983102,0.10405020464344104,0.01907196686689928,0.9539894035346286,-0.5601743474563402,0.24955644930860715,0.11210647084025879,0.20922724902629852,0.5313339233398438,-0.8209191560745239,-0.0034852754324674606,0.0004309257783461362,0.002940746257081628,-0.015608694404363632,-0.009367537684738636,0.012060469947755337
1724162890.4121308,-0.28074001502940665,0.10437326790600132,0.019297673930116915,0.9538966521835646,-0.560447862419026,0.25049046400819547,0.11289319081286447,0.20995786786079407,0.5315656065940857,-0.8205825090408325,0.000473809486720711,0.002032260177657008,-0.004925002343952656,-0.011670993641018867,0.022800231352448463,0.015256530605256557
1724162890.455724,-0.2809352268892454,0.1047124297641214,0.019502906349078503,0.9537978064005667,-0.5607558133618767,0.25145324051159973,0.113650769546168,0.21070706844329834,0.5318264365196228,-0.8202214241027832,0.0005141450092196465,-0.0008931930642575026,-0.00477280979976058,-0.011061376892030239,0.021149931475520134,0.00843773689121008
1724162890.4870691,-0.28087912204875987,0.10517085872106378,0.019403561780127587,0.9537659185850895,-0.560611847277721,0.2524173363177048,0.1137058494707425,0.2115168571472168,0.5317044854164124,-0.8200920224189758,-0.001502141123637557,-0.0024160370230674744,0.004086791072040796,0.008021342568099499,0.01917494833469391,-0.009518023580312729
1724162890.518856,-0.28052164910096794,0.10530651593666777,0.019196401559940613,0.9538603363663316,-0.5599147137824259,0.2524856372328906,0.11319191870413652,0.21166542172431946,0.5311139225959778,-0.8204362988471985,0.0007015386945568025,0.0034103868529200554,-0.0035598636604845524,0.021360009908676147,0.011806285008788109,-0.004304378293454647
1724162890.565761,-0.2799764059756403,0.10560454780336802,0.01915708264878861,0.9539883933394425,-0.5587684205097988,0.25297372358410786,0.11308893973722631,0.21221807599067688,0.5301423668861389,-0.820921778678894,0.0018840704578906298,0.0015577737940475345,-0.0018868916667997837,0.031445201486349106,0.024453526362776756,-0.0019881417974829674
1724162890.6208282,-0.27928132705367326,0.10589739247396598,0.019121845743731773,0.9541602976157683,-0.5573138159370526,0.25340708719153804,0.11293381588215107,0.21276691555976868,0.5289084315299988,-0.8215753436088562,0.0005141450092196465,-0.0008931930642575026,-0.00477280979976058,0.03952479362487793,0.020294707268476486,0.0036567915230989456
1724162890.681508,-0.2784680616861496,0.10639919427539003,0.01890658860446075,0.9543464622499597,-0.5556395279004045,0.25416651288097386,0.11246450928380147,0.2136131376028061,0.5274867415428162,-0.8222694993019104,-0.0027985377237200737,-0.001252487301826477,0.0017312498530372977,0.05769668146967888,0.017147546634078026,0.001008138176985085
1724162890.690001,-0.2775199012426812,0.10696204540849505,0.018576540734370074,0.9545662175771654,-0.5537120983117554,0.2549525451546599,0.11172497674836794,0.21451541781425476,0.5258482694625854,-0.8230836391448975,-0.0018437349935993552,-0.004483227152377367,0.002039083745330572,0.058482956141233444,0.03291388228535652,-0.009450634010136127
1724162890.740834,-0.27643330419672163,0.10742593829072833,0.018025993256592772,0.9548399543269097,-0.551571363074741,0.2553363240016322,0.1103752679036464,0.21511511504650116,0.5240262150764465,-0.8240885734558105,-0.0001322572643402964,-0.0021352332551032305,-0.0034111212007701397,0.05908539146184921,0.03855884075164795,-0.026427267119288445
1724162890.77102,-0.27545160258043455,0.10797469916921927,0.017486379840313697,0.9550717411920293,-0.5496348680756767,0.2559538358226769,0.10914519428972481,0.21588046848773956,0.5223759412765503,-0.8249357342720032,0.004153620917350054,-0.003560509067028761,-0.006878795102238655,0.05649268254637718,0.045226264744997025,-0.010370686650276184
1724162890.8107991,-0.27425440192815653,0.10885868767927516,0.01685650241420224,0.9553272028839512,-0.5472436939011915,0.25721434719534675,0.10784475159920673,0.21723726391792297,0.5203354358673096,-0.8258686065673828,0.0014873403124511242,-0.0026777631137520075,-0.0017364240484312177,0.061325982213020325,0.05378809571266174,0.0025346758775413036
1724162890.839715,-0.272854402108379,0.10983195872478674,0.016206196186901587,0.9556279040851419,-0.5444347468006409,0.25860785368248057,0.10647686785191506,0.21876081824302673,0.5179346799850464,-0.8269748091697693,0.0012596112210303545,-0.004055889323353767,-0.003101562149822712,0.09302747994661331,0.04175805300474167,0.0010077019687741995
1724162890.899499,-0.2706399715474058,0.11129190193431367,0.015335528251682886,0.9561029105867799,-0.5399649035686291,0.26073476394766715,0.10461179584562255,0.22111383080482483,0.5141059160232544,-0.8287362456321716,0.0,0.0,0.0,0.12617705762386322,0.08019515872001648,0.0041791778057813644
1724162890.928644,-0.26828515332119984,0.11270052837546776,0.015059573959275397,0.9566058492220332,-0.5350590646075744,0.26306853089564264,0.1039769690157315,0.22370047867298126,0.5098918676376343,-0.830643355846405,0.000304808490909636,-0.0008251499384641647,-0.003409396391361952,0.11918409168720245,0.06357415020465851,0.02491924539208412
1724162890.980773,-0.2659874354790372,0.11400927068381003,0.014899392826163194,0.9570948284891494,-0.5302546748398,0.26526188892810115,0.10354947675952415,0.22616146504878998,0.5057530999183655,-0.8325051665306091,0.0006464023026637733,0.001242040190845728,-0.001361688831821084,0.10319342464208603,0.0528947152197361,0.024395985528826714
1724162891.009728,-0.26462227349281225,0.11513451442817446,0.014861905512116028,0.957339075700229,-0.527348980251174,0.2673794251929386,0.10362885394256624,0.22831110656261444,0.5032442808151245,-0.8334382176399231,-0.0077527607791125774,0.0033023713622242212,0.009136972017586231,0.030497664585709572,0.024729331955313683,0.028629524633288383
1724162891.04198,-0.2647906985378099,0.11508713800294763,0.015186062415613823,0.9572930821394289,-0.5276092783519143,0.26751142684547813,0.1043811799747315,0.22838649153709412,0.5034691691398621,-0.8332816958427429,0.001065075397491455,0.0011059537064284086,-0.004088515881448984,-0.054648347198963165,-0.012378065846860409,0.027200883254408836
1724162891.097079,-0.2660638995376893,0.11451008060574443,0.01593844624470462,0.9569970168076394,-0.5300708742592765,0.2670243555283781,0.10618358943926699,0.2276528924703598,0.5055944919586182,-0.8321948647499084,-0.0010175977367907763,-0.013496830128133297,0.004014715552330017,-0.07266710698604584,-0.06168675050139427,0.02409723401069641
1724162891.125972,-0.26723971623770737,0.11359413209872159,0.01665403309858968,0.9567663838583167,-0.5323834408767195,0.2657293169067402,0.1076612008375431,0.22626732289791107,0.5075883865356445,-0.8313586115837097,0.016232594847679138,-0.011213608086109161,-0.019331246614456177,-0.05953989923000336,0.0023938724771142006,-0.0008674372220411897
1724162891.15853,-0.2682704342358289,0.11346665169479857,0.01654376974275885,0.95649487459075,-0.5345388337655853,0.265678084923664,0.10773550562085096,0.22593693435192108,0.5094442963600159,-0.8303126096725464,0.012328646145761013,-0.010646596550941467,-0.013663673773407936,-0.05796024575829506,0.022290954366326332,-0.032394807785749435
1724162891.214473,-0.26870307406821203,0.11371819985973691,0.01545055199042133,0.956361884945603,-0.5356972513308368,0.2657177042541164,0.10563200585537805,0.22581471502780914,0.5104407668113708,-0.829733669757843,0.004462020937353373,-0.008033288642764091,-0.0052092717960476875,-0.007542681880295277,0.03609247878193855,-0.06871002167463303
1724162891.246064,-0.26853739963467577,0.1140690001912347,0.014020152170209573,0.9563886943189883,-0.5357123664742023,0.2656041431524287,0.10261104611229069,0.22571846842765808,0.5104537606239319,-0.8297518491744995,0.0006867378833703697,-0.0016834131674841046,-0.001209496520459652,0.02072867564857006,0.026661712676286697,-0.06949442625045776
1724162891.282454,-0.26799949887763486,0.114610692963006,0.012757925472394916,0.9564924204953775,-0.53489951107829,0.2659166831379196,0.0999395649347639,0.22608675062656403,0.5097545981407166,-0.8300813436508179,0.001197332632727921,0.003241186961531639,-0.0006773949135094881,0.03261328116059303,0.03285110741853714,-0.04139850661158562
1724162891.343493,-0.2672719846905455,0.11541515201984538,0.012076475145743476,0.9566080640874643,-0.5335132305546705,0.2671173401581167,0.09864638494392655,0.22726953029632568,0.5085614919662476,-0.8304900527000427,0.0006612030556425452,0.006335840094834566,-0.003712056204676628,0.03607318922877312,0.049120087176561356,-0.005306490696966648
1724162891.380758,-0.266988311654032,0.11628804750224091,0.011801807377904339,0.9565850540121036,-0.5329184439046594,0.26884065592252737,0.09846532628150187,0.22878070175647736,0.5080492496490479,-0.8303886651992798,-0.002816413529217243,0.021325988695025444,-0.0028956844471395016,-0.021542655304074287,0.03480228781700134,0.03552507981657982
1724162891.4097,-0.26726109614655175,0.11684381108364388,0.012471017996898046,0.9564326794278274,-0.5332330237240074,0.27056861429204365,0.1003940355287197,0.23017250001430511,0.508320152759552,-0.8298380374908447,-0.002732150722295046,0.01182745210826397,0.0024876189418137074,-0.011568687856197357,-0.0005961330607533455,0.06680209189653397
1724162891.4406161,-0.2671646084417966,0.11756786348924893,0.013252497901528127,0.9563604100132823,-0.5327395835503271,0.2726366835813017,0.10253193550972549,0.23195569217205048,0.5078951716423035,-0.8296017646789551,0.005384188611060381,0.008390810340642929,0.0032058258075267076,0.01449279859662056,0.0373210683465004,0.049325913190841675
1724162891.485824,-0.2672647200362934,0.11875299824257163,0.013581231935860806,0.956181294996727,-0.5327236273760884,0.2755313762296225,0.10402593526088921,0.23435835540294647,0.5078814625740051,-0.8289346098899841,0.005270323716104031,0.007701747585088015,0.0025232566986232996,-0.028020096942782402,0.08068136870861053,0.004261862486600876
1724162891.514718,-0.26847813264239623,0.11984153950015589,0.013279388399793734,0.9557096923053444,-0.5351748648499912,0.27816476338896545,0.10450807310084415,0.23619788885116577,0.509991466999054,-0.827114999294281,-0.001200882950797677,0.002576606348156929,0.005982306785881519,-0.08311696350574493,0.045230817049741745,-0.0234126765280962
1724162891.585805,-0.270135089110349,0.12057798727671591,0.012547767726732821,0.955159927752779,-0.5386975756631305,0.27988389611940234,0.1040052858009195,0.23712170124053955,0.5130184888839722,-0.8249759674072266,0.005329010542482138,0.004052301403135061,-0.004979830235242844,-0.0748240053653717,0.05704064294695854,-0.036718279123306274
1724162891.614747,-0.27179157124361764,0.12199359281106213,0.011390060054598337,0.954524547392416,-0.5422732226376642,0.28288534301752166,0.10298869850552418,0.2390832006931305,0.5160844326019287,-0.8224937915802002,0.0027985377237200737,0.001252487301826477,-0.0017312498530372977,-0.07958270609378815,0.10231278836727142,-0.042506199330091476
1724162891.652035,-0.2733249998828572,0.12327071391312734,0.010087929124803222,0.9539370988740306,-0.5456603051782541,0.2854516538991387,0.10152431196678517,0.24069957435131073,0.5189826488494873,-0.8201955556869507,-0.0027398094534873962,-0.0027317709755152464,0.00461199413985014,-0.06279969215393066,0.06907368451356888,-0.05925477296113968
1724162891.680939,-0.2746828886152918,0.12405174432065122,0.008799414271318433,0.9534584226184644,-0.5487419088684795,0.28684736074110484,0.09970965614190191,0.24139045178890228,0.5216142535209656,-0.8183209300041199,0.0035368199460208416,0.005385051015764475,-0.010217840783298016,-0.07879035919904709,0.05839424207806587,-0.059778034687042236
1724162891.736958,-0.2780570648157644,0.12423497475882166,0.009773429604141208,0.9524464980079427,-0.5553497865450183,0.28890869923204426,0.10340236632471808,0.24208946526050568,0.5272405743598938,-0.8144998550415039,-0.008641217835247517,0.017442887648940086,-0.0007983236573636532,-0.3178713619709015,-0.07904142886400223,0.14399750530719757
1724162891.768745,-0.28298693106479317,0.12403324577377216,0.014259040515116676,0.9509630942910692,-0.5641326550651579,0.2928756860871513,0.11541958697161983,0.2439723163843155,0.534683108329773,-0.8090683221817017,-0.000911475217435509,-0.031707316637039185,-0.013946003280580044,-0.13679692149162292,-0.019996829330921173,0.09051146358251572
1724162891.812021,-0.2843211228136944,0.12425964677318381,0.014549804905945842,0.9505310403643273,-0.5667537606177298,0.29402982921739906,0.11680613455815338,0.24449892342090607,0.5368962287902832,-0.8074420690536499,-0.017547426745295525,0.008760825730860233,0.0038633241783827543,-0.08997905999422073,-0.032648250460624695,0.04796897992491722
1724162891.841011,-0.284558209456792,0.12471105303456811,0.014648273072814702,0.9503994780558255,-0.5671546260209641,0.29520772057225786,0.1174319915764125,0.2453872114419937,0.537234365940094,-0.8069475889205933,0.00011386460391804576,0.0006890633376315236,0.000682569167111069,-0.01995590142905712,0.04306378215551376,-0.006612114142626524
1724162891.902779,-0.2856990325286577,0.1257262842358662,0.015295062168002497,0.9499131414486034,-0.5691693627349746,0.2983433935472896,0.12006967564167247,0.24759766459465027,0.5389325618743896,-0.8051379323005676,-0.0037017958238720894,0.0077942293137311935,-0.005853678565472364,-0.07984073460102081,0.0600590743124485,0.047696806490421295
1724162891.93099,-0.2869220809779126,0.1269039160338279,0.016595934013042116,0.9493658763886531,-0.5711214840453216,0.30231536238413126,0.12433638804286065,0.25047996640205383,0.5405759215354919,-0.803142249584198,0.009243693202733994,-0.009627764113247395,-0.005794476717710495,-0.04431181028485298,0.07586011290550232,0.05376224219799042
1724162891.962058,-0.28711676160130106,0.1289020755945016,0.0163661474851278,0.9490418076188951,-0.5713312609297103,0.3068248266817309,0.1252517218139322,0.2540648877620697,0.5407523512840271,-0.8018964529037476,0.016757600009441376,-0.018709367141127586,0.011900361627340317,0.030837567523121834,0.11786208301782608,-0.023530539125204086
1724162892.022027,-0.28616616858087535,0.13055546855663755,0.014053123152522854,0.949139930578701,-0.5699073574984189,0.30878981920272425,0.12072508708157377,0.2558738589286804,0.5395540595054626,-0.8021283745765686,0.010580508038401604,-0.009376442059874535,0.017480917274951935,0.09433621913194656,0.09970824420452118,-0.1135995015501976
1724162892.050928,-0.2843742536919262,0.13114654504938605,0.011180841194824369,0.9496350757361613,-0.5670793760029228,0.3076765475248017,0.11385323162779581,0.2554417848587036,0.5371708869934082,-0.8038637638092041,-0.0018140501342713833,0.010044698603451252,0.01810600981116295,0.10728366672992706,0.002224356634542346,-0.12353388965129852
1724162892.10232,-0.2839232788746242,0.12970024489437856,0.009604466987616205,0.949985783557496,-0.5668231697077798,0.30319856042266746,0.10915076028608339,0.2518806457519531,0.5369547605514526,-0.8051308393478394,0.002596901264041662,0.01804991625249386,0.007891619578003883,-0.015081197023391724,-0.07491785287857056,-0.09510423988103867
1724162892.13233,-0.2841086456539006,0.12664735730665827,0.0074202586732552405,0.9503618150943953,-0.5682198732027441,0.2948572611371034,0.102291403874761,0.2449379414319992,0.5381324887275696,-0.8064854741096497,-0.003992361482232809,-0.012481629848480225,-0.013280097395181656,0.04942324385046959,-0.11668126285076141,-0.2006279081106186
1724162892.201561,-0.2844983552916057,0.12337940626873596,0.0034520466115090746,0.9506977672130168,-0.5705465146983234,0.28491763840389595,0.0913408871820165,0.2365572452545166,0.5400921106338501,-0.8076764345169067,0.018627777695655823,0.019293412566184998,-0.022584421560168266,-0.01742331124842167,-0.031722426414489746,-0.24171149730682373
1724162892.214939,-0.2855634215293743,0.1232755067108556,6.373197193931522e-05,0.9503981182648624,-0.5737461756615635,0.28279390573437957,0.08407247553265293,0.234358012676239,0.542782187461853,-0.8065133690834045,-0.004561085253953934,0.012438025325536728,0.002176335547119379,0.00024374842178076506,0.061184562742710114,-0.08975102007389069
1724162892.234525,-0.28428689981990574,0.12374533450143486,-0.0011969142548388322,0.9507190305346613,-0.571447526220191,0.2826800028379347,0.08103141409499308,0.2346135526895523,0.5408501625061035,-0.8077360987663269,-0.014590580016374588,0.02815393917262554,0.00614737207069993,0.06126582995057106,-0.01029607281088829,0.03650057315826416
1724162892.297439,-0.28334064121797636,0.1239529478604274,-6.629294594723803e-05,0.9509751062209004,-0.5691499870849465,0.2836137575095254,0.08333373255652764,0.23571476340293884,0.5389162302017212,-0.8087074756622314,-0.002655071672052145,0.009624175727367401,-0.0022869156673550606,0.03029053658246994,-0.04224354401230812,0.08230232447385788
1724162892.324716,-0.2833723153025943,0.12356490989652164,0.00161038604250325,0.951014783059023,-0.568756285876422,0.28381486162990444,0.0868587937318924,0.23593677580356598,0.5385845899581909,-0.8088636994361877,-0.00027927366318181157,-0.0071941036731004715,0.005911955609917641,-0.007772928103804588,-0.07905124127864838,0.08668876439332962
1724162892.4010592,-0.2833958717060447,0.12271731956923948,0.002507996238764485,0.9511156280109243,-0.5686190789901157,0.28245623773539846,0.08832027508110424,0.23485822975635529,0.5384689569473267,-0.8092544674873352,0.013125699013471603,-0.00582315307110548,-0.00888569001108408,-0.01666666939854622,-0.022109078243374825,0.00553916348144412
1724162892.412815,-0.28370924224666794,0.12221292426679735,0.0029141710191657624,0.9510859305302174,-0.569191788603984,0.28165444205390877,0.08902393450465593,0.23412352800369263,0.5389514565467834,-0.8091461658477783,-0.0032723054755479097,-0.001114584505558014,0.017040083184838295,-0.002366013824939728,-0.04000374302268028,0.02121848054230213
1724162892.46881,-0.28319013053150066,0.12203403377991325,0.003324552055918534,0.9512623078214546,-0.5680208886956171,0.28135427358840526,0.08961650700495617,0.23405571281909943,0.5379647612571716,-0.8098220825195312,0.004781713709235191,0.0005756874452345073,0.009798625484108925,0.029688803479075432,-0.017200512811541557,0.012411546893417835
1724162892.5161881,-0.28213444808878363,0.12288984529246294,0.003359611233861472,0.9514656517753356,-0.565759052586613,0.2830238692453619,0.08983607802432571,0.23574665188789368,0.5360567569732666,-0.8105964660644531,0.009769130498170853,0.002560798544436693,0.0027710883878171444,0.06676170974969864,0.06799488514661789,-0.0015365922590717673
1724162892.527976,-0.2821011553340521,0.1228995165931363,0.004377456174066811,0.9514701285039432,-0.5653905989007759,0.2836879933156519,0.0921152033266149,0.23634019494056702,0.5357456803321838,-0.8106293082237244,0.011421321891248226,-0.01980673335492611,-0.014045309275388718,0.016269464045763016,-0.003980943001806736,0.006893516983836889
1724162892.575904,-0.280726039424885,0.12255987522905934,0.0034198978198741172,0.9519244325347193,-0.562877139393713,0.2818893037049582,0.08918094436645022,0.23525558412075043,0.5336216688156128,-0.812343955039978,-8.42215376906097e-05,0.011668700724840164,0.005000527482479811,0.033684588968753815,-0.01704716496169567,-0.01076475903391838
1724162892.6120949,-0.28099608743089344,0.1218368659692231,0.005510653976133219,0.951927853614936,-0.5628907799543929,0.2816470271574665,0.09350424021507087,0.23505674302577972,0.5336332321166992,-0.8123939633369446,0.009302421472966671,-0.011107048019766808,-0.0029137323144823313,-0.009644714184105396,-0.021648133173584938,0.0877334401011467
1724162892.6410089,-0.28093985049982073,0.12268153808593948,0.007875915334043738,0.9518192496510836,-0.5619950507050734,0.2850652235771733,0.0993429376529734,0.2379666119813919,0.5328754782676697,-0.812044084072113,-0.027279812842607498,0.0069222040474414825,-0.00383449112996459,-0.017591454088687897,0.013010893948376179,0.1043689027428627
1724162892.67937,-0.2823875968214146,0.12159510008291104,0.01131048832315,0.9514955929193157,-0.5640704622447196,0.28522206446179127,0.1069356258709593,0.237782284617424,0.534630537033081,-0.8109437823295593,-0.048291005194187164,-0.007941989228129387,0.023059263825416565,-0.10844167321920395,-0.22609028220176697,0.1569116711616516
1724162892.712031,-0.28424274237649405,0.11908010684411474,0.01450694168052571,0.9512178695291893,-0.567230782067129,0.2821141212140338,0.11323057574444967,0.23478922247886658,0.5372985601425171,-0.8100519776344299,0.011297156102955341,0.012301577255129814,-0.042246848344802856,-0.1412113904953003,-0.020014088600873947,0.11641459912061691
1724162892.790534,-0.2870054040527598,0.11886851240541181,0.016040945039508234,0.9503897873492164,-0.5724825956121873,0.2835389428866813,0.11771991525310055,0.2351505011320114,0.5417205095291138,-0.8069963455200195,-0.022663116455078125,0.018507009372115135,-0.020491214469075203,-0.16254188120365143,-0.02597309648990631,0.09525057673454285
1724162892.802557,-0.28882275026807186,0.1188125802720154,0.01833493051837595,0.9498046615950186,-0.5755467626169223,0.2855304875039922,0.12364463441762998,0.23628856241703033,0.5442935824394226,-0.8049299716949463,0.02127874083817005,-0.01070778165012598,-0.023478040471673012,-0.06677360087633133,0.06439585238695145,0.07746569067239761
1724162892.847023,-0.2891145966264715,0.12157018906472979,0.01928347362215505,0.9493479649170881,-0.5754973751570813,0.2925928519761156,0.12778354171485723,0.2419750839471817,0.5442521572113037,-0.8032668828964233,0.02103274315595627,-0.007021588739007711,0.0035797604359686375,-0.00972125306725502,0.17639994621276855,0.07224199175834656
1724162892.876003,-0.2889534173361556,0.12443214328206793,0.01979765586139956,0.9490155864520646,-0.5746197686059614,0.29944875785471825,0.1308074066662944,0.24761727452278137,0.543515682220459,-0.8020451068878174,0.009497040882706642,-0.011928564868867397,0.018840882927179337,0.022214040160179138,0.10606315732002258,0.06526709347963333
1724162892.93202,-0.28776039362982836,0.12636842578582577,0.02038033751276912,0.949109814142418,-0.5717226702714688,0.3038367988003554,0.13287337247185627,0.2516043186187744,0.5410816073417664,-0.8024499416351318,0.03381684795022011,-0.014911931939423084,-0.007353638298809528,0.09566527605056763,0.0830773338675499,0.017536962404847145
1724162892.960999,-0.2866082443162662,0.12834082272804967,0.020499652491423156,0.9491912453981954,-0.569047849959539,0.3080124051922203,0.13392483705755603,0.2553907036781311,0.5388302206993103,-0.8027687072753906,0.0233247522264719,0.007513152435421944,-0.005886885337531567,0.03630826622247696,0.05188360810279846,0.047751810401678085
1724162892.992115,-0.2862830808136329,0.12952227271465325,0.02100497116675809,0.9491178642059624,-0.5680526482382126,0.31092356051392495,0.13569384129389403,0.257890522480011,0.5379915833473206,-0.8025319576263428,0.0013663752470165491,0.00826876051723957,0.008190830238163471,-0.01668078638613224,0.0055024209432303905,0.04752647131681442
1724162893.079352,-0.28650669270293144,0.12907197118614103,0.021941544235126918,0.949090470205009,-0.5682732194024614,0.310575299753109,0.1376011927563732,0.25757473707199097,0.538177490234375,-0.8025087118148804,0.0026474546175450087,-0.022013235837221146,0.014795121736824512,-0.0051876516081392765,-0.09144438803195953,-0.0018286360427737236
1724162893.0848598,-0.28584590514520736,0.12752567502206974,0.021165824949414668,0.9495162958513653,-0.5673893669877244,0.30628875906805203,0.1345201916750497,0.25427573919296265,0.5374323129653931,-0.8040586709976196,0.007894760929048061,-0.06015932187438011,0.013307671062648296,0.10348471999168396,-0.06780873984098434,-0.15279793739318848
1724162893.17492,-0.28380904542696117,0.12483276966224824,0.01676326436937293,0.9505725407645065,-0.5649539964459297,0.2965813397581375,0.12192765169512358,0.24684032797813416,0.5353769659996033,-0.8077384233474731,-0.006603897083550692,-0.02694469690322876,0.022713972255587578,0.1200915277004242,-0.10079746693372726,-0.31507691740989685
1724162893.1882648,-0.28403855526490035,0.11872664322372449,0.01319637096388195,0.9513420894027934,-0.5672350129452128,0.28039522446364734,0.10996244237222148,0.23339585959911346,0.5373021364212036,-0.8104521632194519,-0.03343448415398598,0.03373798727989197,-0.013112506829202175,-0.06893481314182281,-0.36542952060699463,-0.22597159445285797
1724162893.216944,-0.28549630849220076,0.10986173457197372,0.013094583887096979,0.9519720082813427,-0.5712592696132784,0.26047485668397813,0.10439712827305307,0.21664749085903168,0.5406917929649353,-0.8128445148468018,-0.007756003178656101,0.022293996065855026,-0.03937565162777901,-0.08699782937765121,-0.41932162642478943,-0.05398446321487427
1724162893.248702,-0.286987357328641,0.10421787699609561,0.015384446029205037,0.9521240175326411,-0.5743490969324911,0.24948364229644762,0.10634606291139939,0.20728695392608643,0.5432884693145752,-0.8135538101196289,0.012722176499664783,0.014750727452337742,-0.051942937076091766,-0.07410159707069397,-0.1617727279663086,0.10581420361995697
1724162893.2793388,-0.2871780743890278,0.10396980469974813,0.01825491894947908,0.9520429222251745,-0.5740243637631491,0.25086240901020107,0.11274567871634754,0.2084522545337677,0.5430157780647278,-0.8134380578994751,0.01419021561741829,-0.03091200813651085,-0.021459653973579407,0.07641332596540451,0.07336139678955078,0.11159352213144302
1724162893.311167,-0.28337142861579284,0.10709599942958768,0.01747415235411699,0.9528513561176664,-0.5660222022035478,0.2563360910750232,0.11159627762407032,0.21399648487567902,0.5362789034843445,-0.8164621591567993,-0.0034122627694159746,-0.01997920498251915,0.005369505845010281,0.24652299284934998,0.20317113399505615,-0.04503420740365982
1724162893.3861341,-0.27807974291280396,0.11035444098389802,0.014785381359699866,0.9540832363870005,-0.5554893986311998,0.26045202674711393,0.10563794344692419,0.21879766881465912,0.5273591876029968,-0.8209871053695679,-0.011968743056058884,0.009819630533456802,-0.002327727386727929,0.26141083240509033,0.1661432981491089,-0.021315110847353935
1724162893.399894,-0.2728018851988413,0.11374348177677991,0.013081376455640299,0.9552331443494169,-0.5447484449981932,0.2655336302216766,0.1019592258023008,0.2244403213262558,0.5182029604911804,-0.8252831101417542,-0.0021041827276349068,0.009453159756958485,-0.011986452154815197,0.298321396112442,0.2149912267923355,-0.03207525610923767
1724162893.442039,-0.2681685038154378,0.11690787292854123,0.0114721762625157,0.9561832790787391,-0.5353639532271388,0.2703770005506955,0.09856983972404162,0.22972364723682404,0.510154128074646,-0.8288363814353943,-0.0007526083500124514,0.012628119438886642,-0.0014452552422881126,0.2449362426996231,0.19490963220596313,-0.002897016005590558
1724162893.492031,-0.2645986007387914,0.11904095524445539,0.010769106540330772,0.9569225181980652,-0.5280348133688608,0.27375282935726364,0.09694112862305412,0.23352491855621338,0.5038368105888367,-0.8316336870193481,-0.008230161853134632,0.004917740821838379,0.008983055129647255,0.16997557878494263,0.04661419615149498,0.03636200726032257
1724162893.52103,-0.26077626040857166,0.12047191348448624,0.009760549679666351,0.9578031801934164,-0.5203604591069021,0.2753142709497029,0.09410615274798186,0.23586739599704742,0.497192919254303,-0.8349645137786865,-0.004414460156112909,-1.7262063920497894e-05,0.025903133675456047,0.21477355062961578,0.03608756512403488,-0.0023997966200113297
1724162893.5520492,-0.25795276103890974,0.12133164782077319,0.009068566329178459,0.9584657914431294,-0.514703960386531,0.2760722105582905,0.0920139220589994,0.23726297914981842,0.49227720499038696,-0.8374780416488647,-0.006753555964678526,0.015353032387793064,0.002393704140558839,0.09985105693340302,0.038007501512765884,0.014833115972578526
1724162893.607019,-0.25763270220147916,0.12102008348551496,0.00964830347660631,0.9585855763755992,-0.5139154776795497,0.27561742476900297,0.09298241467980121,0.2369876354932785,0.4915907084941864,-0.8379590511322021,-0.00847217533737421,0.022470461204648018,0.008069900795817375,-0.05265183374285698,-0.07569468021392822,0.0628432035446167
1724162893.639005,-0.25864182692293347,0.12081733080475544,0.01063896845592653,0.958328948263984,-0.5157152000367919,0.2760025270085828,0.09542497175123932,0.23706884682178497,0.49315717816352844,-0.8370151519775391,0.0073157367296516895,-0.0024422917049378157,0.0012451340444386005,-0.049095239490270615,-0.0054701706394553185,0.00812344066798687
1724162893.6904268,-0.26087420163245434,0.12025787728102061,0.010786386249431863,0.9577923729754402,-0.5202906464667426,0.2754521179235459,0.096275227658699,0.2359919250011444,0.4971323609352112,-0.8349654078483582,0.01940596103668213,0.0008162014419212937,-0.00825277529656887,-0.13500423729419708,-0.0014924046117812395,-0.043037090450525284
1724162893.713548,-0.2637091408579047,0.11991868180628898,0.010006492317034198,0.9570667573392104,-0.5263428745560591,0.27502991586180286,0.0954447475406014,0.2348179668188095,0.5023745894432068,-0.8321539759635925,0.0283336378633976,-0.016727842390537262,-0.003208569251000881,-0.09104273468255997,0.02762177772819996,-0.12167732417583466
1724162893.747783,-0.2654298575481482,0.11945785346005439,0.007854439861617093,0.9566687313625778,-0.5305181550025124,0.273207177477453,0.09107013916827619,0.23273278772830963,0.505980372428894,-0.8305536508560181,0.020423084497451782,-0.007541452068835497,1.4722230844199657e-05,-0.0711011216044426,0.0034888407681137323,-0.11461322754621506
1724162893.801969,-0.2667743745497613,0.11903762805202546,0.006682464679321481,0.9563559844960705,-0.5336411693668539,0.2719346188588734,0.088731368455741,0.2312501072883606,0.5086716413497925,-0.8293229341506958,0.008839862421154976,-0.0022277147509157658,0.004965813830494881,-0.06854581087827682,-0.032418590039014816,-0.028491836041212082
1724162893.8456879,-0.2687754268846607,0.11840681982942729,0.007903922444143528,0.9558645232063131,-0.5374579958957874,0.27179391082186,0.09181540791893776,0.23061050474643707,0.5119540691375732,-0.8274791836738586,0.01468695979565382,0.012627758085727692,-0.04314161464571953,-0.10027538239955902,0.043515101075172424,0.09854507446289062
1724162893.8768349,-0.26903939443341823,0.11793143263632425,0.008635432913052478,0.9558428107732418,-0.5378397916345844,0.27123348642863265,0.09324524300827013,0.23009435832500458,0.5122819542884827,-0.8274199962615967,0.0053989477455616,0.011314447969198227,-0.009528372436761856,-0.014455596916377544,-0.012727098539471626,0.059969499707221985
1724162893.906124,-0.2682273891848789,0.11770575728025132,0.008781646148868337,0.956097400242732,-0.5361566388942501,0.27058427835829896,0.0931181675795443,0.22978729009628296,0.5108357071876526,-0.8283988237380981,0.01972150430083275,-0.013122002594172955,-0.0068092443980276585,0.08723929524421692,0.03208664059638977,-0.03297315537929535
1724162893.9802341,-0.2663887587252443,0.11905785136979136,0.006555172483276707,0.9564617676909196,-0.532885004999617,0.2717992196641026,0.08831506279011603,0.23124100267887115,0.5080204606056213,-0.8297244906425476,0.01125647034496069,-0.00011696413275785744,0.0010346644558012486,0.11367626488208771,0.10929898917675018,-0.1348908543586731
1724162894.014618,-0.2650370783006608,0.1200107208753333,0.0034746050799204418,0.956734330714021,-0.5308959424974901,0.27175914792084466,0.0815687338046584,0.23147854208946228,0.5063061714172363,-0.8307055234909058,-0.012342930771410465,0.02957744337618351,0.014115659520030022,0.0434252955019474,0.02786850370466709,-0.10244256258010864
1724162894.043608,-0.26507330797570816,0.11952092346853725,0.002581630023610088,0.9567884692374604,-0.5312611308742874,0.27013670947017365,0.0793062913601327,0.23008111119270325,0.5066210627555847,-0.8309018015861511,-0.026886073872447014,0.043170344084501266,0.009805401787161827,-0.0738578587770462,-0.10058816522359848,0.016063183546066284
1724162894.074288,-0.26723852878613574,0.11729993827392499,0.0047239470307332936,0.956452754275564,-0.5352938605473004,0.26697074735852666,0.08349311998693694,0.22690853476524353,0.5100938081741333,-0.8296486139297485,-0.02950851060450077,0.033139679580926895,-0.0005887783481739461,-0.10704483836889267,-0.16826528310775757,0.115069679915905
1724162894.1810598,-0.26907156982170155,0.11364292972823836,0.007755707134365331,0.956360606397448,-0.5385550821488282,0.2610246740691443,0.08863673334288824,0.2215409129858017,0.5128961205482483,-0.8293715715408325,-0.014202066697180271,-0.008364557288587093,-0.00036416848888620734,-0.06242350488901138,-0.19620855152606964,0.07994785159826279
1724162894.193085,-0.26959935466218937,0.11069029521959242,0.010229962189678274,0.9565349569390964,-0.5392559824946564,0.25599339536489873,0.09249347507483206,0.2172742486000061,0.5134977102279663,-0.8301277160644531,0.01302607636898756,-0.02761322632431984,-0.02040407620370388,0.04641285911202431,-0.05779384449124336,0.06736742705106735
1724162894.1953468,-0.2680958466583768,0.11052843255432719,0.01128643524445216,0.9569642730437854,-0.5359072986200252,0.25585728033946453,0.09419053061547056,0.2175952047109604,0.5106213688850403,-0.8318161964416504,0.01793641410768032,-0.023424839600920677,-0.022657077759504318,0.09436441957950592,0.048519864678382874,0.055434588342905045
1724162894.242254,-0.2661524077202652,0.11234722371067288,0.010918434699812707,0.957299162728727,-0.5318418482192848,0.2592083700171931,0.09377908944657849,0.22091172635555267,0.5071216821670532,-0.8330820202827454,-0.0006831876235082746,-0.004134380258619785,-0.004095415119081736,0.06817197799682617,0.0675203949213028,0.00150151620618999
1724162894.2808928,-0.26453611574546915,0.1139961546854853,0.010493000542890273,0.9575569485394052,-0.5284836790690319,0.26222875809090074,0.09324534855176358,0.22386716306209564,0.5042244791984558,-0.8340510725975037,-0.004972615744918585,0.0031086886301636696,0.00467716995626688,0.052041519433259964,0.04665699228644371,0.03084300085902214
1724162894.312604,-0.263307942906753,0.1153258601402289,0.011090772317972187,0.957729478542357,-0.5256755409230207,0.26523348587544626,0.09491442023067831,0.22674252092838287,0.5017974376678467,-0.8347377777099609,-0.011546478606760502,0.006035914178937674,2.4364737328141928e-05,0.04848595708608627,0.024481777101755142,0.08176600188016891
1724162894.347429,-0.26174636773626164,0.11630436360270997,0.012842265245428216,0.958017246868399,-0.5218997113710013,0.268017879926544,0.09878013900225996,0.22956599295139313,0.498527854681015,-0.8359242677688599,-0.0019173056352883577,-0.010267906822264194,-0.008875124156475067,0.10837112367153168,0.024847790598869324,0.11052772402763367
1724162894.403326,-0.2596929471343701,0.11771558016977451,0.014172665905264453,0.958384924556538,-0.5171846117525829,0.2713705089696928,0.10176791455627068,0.23299475014209747,0.4944349229335785,-0.837405264377594,-0.0008302040514536202,-0.00919325090944767,0.005227661691606045,0.08968552947044373,0.048572469502687454,0.095283143222332
1724162894.432302,-0.2574011414704247,0.11842267218235554,0.015029802519201742,0.9589028981997028,-0.5121880235777726,0.2727937878046315,0.10318997957203731,0.23484905064105988,0.4900856614112854,-0.8394414782524109,0.011212068609893322,-0.015398364514112473,0.00808576587587595,0.13160379230976105,0.01861959882080555,0.05984658747911453
1724162894.4645581,-0.25447886011994464,0.11941070256887176,0.015647650765847947,0.9595502684395493,-0.5059441529654672,0.27452291016463254,0.10399737532652628,0.23712512850761414,0.48463353514671326,-0.8419631719589233,0.020984748378396034,-0.018655357882380486,0.005551943089812994,0.1827116459608078,0.024919923394918442,0.01701696403324604
1724162894.519553,-0.25113926184786955,0.11972394406452962,0.015275952361555456,0.9603966725154305,-0.49920627484247393,0.27408840797561473,0.1020912653292158,0.2376377284526825,0.4787288308143616,-0.8451905250549316,0.011407079175114632,0.0012942762114107609,-0.003209493588656187,0.15077412128448486,-0.009522526524960995,-0.009949938394129276
1724162894.579551,-0.24884539605822828,0.11889026373387163,0.015183911201408308,0.9610985398791976,-0.49464525308253854,0.2715649292244145,0.10055949693481023,0.2360873967409134,0.47471946477890015,-0.8478821516036987,0.008961344137787819,0.010850409045815468,-0.0068598221987485886,0.07851849496364594,-0.0640501007437706,0.0012626294046640396
1724162894.591456,-0.24796046696786334,0.11828626046040891,0.015555418058148668,0.961395837173373,-0.49280200325962437,0.2701894378065605,0.100702907226144,0.23515409231185913,0.4730963408946991,-0.8490479588508606,-0.0006683452520519495,0.003129582852125168,0.003938048612326384,0.01122998632490635,-0.03580667823553085,0.023096531629562378
1724162894.657103,-0.2479907129822267,0.11781452461427745,0.016709565808709564,0.9614266042580125,-0.49259332514298765,0.2697740190657603,0.10296573993962117,0.2348276674747467,0.4729124903678894,-0.8492407202720642,-0.010037628002464771,-0.02069779299199581,0.018377624452114105,0.016724055632948875,-0.040593329817056656,0.05495588108897209
1724162894.699463,-0.24687226534352336,0.11831402465574009,0.01760942435706621,0.9616369671560326,-0.4900115842507506,0.27105898232282266,0.10478394196316312,0.2362448275089264,0.47063612937927246,-0.8501117825508118,0.0031803420279175043,-0.006116265431046486,-0.030682843178510666,0.08012305200099945,0.09113005548715591,0.05112146586179733
1724162894.710871,-0.24552806484598114,0.12114283990639448,0.01766528496989918,0.9616278892195733,-0.4869507193981893,0.27697568145387413,0.10595353101377203,0.24166330695152283,0.4679332375526428,-0.8500807881355286,-0.012258834205567837,0.01139825489372015,-0.0220363587141037,0.04005613923072815,0.1379552036523819,0.07201073318719864
1724162894.761252,-0.24431627306872442,0.12474216528411056,0.017725004442962086,0.9614752641653053,-0.48407066122631004,0.28462254296502243,0.1075811971801325,0.24853402376174927,0.4653860032558441,-0.84949791431427,-0.005740107968449593,0.006302682217210531,-0.015185379423201084,0.05319762974977493,0.1831049919128418,0.046594079583883286
1724162894.798283,-0.24315543982363622,0.12832932338545067,0.01730147807951969,0.9613051602463808,-0.48143618101754,0.2919938507295623,0.10815229747995593,0.25514116883277893,0.4630526006221771,-0.8488140106201172,-0.014840809628367424,0.004952626768499613,-0.0011268544476479292,0.05199969932436943,0.15149880945682526,0.028402192518115044
1724162894.82725,-0.24219585087952542,0.12979617409307206,0.017312535103457892,0.9613502376418555,-0.4793199590673585,0.2949637306784791,0.10858479021514396,0.2579452097415924,0.4611758887767792,-0.8489882349967957,-0.003404604271054268,-0.005419980734586716,0.003245130879804492,0.050557687878608704,0.041346799582242966,0.016890686005353928
1724162894.879572,-0.24153418360889298,0.1302186336549702,0.017577801658670494,0.9614547782925879,-0.4778493295323636,0.29584403245313984,0.10912019738212539,0.25888991355895996,0.45987048745155334,-0.8494086861610413,-0.019413061439990997,0.010819384828209877,0.01886259764432907,-0.009483539499342442,-0.04203059896826744,0.046806883066892624
1724162894.908423,-0.24218816021735348,0.12880777151947104,0.01905469471747321,0.9614522117584496,-0.4788917714550406,0.2936828282833304,0.11181721021281579,0.2569146752357483,0.46079590916633606,-0.8495069146156311,-0.010672304779291153,0.01082624401897192,0.010411645285785198,-0.0837375670671463,-0.1206594854593277,0.07150598615407944
1724162894.968308,-0.24398072697636883,0.12665003704914624,0.020965282307039278,0.9612458053923378,-0.48221235696652015,0.29043404850967985,0.11550411028681964,0.2537138760089874,0.46374040842056274,-0.84886634349823,0.007561816833913326,-0.0017881580861285329,-0.005045006517320871,-0.10108647495508194,-0.1031939834356308,0.04838530346751213
1724162894.9966822,-0.24562997178557483,0.12501163258228098,0.021926119448592747,0.9610188357008324,-0.4854744251599769,0.2878025457479667,0.1173539290781775,0.2510484755039215,0.4666280150413513,-0.8480760455131531,0.016004906967282295,-0.0104215731844306,-0.01031255628913641,-0.06368394196033478,-0.06171845272183418,-0.01649044267833233
1724162895.0285149,-0.24696682011356497,0.1245036439457889,0.021237553764772682,0.9607575689729262,-0.48845506228913693,0.28670792301996834,0.11611350997100926,0.2497255653142929,0.46926218271255493,-0.847012460231781,0.017099585384130478,0.0008719810284674168,-0.019101805984973907,-0.08195000141859055,0.0012387778842821717,-0.07979393750429153
1724162895.083272,-0.24801505221610043,0.12548294023416817,0.019239100187639437,0.9604021877718409,-0.49105902855930617,0.28811768345456,0.11272901667247465,0.2505713403224945,0.4715600609779358,-0.8454851508140564,0.008226137608289719,-0.02095443196594715,0.008604070171713829,-0.012882676906883717,0.03213225677609444,-0.13088609278202057
1724162895.128251,-0.24814216913585596,0.12700304768819104,0.016241796414554085,0.9602248597549885,-0.49203339342919894,0.28992025207453875,0.10710727010527797,0.2519634962081909,0.47241905331611633,-0.8445913791656494,0.005747725255787373,0.006086377892643213,0.002677173586562276,0.0012729864101856947,0.10310713946819305,-0.12386106699705124
1724162895.179531,-0.24824797622697536,0.12885114002612638,0.014098092817336875,0.9599851523641245,-0.49268770045125426,0.29290029181125,0.10351655483457173,0.25439000129699707,0.4729956388473511,-0.8435406684875488,0.0019024631474167109,0.003003943944349885,0.0008416604832746089,0.006105419248342514,0.07230032980442047,-0.06562361866235733
1724162895.191877,-0.24831718999015623,0.13020687185949334,0.012996755477616124,0.9597998154418305,-0.49301621900531695,0.29533727266008497,0.10190500146060134,0.2563996911048889,0.473285049200058,-0.8427695035934448,0.0009073250694200397,0.009160136803984642,0.00038163422141224146,-0.008577990345656872,0.05385477840900421,-0.027786917984485626
1724162895.239501,-0.24912500442357496,0.1308954253608863,0.012578506169133577,0.959502366249105,-0.4947130499382432,0.2968704076436103,0.10170502263219054,0.2574561834335327,0.4747791290283203,-0.8416062593460083,-0.017767930403351784,0.002257601823657751,0.02303985506296158,-0.052833862602710724,-0.00273844413459301,-0.013571172021329403
1724162895.2695599,-0.25048326773399593,0.12939942168429638,0.01282955283413074,0.9593483250253431,-0.49755808948648445,0.2940695605674096,0.10195833443808953,0.25470539927482605,0.4772811532020569,-0.8410278558731079,-0.0027066159527748823,0.003808199428021908,0.004990179091691971,-0.07753727585077286,-0.07748124748468399,-0.015032895840704441
1724162895.324575,-0.25174190496457055,0.1281730600578991,0.013177585811218554,0.9591788346921183,-0.5001452371061368,0.2918910746155017,0.10252832338802362,0.2525164783000946,0.4795530140399933,-0.8403953909873962,0.010566099546849728,0.0030439160764217377,-0.013218589127063751,-0.033310920000076294,-0.026735294610261917,-0.003780246013775468
1724162895.3536,-0.2519766652403613,0.12847329729553172,0.012868220844543553,0.9590811515057722,-0.5006840023932538,0.2924571384080051,0.1021180372529877,0.252917617559433,0.4800257086753845,-0.8400047421455383,0.007036937866359949,0.012218087911605835,-0.005125123076140881,0.031445201486349106,0.024453526362776756,-0.0019881417974829674
1724162895.393765,-0.2492365776724412,0.12863096712969618,0.012015549196775185,0.9597867938451128,-0.49534681399340275,0.291571012630284,0.09925750189289,0.25290602445602417,0.47533681988716125,-0.8426703810691833,0.0143894599750638,0.01266813650727272,0.0015771148027852178,0.25365185737609863,0.050799909979104996,-0.01814897544682026
1724162895.4247441,-0.2430283730884442,0.12970834497082825,0.010926810764889305,0.9612457914796432,-0.4829405233098736,0.2916801041940142,0.09504952089479769,0.2546742558479309,0.46438542008399963,-0.8482258915901184,0.0006653532036580145,0.02888302132487297,0.009852311573922634,0.3710499703884125,0.06253241747617722,0.02587069198489189
1724162895.516103,-0.23643794815995575,0.13046679908154032,0.010990961025616952,0.9627848161770058,-0.4694656619695511,0.2916447061786333,0.09304462625775739,0.2564202547073364,0.4524098336696625,-0.8541510105133057,-0.006444597616791725,0.03707506135106087,0.012548675760626793,0.32167401909828186,-0.01569531112909317,0.07675272971391678
1724162895.529314,-0.23111073473514893,0.13052165404635063,0.011668246861473136,0.9640621270810718,-0.45845624755591513,0.2907348763753266,0.09249756482636394,0.25705528259277344,0.44256430864334106,-0.8591038584709167,-0.005673596169799566,0.025893112644553185,0.016722481697797775,0.24595960974693298,-0.034102242439985275,0.06884417682886124
1724162895.571045,-0.22801667317700305,0.1301513420101383,0.013080764510433301,0.9648304714211245,-0.45180475407509374,0.2898298031159339,0.09416878721169679,0.2571132183074951,0.43658992648124695,-0.862138032913208,0.0025708500761538744,0.002044523833319545,0.007287442684173584,0.15724462270736694,-0.03508537635207176,0.07345842570066452
1724162895.6083589,-0.22578894184668277,0.13021634907893972,0.014343688655262846,0.9653274706182056,-0.4469143139592356,0.290014716285313,0.09606360415038256,0.2578801214694977,0.43218496441841125,-0.8641261458396912,0.009361149743199348,-0.012586330994963646,-3.2988551538437605e-05,0.14033697545528412,0.008407561108469963,0.07428766787052155
1724162895.637337,-0.22238959693243465,0.13147941555039833,0.014762970881235774,0.9659388789460372,-0.43978779465003187,0.2921075976724739,0.09629766234247168,0.26056841015815735,0.42574748396873474,-0.8665120601654053,0.005416823551058769,-0.011264028958976269,-0.004901437554508448,0.20932379364967346,0.05383259803056717,0.06442644447088242
1724162895.668246,-0.21801807668541176,0.13301732444450592,0.015290708465303742,0.9667163953732641,-0.4306432850152838,0.29460071011648775,0.0965117817953089,0.26384735107421875,0.41745543479919434,-0.869549036026001,0.004010154865682125,-0.014437173493206501,-0.002860629465430975,0.23633913695812225,0.04481009766459465,0.07182252407073975
1724162895.713974,-0.21360864566892535,0.13449073497670727,0.01575543591211975,0.967489157158308,-0.4214567659605897,0.29691252822496694,0.09652656815135459,0.26696765422821045,0.40909019112586975,-0.8725671768188477,-2.9601622372865677e-05,-0.010187599807977676,0.004700734280049801,0.1951395571231842,0.02071939781308174,0.05830537900328636
1724162895.742147,-0.21087428798764715,0.13445514716575513,0.016261902789836965,0.9680853752572369,-0.4157931580600095,0.2963928114127934,0.09655622872631892,0.26718655228614807,0.4039156436920166,-0.8749077320098877,-0.006229151505976915,-0.020507697016000748,0.0147560341283679,0.09266491234302521,-0.08187854290008545,0.005723355337977409
1724162895.7982988,-0.2097993246186379,0.13184155115079507,0.016179005213951835,0.9686796257496099,-0.41390816280128745,0.2904649301926071,0.09480035211208279,0.2622131407260895,0.40219053626060486,-0.8772041201591492,-0.0021086824126541615,-0.028438013046979904,0.01788288541138172,0.014509636908769608,-0.20714417099952698,-0.05038714408874512
1724162895.830985,-0.2100933498553742,0.128138382818776,0.015558144693777226,0.9691229651318355,-0.41503874835085786,0.2822837104406296,0.09191989226879796,0.2549010217189789,0.4032253921031952,-0.8788827061653137,0.00522947171702981,-0.013397445902228355,0.004269446711987257,-0.05479883775115013,-0.1811162829399109,-0.0455402247607708
1724162895.878209,-0.21139299450471746,0.12522812665420235,0.015994857232370648,0.9692135628728915,-0.4178144756799937,0.2765010510102926,0.09198039967202667,0.24950799345970154,0.4057638943195343,-0.87926185131073,0.00968790054321289,-0.01778310351073742,-0.006018743850290775,-0.08727831393480301,-0.13975822925567627,-0.006425738334655762
1724162895.910775,-0.21246329291363464,0.12312338181781875,0.01677807355621626,0.9692359409090917,-0.4199585146761702,0.2725538246309833,0.09305030663588269,0.2458006590604782,0.4077225923538208,-0.8793999552726746,0.02408801205456257,-0.022568346932530403,-0.02035636641085148,-0.03470689803361893,-0.04519165679812431,-0.00727034080773592
1724162895.9432821,-0.21310623243297044,0.12237053214822362,0.017494530900242913,0.9691774964072477,-0.4211320999994533,0.271396058817044,0.09444665990505953,0.24465391039848328,0.4087938964366913,-0.8792223930358887,0.016540994867682457,-0.015686389058828354,-0.017661724239587784,-0.03971565514802933,-0.014440170489251614,0.02120283432304859
1724162896.0007582,-0.2130851041047785,0.12234941245961821,0.01803001495558075,0.9691749452564237,-0.4209432741700739,0.2715839650936506,0.09556533820527557,0.24483981728553772,0.40862157940864563,-0.879250705242157,0.017664799466729164,-0.016059719026088715,-0.018869496881961823,0.019825275987386703,0.031215248629450798,0.018273506313562393
1724162896.030874,-0.21161339555569889,0.12291485345182898,0.01827557055034754,0.9694213070157441,-0.41784564527572504,0.27257114832391327,0.0958333139113566,0.2460472583770752,0.40579238533973694,-0.8802234530448914,0.020342329517006874,-0.006030871067196131,-0.02105732262134552,0.08472032099962234,0.05321939289569855,0.03553295508027077
1724162896.0607738,-0.20946884376555333,0.12468171973424165,0.018423606301444736,0.9696585669932443,-0.4132985729813714,0.27594498306646953,0.09619874429625949,0.24951572716236115,0.4016323387622833,-0.8811545372009277,0.0014250618405640125,0.004619313403964043,0.0006877434207126498,0.08917883038520813,0.05317407101392746,0.04601242393255234
1724162896.1293778,-0.2077203009175494,0.12546361741910927,0.01889896233207598,0.9699247039750668,-0.4095579092309746,0.2774279656189661,0.09694028825564505,0.2512319087982178,0.39820384979248047,-0.8822222948074341,-0.012343447655439377,0.005552797112613916,0.016014041379094124,0.05471299961209297,-0.05327927693724632,0.06421966105699539
1724162896.171695,-0.20685724018674825,0.12439156675400079,0.019912727275360653,0.9702268456868186,-0.40763905214661594,0.27535998880853935,0.09830257431939009,0.24961425364017487,0.3964429497718811,-0.8834736347198486,-0.008230161853134632,0.004917740821838379,0.008983055129647255,-0.01928386278450489,-0.12902310490608215,0.04404784366488457
1724162896.179038,-0.20813437446853497,0.1221886460236719,0.02066509368824335,0.9702179785831424,-0.41023118783284546,0.27124608729652994,0.09935615161260584,0.24570146203041077,0.3988213539123535,-0.8835000395774841,0.0,0.0,0.0,-0.10931337624788284,-0.11928518116474152,-0.02062336914241314
1724162896.2389522,-0.21054137550287133,0.11979551679268781,0.020231148021196528,0.9700061766976956,-0.41545434547061016,0.26646613302338346,0.09818946917203633,0.24092376232147217,0.4036056697368622,-0.8826427459716797,0.0011932243360206485,-0.017135830596089363,-0.003857931587845087,-0.11399165540933609,-0.09288492053747177,-0.08840988576412201
1724162896.268427,-0.2125095410835182,0.11755777500022771,0.018770558999806463,0.9698800889415093,-0.4200480153898495,0.261450182121785,0.0947398218372348,0.23601172864437103,0.40780431032180786,-0.8820397257804871,0.0034372396767139435,-0.014234858565032482,-0.011352394707500935,-0.054230254143476486,-0.042896438390016556,-0.12089957296848297
1724162896.299521,-0.21338814198828077,0.11615551059009596,0.01694758482883316,0.9698897221700328,-0.4224418054276384,0.25780893978258024,0.09051698713280214,0.23254889249801636,0.4099888205528259,-0.8819468021392822,-0.002343120751902461,-0.0006663969252258539,-0.005922304000705481,-0.024841636419296265,-0.014870136976242065,-0.10379647463560104
1724162896.3544579,-0.213881403873028,0.11495514360573982,0.015300001209179888,0.9699514919622136,-0.42398026111899745,0.2545865493191023,0.08662241219583136,0.22954659163951874,0.41139155626296997,-0.8820801377296448,-0.0052739158272743225,-0.004054117947816849,-0.007602175697684288,-0.027787664905190468,-0.043035976588726044,-0.08045993745326996
1724162896.383497,-0.21443316132446152,0.11379679182797652,0.014336383987350754,0.9699809590945732,-0.4254484526007161,0.2517691845848321,0.08421361464804684,0.2269098311662674,0.41272929310798645,-0.8821374177932739,-0.0020199196878820658,-4.53768006991595e-05,-0.006603148765861988,-0.05062415823340416,-0.058767057955265045,-0.038414716720581055
1724162896.417764,-0.21552338308607824,0.1128367044099725,0.0136680234995499,0.9698611399547736,-0.42791092723366514,0.24962197759490914,0.082691708227935,0.224763423204422,0.4149709939956665,-0.8816351294517517,-0.0024350008461624384,-0.0035569206811487675,0.0012025975156575441,-0.07849831134080887,-0.02324627712368965,-0.05006299167871475
1724162896.4748778,-0.21755802922271172,0.111786875105105,0.013388102033333666,0.9695323114255714,-0.43219596173531755,0.24765096145261703,0.08224766117253708,0.22258734703063965,0.4188658595085144,-0.8803443908691406,0.007701174821704626,-0.01128851156681776,-0.012243708595633507,-0.11308663338422775,-0.0190068781375885,-0.03460095077753067
1724162896.505357,-0.2187115394385924,0.11170930678946124,0.011864470727941221,0.9693014958944867,-0.43492689233968557,0.247018265086685,0.07932526707567214,0.22174978256225586,0.4213441014289856,-0.8793725967407227,0.009904853999614716,-0.005462086759507656,-0.01989036425948143,-0.030980823561549187,0.04974474757909775,-0.07578791677951813
1724162896.5582,-0.21842704383932382,0.11381259784134469,0.009869431257000898,0.969143372530526,-0.4346883034265662,0.2505886018622825,0.07598178154266202,0.22491294145584106,0.42112770676612854,-0.8786726593971252,-0.0016931267455220222,-0.003071987070143223,-0.002205073833465576,0.03450348600745201,0.1487143188714981,-0.0580822192132473
1724162896.577981,-0.21831097099186175,0.11611565641938205,0.009181264056549732,0.968903055211423,-0.4344506586085086,0.2552349293015803,0.07557633216246148,0.22901836037635803,0.4209121763706207,-0.8777149319648743,-0.008439498953521252,0.00498578418046236,0.010346468538045883,-0.029752958565950394,0.1088998094201088,0.02077387645840645
1724162896.6332989,-0.21950614914091962,0.11780635276120924,0.010137331084330159,0.9684192801832893,-0.43648814668279756,0.2595948175332269,0.07881641562068968,0.23262229561805725,0.4227595031261444,-0.8758774399757385,-0.009482589550316334,0.0016783704049885273,0.022242456674575806,-0.12721826136112213,0.005932671017944813,0.08509230613708496
1724162896.66216,-0.22331433661952033,0.11748527930768599,0.012262089655365656,0.967562683004017,-0.44367329897987157,0.26072769145940494,0.0844699700792204,0.23282533884048462,0.4292600154876709,-0.8726558089256287,-0.020631862804293633,0.03380430489778519,0.009834138676524162,-0.32039880752563477,-0.1116836816072464,0.14383955299854279
1724162896.699311,-0.22897556582358086,0.11442045812388449,0.015926364438936358,0.9665528274174089,-0.45447354317840905,0.2571166518529518,0.09271713605478811,0.22848032414913177,0.4389893710613251,-0.8689563274383545,0.014920922927558422,-0.03699834272265434,-0.007054209243506193,-0.22289295494556427,-0.1746286302804947,0.02345571294426918
1724162896.76784,-0.23190339415832387,0.11156558023260428,0.01685956576656938,0.9661727090224412,-0.4604547787273671,0.2520349249486661,0.09426616540174412,0.22340281307697296,0.4443555772304535,-0.867547869682312,0.012978640384972095,-0.01305218692868948,-0.009946444071829319,-0.09896375238895416,-0.10670779645442963,-0.03225255012512207
1724162896.779763,-0.23386305184819128,0.10959849053431485,0.01707372918401735,0.965921622697435,-0.4645765216513373,0.248304469237749,0.0943735514424633,0.21971292793750763,0.4480442702770233,-0.8665924668312073,0.0024569439701735973,-0.0008147027692757547,-0.0037789572961628437,-0.10572804510593414,-0.07824170589447021,-0.034711770713329315
1724162896.830823,-0.23550759849393874,0.10794306091022235,0.017021307912419705,0.9657093746017628,-0.46809735324947177,0.24504205418800498,0.09394745742756014,0.21650053560733795,0.4511891305446625,-0.8657689094543457,0.003375002881512046,-0.004767619073390961,0.0014556036330759525,-0.0806734636425972,-0.06910455971956253,-0.053704142570495605
1724162896.859631,-0.23743530269439678,0.10649241207201061,0.016590809635718396,0.9654058442673188,-0.47227032589703727,0.24209543749139753,0.0928907919091126,0.21349526941776276,0.4549092650413513,-0.8645676970481873,-0.0031508654356002808,0.009793376550078392,-0.0051693846471607685,-0.13125963509082794,-0.06824933737516403,-0.04892319440841675
1724162896.915844,-0.24023540967553492,0.10515265510435395,0.016240062938204385,0.964865808626031,-0.4781917289025836,0.23962908855167464,0.09233561044317107,0.2107192724943161,0.4601745009422302,-0.8624597191810608,-0.005034936126321554,0.008235602639615536,-0.003282492980360985,-0.16672217845916748,-0.07097043097019196,-0.05423226207494736
1724162896.944638,-0.24370940906009791,0.10372245199422193,0.01607410063466299,0.9641519034909086,-0.48545551188911146,0.2372122124802993,0.09233633658804238,0.20784321427345276,0.4666112959384918,-0.85969477891922,-0.014958225190639496,0.010081356391310692,0.0034954878501594067,-0.2048805058002472,-0.07865605503320694,-0.028930561617016792
1724162896.975755,-0.2470454443610268,0.1021043075656845,0.01694401619962831,0.963460433516165,-0.49221251319278525,0.23490286485825573,0.0944323382045657,0.205118790268898,0.47257691621780396,-0.8570865392684937,0.0007781013264320791,-0.022817537188529968,-0.006436015944927931,-0.02941112220287323,-0.0498494878411293,-0.0230121873319149
1724162897.018295,-0.2465078953572843,0.10149934988362158,0.015816834913646122,0.9636812322711678,-0.4914437528348462,0.23282822490550978,0.09146227083847287,0.20342397689819336,0.47189927101135254,-0.8578634858131409,-0.0008006024872884154,0.000994349829852581,0.0005269274115562439,0.06398387998342514,0.0034706629812717438,-0.05050409212708473
1724162897.070672,-0.24547325441664997,0.10266088428513641,0.015118358484630529,0.9638334667441399,-0.48938883289751695,0.23477440148781079,0.09024518782738829,0.20531828701496124,0.47008654475212097,-0.8584072589874268,-0.009151771664619446,0.01468845084309578,0.009053405374288559,0.008345060050487518,0.04382061958312988,-0.012097250670194626
1724162897.100662,-0.245192460749127,0.10328449907582334,0.015031384396380024,0.9638396939520225,-0.48877812271130006,0.23603875745903333,0.09030754308081733,0.2064705491065979,0.46954745054244995,-0.8584259152412415,-0.0033714110031723976,0.0011199892032891512,0.003623315365985036,0.03839428350329399,0.049817781895399094,-0.01757548749446869
1724162897.1345239,-0.24511043687323333,0.10347674989481616,0.014697370882103666,0.9638450555045922,-0.48867376389027783,0.23626479916087598,0.08965841870320068,0.20667605102062225,0.4694553017616272,-0.8584268689155579,-0.007579693105071783,0.024366633966565132,0.00041807215893641114,-0.023240014910697937,0.0048427945002913475,-0.0010120244696736336
1724162897.189445,-0.2478420677131036,0.10249718727798285,0.017448670211900465,0.9632050901561966,-0.49367877815776884,0.23623812076994952,0.09601385281053346,0.20610064268112183,0.47386860847473145,-0.8561372756958008,-0.010532431304454803,0.02535053715109825,0.0013145603006705642,-0.2507376968860626,-0.13356629014015198,0.21858006715774536
1724162897.287046,-0.25207590409698116,0.10113459049619067,0.02196425255609854,0.9621574883280262,-0.5013738426491063,0.23676245559390427,0.10654296844885193,0.20568811893463135,0.4806307554244995,-0.8524590730667114,-0.018549706786870956,0.024382442235946655,0.003629290033131838,-0.2568127512931824,-0.16065070033073425,0.21340321004390717
1724162897.298671,-0.2539124703909372,0.09880490274644067,0.02584378121446196,0.9618202139903153,-0.5044537551674598,0.23423599057279496,0.11435155412639464,0.2031892091035843,0.48332932591438293,-0.8515321016311646,0.01942327991127968,-0.04795708879828453,-0.01211128942668438,0.06227888539433479,-0.03686058148741722,0.05197136104106903
1724162897.3009071,-0.25244239092629706,0.09824401419568157,0.026558364927006337,0.9622449986367142,-0.5013438623084061,0.232995167220087,0.11510049534829278,0.2024785280227661,0.48060446977615356,-0.8532419204711914,0.0053514279425144196,0.02153516188263893,-0.019838403910398483,0.004267902113497257,0.018830185756087303,0.09764207899570465
1724162897.369505,-0.25129124678925324,0.09931521909215929,0.02718526059380279,0.9624188834670873,-0.4987122814725891,0.2354051417937021,0.11668615798368595,0.20482851564884186,0.47829505801200867,-0.8539783954620361,0.005266173742711544,-0.01484543178230524,-0.011041110381484032,0.11316202580928802,0.10786916315555573,-0.024381352588534355
1724162897.381095,-0.24955630022547529,0.09982299593394697,0.025490266162833477,0.9628640306129191,-0.49551928383454474,0.23513720791956627,0.1126717693887432,0.20495444536209106,0.475488543510437,-0.8555140495300293,-0.007399441208690405,0.03813564032316208,0.001857010880485177,0.0008732650894671679,-0.03674847260117531,0.04533553496003151
1724162897.434505,-0.24905554488531376,0.10038774599433307,0.025752995059693737,0.962928027948355,-0.49436702632591983,0.2363969466171378,0.11339095669398296,0.20616018772125244,0.47447457909584045,-0.8557872772216797,-0.00030835880897939205,0.006642943248152733,0.00871430803090334,0.005846272688359022,-0.02234300598502159,0.007608492858707905
1724162897.463453,-0.24983136879426512,0.10014553466207947,0.027713243742106555,0.9626977896383264,-0.49550218429262505,0.23713727741704071,0.11780602809445756,0.20666703581809998,0.4754734933376312,-0.8551103472709656,-0.001046724384650588,-0.001829946762882173,-0.003566762898117304,-0.018377814441919327,-0.007095766719430685,0.0940600112080574
1724162897.496336,-0.24894946708776078,0.10024660750689046,0.03003568405160287,0.962846093848223,-0.4931218407540018,0.23838307501295639,0.12263333185625547,0.2079988270998001,0.47337809205055237,-0.8559495806694031,0.004149553831666708,-0.02176736295223236,0.0003244991530664265,0.11501787602901459,-0.00500005716457963,0.08645779639482498
1724162897.549499,-0.245629158554972,0.10044268956041309,0.032454141154941635,0.9635996278952572,-0.48573307715832115,0.23919469065575708,0.1268635299163296,0.20951643586158752,0.46685677766799927,-0.8591551780700684,-0.03402562811970711,0.04117478430271149,0.017202498391270638,0.16423627734184265,-0.0755000188946724,0.24722084403038025
1724162897.5784001,-0.24398917687659794,0.09891425420389474,0.04189480917768017,0.9638100983158383,-0.480283339271426,0.24035171184206033,0.14600303695367867,0.2111128568649292,0.4620305001735687,-0.8613705039024353,-0.011670518666505814,0.044654715806245804,0.0029743178747594357,-0.011206405237317085,-0.2212112694978714,0.5633037090301514
1724162897.619584,-0.243538822962587,0.09673423048615644,0.05400294959924763,0.9635429095775927,-0.47672561752085735,0.24176101150653853,0.17098959727631363,0.21271878480911255,0.45887234807014465,-0.862662672996521,-0.014990818686783314,0.031906358897686005,0.0219865832477808,-0.08847267180681229,-0.3324052691459656,0.6521183252334595
1724162897.6694741,-0.2459344456290153,0.09352265481151685,0.07056428508807486,0.9621799760120642,-0.47807142256862123,0.2442080718420772,0.20620570585207057,0.21467961370944977,0.4600676894187927,-0.8615395426750183,0.003926449920982122,0.02125617302954197,0.00024151516845449805,-0.22532042860984802,-0.3233426511287689,0.7999276518821716
1724162897.700772,-0.2503080895777577,0.09069123672895324,0.08951267335863694,0.959743868691955,-0.48276198575492235,0.24972331051594432,0.2477753564646879,0.2188922017812729,0.4642272889614105,-0.8582419157028198,0.016430681571364403,-0.022193245589733124,-0.02364920638501644,-0.32717493176460266,-0.2777172923088074,0.8015973567962646
1724162897.7545261,-0.25394950065700744,0.0890071190714909,0.1042513064034025,0.95745442517809,-0.48672296363494705,0.2555114557012829,0.28067792777918055,0.2233896404504776,0.46773195266723633,-0.8551747798919678,-0.004462970420718193,-0.03567567840218544,0.02977369725704193,-0.260372132062912,-0.35362714529037476,0.6155926585197449
1724162897.798693,-0.25614308245302086,0.08719984311978582,0.11582911511015449,0.9557041768493585,-0.48860374279541996,0.25884331503183894,0.3060835027802205,0.22601215541362762,0.4693934917449951,-0.8535737991333008,0.009312639012932777,-0.04824474826455116,0.0038375775329768658,-0.07663609087467194,-0.17440445721149445,0.3900424540042877
1724162897.826047,-0.25661404069180443,0.08586847404964479,0.12513234115472893,0.9545248430265115,-0.4874779514257181,0.26118729864471274,0.3260025207913188,0.22814860939979553,0.4683991074562073,-0.8535516858100891,0.0019024631474167109,0.003003943944349885,0.0008416604832746089,-0.11054122447967529,-0.1660306751728058,0.4095999300479889
1724162897.861974,-0.25765448293664983,0.08400948213810829,0.1369489519126316,0.9527861881631106,-0.4869914777357695,0.26405772085421964,0.35147340857523796,0.230657160282135,0.46796926856040955,-0.8531131744384766,0.009376425296068192,0.014361952431499958,-0.014665569178760052,-0.15648731589317322,-0.25584402680397034,0.6504451036453247
1724162897.9169831,-0.2578031592496775,0.08349163171837254,0.14956434397070148,0.950892801909119,-0.4839866045352944,0.26976906707379084,0.3789892757026129,0.23589949309825897,0.46531161665916443,-0.8531333804130554,-0.0009583529899828136,0.009048533625900745,0.004997077398002148,-0.13092516362667084,-0.21193984150886536,0.635391354560852
1724162897.972472,-0.25996667559918707,0.08245692967466893,0.16319105163775652,0.9481491419078346,-0.4848344494668192,0.276127215740376,0.40958173354206284,0.241211399435997,0.46606191992759705,-0.8512363433837891,0.010047804564237595,-0.018610071390867233,-0.02201014757156372,-0.1811644285917282,-0.13392777740955353,0.556634783744812
1724162897.985059,-0.26214754075362934,0.08197921784213279,0.17352108630125979,0.9457527727417445,-0.48635117162346425,0.2820365711586894,0.4333192430200274,0.24604038894176483,0.4674032926559448,-0.8491161465644836,-0.0014766897074878216,-0.01477561704814434,-0.01417831052094698,-0.1652681827545166,-0.07645924389362335,0.42890286445617676
1724162898.028813,-0.26336068104440247,0.0812673516656,0.18162797455624874,0.9439533988834665,-0.48666372689558685,0.28568146394929117,0.45155446577989805,0.24909250438213348,0.46767958998680115,-0.8480735421180725,0.017345106229186058,-0.02466869354248047,-0.03387739136815071,-0.014352459460496902,0.0072798035107553005,0.31919166445732117
1724162898.056287,-0.2623675774928674,0.08266093458226828,0.18728865800202885,0.9430022901031763,-0.482351360448341,0.29100009207394417,0.4641687255822592,0.2541758418083191,0.4638635516166687,-0.8486608266830444,0.004506423603743315,0.007248111069202423,-0.012260373681783676,0.02565731294453144,0.03617803752422333,0.3001103401184082
1724162898.113563,-0.2596740555764869,0.08513367094020469,0.19008893228389423,0.9429675490502175,-0.47502702287375276,0.2958576725623344,0.4699577791700946,0.25927889347076416,0.45736250281333923,-0.8506432771682739,-0.00785589125007391,-0.010499745607376099,0.013307329267263412,0.1886390894651413,0.022767964750528336,0.14953580498695374
1724162898.144548,-0.2547600676162831,0.08875424255131002,0.1917348683499052,0.9436406472468281,-0.46315098255788734,0.3009479560374255,0.4723902067099688,0.2651969790458679,0.4467693567276001,-0.8544399738311768,-0.022508233785629272,0.04897591471672058,0.01998048648238182,0.2174183428287506,0.0654655322432518,0.23576068878173828
1724162898.173708,-0.2514315672123197,0.09108371112570712,0.1960683951040861,0.9434209171301655,-0.45414520615388676,0.30570212202788344,0.4809802534387317,0.27045610547065735,0.4386943280696869,-0.8569718599319458,0.00014350778656080365,0.013046827167272568,0.006365665700286627,0.14755012094974518,0.020375270396471024,0.21469296514987946
1724162898.2696629,-0.24948662531299345,0.092682279937294,0.2001371677708852,0.9429271405618813,-0.44825887252701063,0.3096837730680219,0.489429149355612,0.27464836835861206,0.4333970844745636,-0.8583328127861023,-0.014678909443318844,0.019445622339844704,0.007967363111674786,0.03522656112909317,-0.035376451909542084,0.25059154629707336
1724162898.28257,-0.2500264805428375,0.09293277534824493,0.2049982292998903,0.9417143711357608,-0.447601930766301,0.3129549360716025,0.5004736833310934,0.27754223346710205,0.43280497193336487,-0.857700526714325,0.00993761420249939,-0.018606437370181084,0.0031538652256131172,-0.13490213453769684,-0.029534796252846718,0.219981849193573
1724162898.303462,-0.2535333807911177,0.09267468342502963,0.20849188062350227,0.9400336411252724,-0.45339048000249704,0.31668415130911814,0.5101474781122125,0.2799539268016815,0.43801599740982056,-0.8542644381523132,-0.00011485576396808028,-0.04656819626688957,0.013498025946319103,-0.1535506695508957,0.0060685789212584496,0.019488655030727386
1724162898.332253,-0.25558441450947755,0.09115949112839783,0.20650504549844004,0.9400649558981911,-0.45881069438795247,0.3140328712161033,0.5063797298386465,0.2769506275653839,0.44288212060928345,-0.8527331352233887,0.012739661149680614,-0.025341907516121864,-0.014266126789152622,0.009257206693291664,0.10202844440937042,-0.221906840801239
1724162898.390818,-0.25391860545397393,0.08989810155817386,0.20363159402543599,0.9412639001635401,-0.45715455640889613,0.3087300745628469,0.49847855282104125,0.27264735102653503,0.44139665365219116,-0.8548873662948608,-0.002827622927725315,0.012584559619426727,0.004533601924777031,0.08069843798875809,-0.13894696533679962,-0.06041549891233444
1724162898.42171,-0.2514620772021226,0.08932285148127296,0.20446890718056557,0.941796468782632,-0.45239927578895645,0.3061615443079671,0.49856011989799787,0.27108022570610046,0.43712472915649414,-0.8575764894485474,0.017808698117733,0.014501266181468964,-0.04555370658636093,0.12724973261356354,0.0957074910402298,0.11408681422472
1724162898.46578,-0.2507558539897749,0.08731711044398865,0.20880404351369022,0.9412215310940348,-0.4506706112191307,0.30357557682017117,0.5067151020121181,0.26908713579177856,0.43556931614875793,-0.8589944243431091,0.0071180835366249084,0.02822166495025158,-0.017102953046560287,-0.09228112548589706,-0.16899733245372772,0.24747541546821594
1724162898.496952,-0.2526311339037835,0.08519070366712095,0.21555018897527622,0.9393924266911808,-0.4532768273942171,0.30382908211325776,0.5216829917738248,0.26896438002586365,0.43791383504867554,-0.8578401207923889,0.004550350829958916,0.0006750279571861029,-0.007029262371361256,-0.20243646204471588,-0.15857452154159546,0.33916032314300537
1724162898.5774798,-0.2543526850232094,0.08329598017146919,0.22210861242168928,0.9375682276354258,-0.455536851273079,0.30442614741117063,0.5363041120353645,0.26917916536331177,0.4399445056915283,-0.856732964515686,0.005658404435962439,-0.04850107058882713,0.018677759915590286,-0.04489009082317352,-0.16883008182048798,0.27572765946388245
1724162898.590221,-0.2512811082502811,0.08289864039477111,0.22534979105037015,0.937658228595738,-0.448782830132559,0.3028556956268456,0.5413460788893909,0.26871347427368164,0.43386924266815186,-0.8599712252616882,0.034135423600673676,-0.058692578226327896,-0.009316637180745602,0.25313547253608704,-0.051068827509880066,0.07918639481067657
1724162898.616898,-0.2455141632019591,0.08534925547551377,0.2253627006988245,0.9389620788648803,-0.4362988135677806,0.3035851623957816,0.5389072372015147,0.2709388732910156,0.42258793115615845,-0.8648766279220581,0.02982448600232601,-0.027393562719225883,-0.02063373476266861,0.3382689356803894,0.08370669931173325,-0.009597158059477806
1724162898.696073,-0.23943146928489675,0.08878324053746436,0.22446458011015366,0.9404283983346061,-0.42297920732889827,0.3057450697892919,0.5347348223030546,0.2744763195514679,0.41047894954681396,-0.8695802092552185,0.00864169280976057,0.004411595873534679,-0.011483890004456043,0.2729920744895935,0.06907130032777786,0.002094990573823452
1724162898.701524,-0.23537916600315467,0.09119593567244325,0.2244305137194255,0.9412283619676202,-0.4138713112971823,0.30773246601177734,0.5332442763230237,0.277324914932251,0.402156800031662,-0.8725599050521851,-0.0034337309189140797,0.006246902514249086,-0.004336347803473473,0.15521851181983948,0.01804364286363125,0.042516838759183884
1724162898.749741,-0.2337717500848524,0.09166216692254198,0.2256789079673455,0.9412851480938267,-0.41011993208679925,0.3080702812636083,0.5351914297155455,0.2780751585960388,0.39871934056282043,-0.8738976120948792,-0.004594278521835804,0.005898055620491505,0.0017981507116928697,0.0017322461353614926,-0.05456610023975372,0.0911230593919754
1724162898.7807221,-0.23438866485615023,0.09067323077148719,0.22763629695237214,0.9407560627263585,-0.4112158102815425,0.3073502511879062,0.5394031996491897,0.2773135006427765,0.3997240960597992,-0.8736806511878967,0.0037936759181320667,-0.004903705790638924,-0.0012712234165519476,-0.09070708602666855,-0.07174835354089737,0.0735907107591629
1724162898.8096352,-0.23610113474439318,0.08913372015931353,0.22883971485478588,0.9401828456040968,-0.4149692640418688,0.30598047436837533,0.5424107855044394,0.2756626009941101,0.40316182374954224,-0.8726228475570679,0.008527353405952454,-0.018131950870156288,0.000115753966383636,-0.10051987320184708,-0.05673239752650261,0.0013871436240151525
1724162898.869477,-0.23768387364314683,0.08747372387905653,0.22917572440209028,0.9398580381136273,-0.4188219328560283,0.30388713872371204,0.5434096110308707,0.2733685076236725,0.4066845178604126,-0.8717094659805298,0.012009037658572197,-0.014915247447788715,-0.007903911173343658,-0.07631700485944748,-0.03273255378007889,-0.03246724605560303
1724162898.9139462,-0.23864150555224767,0.08609454366167965,0.22896367013488894,0.9397944063434939,-0.4214925822436171,0.30166005696265963,0.5429548945296061,0.27110278606414795,0.40912288427352905,-0.8712759017944336,0.005505153443664312,-0.0025557121261954308,-0.006721428129822016,-0.066856749355793,-0.04755345359444618,-0.01908346824347973
1724162898.943275,-0.239330738083443,0.08498994909985842,0.22947338129169922,0.9395952933516198,-0.4232679595520376,0.3001278834628998,0.5440218795085033,0.2695523798465729,0.41074222326278687,-0.870995044708252,-0.0014909321907907724,0.006325393449515104,-0.0033424950670450926,-0.06637255847454071,-0.0739782378077507,0.02427816204726696
1724162898.972193,-0.2402917717663498,0.08396918899875623,0.23062034924253288,0.9391608954482649,-0.42532326123053066,0.29926757384235814,0.5466744251535689,0.2685534954071045,0.41261526942253113,-0.8704180717468262,-0.0013035384472459555,0.010628973133862019,-0.002129548927769065,-0.09437932074069977,-0.05593667924404144,0.05265246704220772
1724162899.0208778,-0.24197844168413182,0.08240132124695979,0.2319366947725888,0.9385423583535589,-0.4290314788210971,0.2979111134334416,0.5499070276346215,0.26692160964012146,0.41599026322364807,-0.8693129420280457,-0.007209014147520065,0.012596777640283108,-0.0003365724696777761,-0.1312011331319809,-0.07856212556362152,0.02854274772107601
1724162899.05205,-0.24471805347383183,0.08029097458969511,0.2332415947747007,0.9376911751170633,-0.43508284365549965,0.2962449924628576,0.5535264451378253,0.26473313570022583,0.4214855432510376,-0.8673328757286072,-0.010062688030302525,0.00917594414204359,0.003592852270230651,-0.18584956228733063,-0.09528052061796188,0.034975964576005936
1724162899.1072521,-0.24763793883982235,0.07809236774555593,0.23412435717627905,0.9368898798637504,-0.4416727665315082,0.29435751807373356,0.5562994974519305,0.2622840404510498,0.42745232582092285,-0.8651540875434875,0.003661418566480279,-0.0070389388129115105,-0.004682344384491444,-0.1491740196943283,-0.04485579580068588,-0.008074815385043621
1724162899.171935,-0.24979275936352674,0.07668793286890185,0.23411343629688058,0.936436573318418,-0.44662361030025843,0.293106001784255,0.5569857518359995,0.2605864405632019,0.4319228231906891,-0.8634451031684875,0.003510810434818268,-0.008450179360806942,-0.00043818692211061716,-0.08071623742580414,-0.007971689105033875,-0.031580522656440735
1724162899.183813,-0.25100836137391686,0.07602384556510998,0.23425982616703764,0.9361290228035873,-0.44929849434554897,0.2927429325534142,0.5577648902233934,0.2599385976791382,0.43433377146720886,-0.8624303340911865,-0.0003451440716162324,0.003750602947548032,0.0032572040800005198,-0.07971737533807755,-0.011265023611485958,0.005109913181513548
1724162899.2423391,-0.2521231459583167,0.07551225756682126,0.2350960507270099,0.9356610189269349,-0.4514806815408056,0.29296301293846655,0.5600718485475022,0.2598540484905243,0.43629834055900574,-0.8614636659622192,0.0006612030556425452,0.006335840094834566,-0.003712056204676628,-0.07810172438621521,-0.023503920063376427,0.04513939470052719
1724162899.2577338,-0.2530165862053829,0.07498416122970945,0.2363001142177175,0.9351589007706254,-0.45313233044079515,0.29316551404773394,0.563050880759507,0.259819895029068,0.4377838969230652,-0.8607199788093567,0.0018840704578906298,0.0015577737940475345,-0.0018868916667997837,-0.05085147172212601,-0.038443561643362045,0.06405845284461975
1724162899.2860289,-0.2534863502342308,0.07447307493528593,0.23766544126430145,0.9347264257512495,-0.45390830808918653,0.29315637224524915,0.5661339322461314,0.2597137689590454,0.4384814500808716,-0.8603968620300293,0.0015644612722098827,-0.0027108765207231045,0.003872872097417712,-0.020031288266181946,-0.04579850658774376,0.05237019062042236
1724162899.354539,-0.2536967594739964,0.07393394037103188,0.23926038265322605,0.934305128980838,-0.45413086902252114,0.2930021316299939,0.5695528562982046,0.25955286622047424,0.4386814534664154,-0.8603434562683105,0.013562764972448349,-0.004513069987297058,-0.008883966132998466,-0.02817615494132042,-0.0023300093598663807,0.06293978542089462
1724162899.383418,-0.25404456427206795,0.07409863755037623,0.24021936189689772,0.9339514779811144,-0.4544083020408048,0.2940999097971154,0.571963654198662,0.2604618966579437,0.4389307498931885,-0.8599414825439453,0.007734409999102354,-0.002578378189355135,-0.0014816932380199432,-0.031231589615345,0.004536097869277,0.04534059017896652
1724162899.4134579,-0.2549047061451373,0.07407562993217164,0.24112425857214786,0.9334856144816247,-0.4557956653625793,0.2951931770914649,0.5744974232261854,0.2612244784832001,0.44017690420150757,-0.8590728044509888,0.006801550276577473,-0.0037192616146057844,-0.004365886561572552,-0.04384318366646767,0.007295895833522081,0.03906963765621185
1724162899.472032,-0.2557895431548961,0.07423123290476398,0.24150184127404095,0.9331335296257274,-0.45728940057785256,0.29641618537176334,0.575963065447614,0.262082576751709,0.4415176510810852,-0.8581228852272034,0.012919954024255276,-0.009402740746736526,-0.0024433578364551067,-0.05014500021934509,0.022542322054505348,0.007963207550346851
1724162899.500918,-0.25682903537980345,0.0742675497660166,0.24130915968869932,0.9328949441789501,-0.4593283098156408,0.2972316010027912,0.5762152298993167,0.2625180184841156,0.44334614276885986,-0.857046365737915,0.006555469706654549,-0.004373395349830389,0.0019242537673562765,-0.05181985720992088,0.014406015165150166,-0.022664807736873627
1724162899.531938,-0.2576998984943671,0.07400158966303771,0.24080109608298308,0.9328072131633836,-0.4613186725764171,0.2971243674929328,0.5755279722027848,0.2621672451496124,0.4451293349266052,-0.8562290668487549,0.006728062871843576,-0.005163615103811026,0.005487566813826561,-0.05312814563512802,-0.02587716281414032,-0.057228006422519684
1724162899.586988,-0.2584479331563777,0.07290138759103966,0.2398401888908068,0.9329344597583545,-0.46370016304597145,0.2949509719636006,0.5733820160920423,0.25999683141708374,0.44726061820983887,-0.8557801246643066,0.006595805287361145,-0.0072988485917449,0.002076445845887065,-0.04237525165081024,-0.04689464345574379,-0.08810292184352875
1724162899.6198359,-0.25943114724863336,0.07140494867554041,0.23814232701449026,0.9332121454778054,-0.4669887641681611,0.2917538379374003,0.5695629764111386,0.2568349838256836,0.45019954442977905,-0.8551936149597168,0.008916941471397877,-0.004430991131812334,0.00019127922132611275,-0.0754065066576004,-0.04892167076468468,-0.13084499537944794
1724162899.649755,-0.26074801288909405,0.06979734855652699,0.23527628214043345,0.9336935945640968,-0.4713328140501929,0.28796400716718407,0.5632930404448738,0.2530342936515808,0.4540742039680481,-0.8542776107788086,0.011531677097082138,-0.011129714548587799,0.0023260025773197412,-0.06134006381034851,-0.03021121583878994,-0.21355606615543365
1724162899.688315,-0.26158914473634176,0.0678734100864726,0.23080767601828925,0.934714974260955,-0.4753966771466929,0.28225617467725295,0.5529864171461419,0.24763813614845276,0.4576911926269531,-0.8539286255836487,0.01439963560551405,-0.026639726012945175,-0.0020554065704345703,0.022321701049804688,-0.02011563815176487,-0.3299180269241333
1724162899.782907,-0.26028546551628917,0.06668305002764306,0.22416464314251533,0.9367790331967855,-0.4754785538576815,0.2752371467953663,0.5368477432147383,0.24162815511226654,0.45776399970054626,-0.8556097149848938,0.07581474632024765,-0.09876499325037003,-0.03868904337286949,0.1991223245859146,0.08846430480480194,-0.4326978027820587
1724162899.79445,-0.2557677288118185,0.07089138827188002,0.20390318326897644,0.9423272634148283,-0.47026647331260724,0.2701541041657548,0.49128734912937344,0.2379094660282135,0.45312386751174927,-0.8591145873069763,0.06786642223596573,-0.13835006952285767,-0.02674225904047489,0.536334753036499,0.5480015873908997,-1.4390801191329956
1724162899.807966,-0.24952395470653663,0.07621219369619031,0.16575103558824691,0.9510289011694915,-0.4660314386505743,0.25769868856581357,0.4065857045075473,0.22767768800258636,0.4493444859981537,-0.8638589978218079,-0.029977761209011078,-0.09848123788833618,0.013602142222225666,0.7197319269180298,0.6697312593460083,-2.143051862716675
1724162899.868469,-0.24091408177407855,0.07676711832168295,0.12068736002273095,0.9599488192637253,-0.46005873405059045,0.2314464289220573,0.30456163991782115,0.20553556084632874,0.4440007507801056,-0.8721344470977783,-0.05539282038807869,0.036663759499788284,0.01134904008358717,0.657806396484375,0.40212512016296387,-2.1448004245758057
1724162899.9119081,-0.2337166847051221,0.07529391336930198,0.08078998716310226,0.9660125542200743,-0.454908937982645,0.20541966615955243,0.2145817917517455,0.18323364853858948,0.4393805265426636,-0.8794146776199341,-0.047440383583307266,0.09662585705518723,0.002582794288173318,0.47904539108276367,0.3374410569667816,-1.711562156677246
1724162899.94106,-0.22778950826888542,0.0739799258937237,0.051412910641878105,0.9695336970884886,-0.4490302948841726,0.18631363373696694,0.1486223192447794,0.1668746918439865,0.4340921640396118,-0.8852778077125549,-0.07192512601613998,0.11495866626501083,0.02308962494134903,0.3863520324230194,0.1346312314271927,-1.111325979232788
1724162899.9718199,-0.2232267590426821,0.07236089824075403,0.03604677407473931,0.9714084084116889,-0.4428009416141291,0.17428174326191276,0.11350512384120269,0.15667717158794403,0.42847195267677307,-0.8898674249649048,-0.039844855666160583,0.1254023164510727,-0.003982409834861755,0.2023758888244629,0.07278872281312943,-0.4090327024459839
1724162900.005252,-0.22100556676797603,0.07275686838846487,0.03171039312155492,0.9720377026434428,-0.43900297003226946,0.17260268408448912,0.10382012380571447,0.1554611772298813,0.4250372052192688,-0.8917259573936462,-0.02736659348011017,0.07028783112764359,-0.007709648925811052,0.06776031851768494,0.05168056860566139,-0.0271491389721632
1724162900.070782,-0.22039981586523527,0.07417807795304038,0.033133604142219976,0.9720203309143582,-0.4373613143381692,0.17622286457146405,0.10740774505338124,0.15881046652793884,0.42355063557624817,-0.8918430805206299,0.009758313186466694,0.011333526112139225,-0.02284950017929077,0.011938240379095078,0.11229143291711807,0.15011347830295563
1724162900.099652,-0.2197506257865876,0.07765685158976941,0.034604571014740036,0.9718443389609206,-0.43537697553709703,0.18428546139797541,0.11205696945079423,0.16614948213100433,0.4217522442340851,-0.8913581371307373,0.010818805545568466,-0.029792020097374916,-0.01783633977174759,0.05273507162928581,0.19198431074619293,0.054473619908094406
1724162900.174858,-0.21878396505669737,0.08182795181546114,0.032761901890160636,0.9717840932325227,-0.43329092256198093,0.19220805063485996,0.10983007336710976,0.173373743891716,0.4198598861694336,-0.890875518321991,0.024818159639835358,-0.05484949052333832,-0.014436366967856884,0.1417393535375595,0.31980571150779724,-0.1564761996269226
1724162900.1874352,-0.21460407220666025,0.08697970599640155,0.025404771086525463,0.9724886210574736,-0.42572440824278374,0.19903818935868275,0.09539035424221574,0.1800774782896042,0.4129806458950043,-0.8927592635154724,0.012177005410194397,-0.06010712683200836,-0.0056227510794997215,0.33802545070648193,0.3667738437652588,-0.4210633933544159
1724162900.20926,-0.2077765153734545,0.0929648787786929,0.013307725560755317,0.973657678333248,-0.41384433879887633,0.20520040949788834,0.07055597913614223,0.18656198680400848,0.4021320939064026,-0.89637291431427,-0.0038085184060037136,-0.0023602573201060295,-0.006762240082025528,0.38233301043510437,0.43367624282836914,-0.5379090905189514
1724162900.244512,-0.20100028818763818,0.09871907629923962,0.0010260867777106726,0.974603660050191,-0.40235748365960133,0.2111380792357248,0.045318577872033056,0.19283641874790192,0.39158865809440613,-0.8997068405151367,-0.023037778213620186,0.016410337761044502,0.008234384469687939,0.360119491815567,0.35365504026412964,-0.47857022285461426
1724162900.2994452,-0.19485463049842,0.1034733777216993,-0.00949914630512162,0.9753125664528433,-0.39201805497694675,0.2160777982639295,0.023586559125403972,0.1981358528137207,0.3820541501045227,-0.9026498794555664,-0.023151127621531487,0.03974592313170433,0.0056534335017204285,0.3253467082977295,0.3214254081249237,-0.36199095845222473
1724162900.331013,-0.19082630844118387,0.10699658157523019,-0.016356606151933944,0.9756379626939903,-0.385319234328216,0.22034127228684744,0.009625141176072775,0.20253729820251465,0.3758549988269806,-0.9042741060256958,-0.027080610394477844,0.04833218455314636,0.008818447589874268,0.17668499052524567,0.19461612403392792,-0.178437739610672
1724162900.3788528,-0.18923839691890526,0.1087253914732427,-0.019401621353945193,0.9757003446272431,-0.38277796844734713,0.22263783756856986,0.003546354577372377,0.20482373237609863,0.3734988272190094,-0.904735267162323,-0.014612522907555103,0.03252556174993515,0.008723733015358448,0.0674232617020607,0.08967471867799759,-0.048682358115911484
1724162900.4094791,-0.18947079403481967,0.10956915341682376,-0.01992980322643054,0.9755501520081741,-0.38336563312788546,0.2242444378611575,0.0028415313707913794,0.20622816681861877,0.37404391169548035,-0.9041908383369446,-0.009856902062892914,0.014925694093108177,0.007534350268542767,-0.021322108805179596,0.0434756763279438,0.02673237770795822
1724162900.467218,-0.19184901271601149,0.10977921889206271,-0.019247459088079406,0.9750753127095702,-0.38802438935493183,0.225200081727443,0.004955007351309789,0.20670078694820404,0.37836042046546936,-0.9022849798202515,0.024536285549402237,-0.01251683384180069,-0.02778392843902111,-0.12811213731765747,0.1082758903503418,-0.015281171537935734
1724162900.491579,-0.19439649300445994,0.11104762187759035,-0.021787722281218523,0.9743734873159686,-0.39376557633742454,0.22711180841528672,0.0007750961189895008,0.20793280005455017,0.38366854190826416,-0.8997568488121033,0.009412177838385105,-0.030795002356171608,-0.005411699414253235,-0.08065468072891235,0.11748845130205154,-0.23928123712539673
1724162900.5456882,-0.1970621989788254,0.11186080327901707,-0.028665560309055736,0.9735665517678616,-0.40076130343831506,0.2262053445197631,-0.012738230030914262,0.20651006698608398,0.39011943340301514,-0.8973073363304138,-0.010866882279515266,0.013817924074828625,-0.0009591394918970764,-0.16298004984855652,0.07973779737949371,-0.4668746888637543
1724162900.585676,-0.20437242795639868,0.11020741877492934,-0.038179707221734235,0.9719199987343842,-0.41772560338384407,0.21905266545258334,-0.03191797968563724,0.19861982762813568,0.40568268299102783,-0.8921724557876587,-0.06252329051494598,0.11479087918996811,-0.02022487483918667,-0.6089825630187988,-0.09467635303735733,-0.46789297461509705
1724162900.614554,-0.21873752204265035,0.10628931560050478,-0.04274657749288179,0.9690351713688647,-0.4478357377295288,0.20931117412042038,-0.040334322185572466,0.187295600771904,0.43301570415496826,-0.8817129731178284,-0.0019353062380105257,0.005800080485641956,-0.044653549790382385,-0.6542292833328247,-0.1118682324886322,-0.2725331783294678
1724162900.669461,-0.22809513342069976,0.11055292390398572,-0.045306429115631666,0.9662804031922329,-0.46768963618508824,0.2179197388089763,-0.04160258133706975,0.19298188388347626,0.4508252441883087,-0.8715013265609741,0.04955084249377251,0.012719604186713696,-0.1007460206747055,-0.3185546398162842,0.5954241752624512,0.024896366521716118
1724162900.69946,-0.23165290509134917,0.12682782634731726,-0.04521244434379282,0.9634352049840026,-0.4755567840684862,0.2540444646226784,-0.03190332201217291,0.22343358397483826,0.45783352851867676,-0.8605032563209534,-0.07677516341209412,0.011714939959347248,0.05127964913845062,-0.19435375928878784,0.6643548011779785,0.2391769140958786
1724162900.728364,-0.232555792596003,0.13801645140324498,-0.043301176045725906,0.9617661683703363,-0.4771857632204113,0.2798301639275716,-0.02150155134873473,0.24533922970294952,0.45928114652633667,-0.85373854637146,-0.013155566528439522,-0.015368115156888962,0.07778778672218323,-0.055300019681453705,0.42876800894737244,0.18554937839508057
1724162900.778609,-0.23159483227812827,0.14528921276447992,-0.04358019091085157,0.96091389121167,-0.47546154402743007,0.295638993668056,-0.018511350593012996,0.2590349614620209,0.4577488601207733,-0.850509762763977,0.02162725105881691,-0.026939520612359047,0.0529288686811924,0.05552191287279129,0.3322908878326416,0.04370245337486267
1724162900.813458,-0.23075983322956845,0.1523702750361104,-0.0450078249227907,0.9599517974942817,-0.47434104351402,0.31045559111190724,-0.018086549099773284,0.27176424860954285,0.45675235986709595,-0.8470664024353027,0.027680134400725365,-0.006334297358989716,0.008762942627072334,-0.005969418212771416,0.4459880590438843,0.03977852314710617
1724162900.8456578,-0.23214799570480846,0.15808573989896674,-0.04628406399868793,0.9586312455594294,-0.47768252136501765,0.32266735392397833,-0.01727455470888173,0.2816023528575897,0.4597223401069641,-0.8422324061393738,-0.0006131672416813672,0.007468093186616898,0.012123704887926579,-0.17522229254245758,0.1895468533039093,-0.04475671052932739
1724162900.9117541,-0.2374165249560545,0.15865562284571838,-0.045521421597775294,0.9572823614080221,-0.4881511258263167,0.32515221486161905,-0.013382141919673771,0.28214138746261597,0.46899378299713135,-0.8369235992431641,-0.014058475382626057,0.009022597223520279,0.026769159361720085,-0.337932825088501,-0.16540981829166412,0.05569479241967201
1724162900.924053,-0.24393181073797188,0.15481798712056022,-0.039324136085479605,0.9565469682995532,-0.4993336274290554,0.32100574594131603,0.0003409237324903127,0.27699652314186096,0.4788406491279602,-0.8330573439598083,0.04003016650676727,-0.04754732549190521,-0.015962541103363037,-0.3016495704650879,-0.249114990234375,0.2543014585971832
1724162900.971044,-0.24747803059540116,0.14987848765750705,-0.033301072723665184,0.9566514436779167,-0.5046289337687101,0.313896384155145,0.011959136280014396,0.2702803611755371,0.4834826588630676,-0.8325821161270142,0.012221531942486763,-0.038315240293741226,0.018477637320756912,-0.17887847125530243,-0.40940040349960327,0.21120329201221466
1724162900.999658,-0.24962045103017624,0.14333135050167975,-0.02773988186693303,0.9572754620135822,-0.507350334201928,0.3027212694102371,0.02110765250371796,0.2605662941932678,0.48586305975914,-0.8342915177345276,0.029721397906541824,-0.03902551531791687,-0.006079546641558409,-0.11381421238183975,-0.375705361366272,0.1523619443178177
1724162901.07319,-0.24982922917334993,0.13762552336928902,-0.022886000629814517,0.9581861933690611,-0.5064377612878641,0.2926833536953332,0.028486739712438112,0.2523065507411957,0.4850652515888214,-0.8372891545295715,0.025971049442887306,-0.06905987113714218,-0.01844649203121662,0.03466928005218506,-0.3363693356513977,0.1046481728553772
1724162901.1021261,-0.24786921600187573,0.13283158358562153,-0.020049170815366304,0.959434488762454,-0.5017435010704843,0.28315089119007475,0.031231920407901764,0.24494725465774536,0.4809548854827881,-0.841833233833313,0.01666555181145668,-0.030280541628599167,-0.02251005917787552,0.06756949424743652,-0.2817648947238922,0.05521333962678909
1724162901.178755,-0.24722042345910517,0.1288262763516351,-0.018089854486399316,0.9601866964586077,-0.4999896100997465,0.2751704809956943,0.033002925057470725,0.23845018446445465,0.4794164299964905,-0.8445717096328735,0.01947179064154625,-0.012298667803406715,-0.015981853008270264,-0.08184456080198288,-0.21730968356132507,0.017864180728793144
1724162901.19165,-0.24824795743655012,0.1261964099717606,-0.017119211403948516,0.9602886177098889,-0.5019091970154301,0.2700426705253121,0.0339730019067698,0.23387032747268677,0.4811001420021057,-0.8448948264122009,0.029255162924528122,-0.030838878825306892,-0.024046581238508224,-0.06433051079511642,-0.07164114713668823,-0.05666407570242882
1724162901.223064,-0.24894996035691147,0.12555132850203876,-0.019161598003382067,0.9601528447058709,-0.5039309438985133,0.267609706257665,0.02937059231011824,0.23155637085437775,0.48287156224250793,-0.8445215821266174,-0.002383456565439701,0.002259056083858013,-0.006074496544897556,-0.07592739909887314,-0.02104889787733555,-0.1588960736989975
1724162901.269431,-0.2511809683277437,0.12406574616911334,-0.021678774764201318,0.9597112891713768,-0.5092260138798066,0.26329770311313866,0.023727635836403416,0.22724398970603943,0.4875016212463379,-0.843031644821167,-0.014653374440968037,0.011426370590925217,0.010469922795891762,-0.1401331126689911,-0.0942632183432579,-0.1581054925918579
1724162901.300936,-0.2528935119839476,0.12171704754675561,-0.023829661091466843,0.9595112879445207,-0.5133627591899886,0.2571295637826935,0.018177195451983878,0.22152502834796906,0.49110931158065796,-0.8424596786499023,-0.011168099008500576,0.010995443910360336,0.007529175840318203,-0.03561113029718399,-0.08404137194156647,-0.12717902660369873
1724162901.3295,-0.25335004823103935,0.11932281174820364,-0.02495308294690833,0.9596629997624807,-0.5146339881339206,0.2512062374174301,0.01443837674548575,0.21637563407421112,0.4922162890434265,-0.8431516289710999,0.004558051470667124,0.01740441285073757,0.001230193767696619,0.025214724242687225,-0.059294603765010834,-0.05612215772271156
1724162901.3584719,-0.2528482040869456,0.11882041131569962,-0.025673618800059504,0.9598386550733076,-0.5137976079397456,0.24958946595028425,0.01240379323334915,0.2151137888431549,0.4914880692958832,-0.8438990116119385,-0.006246553268283606,0.023925261572003365,-0.0021531132515519857,0.01644604094326496,0.009095365181565285,-0.017514126375317574
1724162901.414516,-0.25363469930342836,0.11877209469507144,-0.026830408418140883,0.9596055465561083,-0.5157091993112114,0.24894554647021486,0.010065461035606358,0.21433846652507782,0.4931519329547882,-0.8431252837181091,-5.1069422625005245e-05,0.016038507223129272,-0.005005118902772665,-0.060898307710886,0.02185816876590252,-0.06500017642974854
1724162901.4433951,-0.25504591229929285,0.11950840655002665,-0.028824892613039894,0.9590820373049823,-0.5191122553513899,0.24967009204591112,0.00652964372146014,0.21453338861465454,0.4961095452308655,-0.8413386344909668,0.014143296517431736,0.007673677522689104,-0.012900406494736671,-0.028114518150687218,0.127470463514328,-0.12399327009916306
1724162901.504809,-0.2566525258668619,0.1213789228464225,-0.0315587747086168,0.9583321697744863,-0.5231114267370742,0.25253258413174967,0.0020973134376022252,0.21644337475299835,0.4995778799057007,-0.8387932777404785,0.0006653532036580145,0.02888302132487297,0.009852311573922634,-0.10592938959598541,0.1213795468211174,-0.10765786468982697
1724162901.579036,-0.2593749358876192,0.12217259815358557,-0.033274964755791905,0.957439894091138,-0.5291530436975088,0.2537281417417699,-0.00039449035626039705,0.21668444573879242,0.504802405834198,-0.8355969786643982,0.0014695476274937391,0.024241041392087936,0.014404303394258022,-0.14516915380954742,0.03542022779583931,-0.07022213935852051
1724162901.590956,-0.2616567532990617,0.12180837833865867,-0.03386070588216721,0.9568446783375959,-0.5339979823081389,0.2529068802863749,-0.0012255213842945032,0.2153836190700531,0.5089787840843201,-0.8333969116210938,-0.019218526780605316,0.005657541565597057,0.01984955184161663,-0.052116040140390396,-0.09615063667297363,-0.017192784696817398
1724162901.624774,-0.2623215074072947,0.11919026778089681,-0.03316503171702252,0.957016776411952,-0.5351825405327881,0.24750933688868829,-0.0011005221765447582,0.21073436737060547,0.509998083114624,-0.8339622020721436,-0.008101538754999638,0.008530441671609879,-0.003068573772907257,0.030214734375476837,-0.15280745923519135,0.03744632750749588
1724162901.6908278,-0.2607960669052757,0.11732140356895666,-0.03173463570882085,0.9577128924473568,-0.5316796196592182,0.2439177051641756,0.000474016516083604,0.2081678956747055,0.5069818496704102,-0.836442232131958,0.00617704913020134,-0.011503087356686592,-0.015964386984705925,0.14494134485721588,-0.04113868251442909,0.04808933287858963
1724162901.702904,-0.2580995280831121,0.11723186230991571,-0.0312126766669131,0.9584711999903941,-0.5260024182551579,0.24362591589749027,0.0007886873350556155,0.2086147665977478,0.5020802021026611,-0.8392826318740845,0.004575885832309723,-0.00734422542154789,-0.0045267026871442795,0.14268758893013,0.014952532947063446,0.03655027598142624
1724162901.724376,-0.25576384545246883,0.11824069842725571,-0.031663628963850554,0.9589584254121053,-0.5213158742332803,0.24528856725284665,-0.000282317937091329,0.21057899296283722,0.49802166223526,-0.8412079811096191,0.007433151826262474,-0.007571021560579538,-0.003377208486199379,0.10844626277685165,0.10068909823894501,-0.0107575673609972
1724162901.769611,-0.2535321605914009,0.11959077315023603,-0.033389114127550815,0.9593250622596216,-0.5171738520953091,0.24700180721330572,-0.003936659051523676,0.21252241730690002,0.49442559480667114,-0.8428390026092529,-0.008417556062340736,0.0006141610210761428,0.00777010852470994,0.11025962978601456,0.05793910473585129,-0.06850051879882812
1724162901.812446,-0.2512613626526247,0.12016778319995448,-0.03520750924793528,0.9597852694899963,-0.5129796234820748,0.24694308368963724,-0.008259443069038058,0.21297796070575714,0.49077552556991577,-0.8448548913002014,-0.010382339358329773,0.002737130969762802,-0.0010312148369848728,0.15236181020736694,0.04244793578982353,-0.07665155827999115
1724162901.875578,-0.24880075549958125,0.120304469588168,-0.03694168053788575,0.9603437877153748,-0.5083734262552343,0.24594771433208795,-0.012695551476235791,0.21268506348133087,0.4867570400238037,-0.8472500443458557,-0.00976502150297165,0.017816217616200447,0.0004094485775567591,0.11699432134628296,0.0192854180932045,-0.061340562999248505
1724162901.887123,-0.2468334485793107,0.12042850915137286,-0.038332969469159185,0.9607813138910167,-0.5046929495503306,0.24520264787453144,-0.016232016536285906,0.21248719096183777,0.4835387170314789,-0.849140465259552,-0.013797677122056484,0.01043020375072956,-0.0026390107814222574,0.12128438800573349,0.042577482759952545,-0.04086003452539444
1724162901.930659,-0.24474991855148817,0.12039091981006486,-0.03936340293203935,0.9612772812397773,-0.500681004600847,0.24430184149547787,-0.019091319064824898,0.212189719080925,0.4800230860710144,-0.8512070178985596,-0.015035346150398254,0.010114469565451145,-0.0021138081792742014,0.12765969336032867,0.0287754088640213,-0.019607063382864
1724162901.959645,-0.24286160472645954,0.12040811639237138,-0.039990539764517025,0.9617279800996693,-0.4969696649887402,0.2437815480855988,-0.02097351528252759,0.2121753692626953,0.4767639935016632,-0.8530402779579163,-0.01568174734711647,0.008872429840266705,-0.0007521194638684392,0.10093041509389877,0.02018260397017002,0.010292616672813892
1724162902.0281491,-0.24092720246782084,0.12077785095847118,-0.04064087413762025,0.9621408375616755,-0.49317944742056985,0.24403611729797514,-0.022715874735122616,0.21282760798931122,0.4734288454055786,-0.8547335863113403,-0.008248596452176571,0.0013014081632718444,-0.004129327833652496,0.11723753064870834,0.05846264213323593,-0.0226888507604599
1724162902.057335,-0.23904056103053473,0.12223629362883123,-0.042556824843264306,0.9623443829653663,-0.4898376774954373,0.24603659267697625,-0.026600522326774633,0.21492120623588562,0.4704826772212982,-0.8558357954025269,0.004575843922793865,-0.00951438769698143,-0.014910533092916012,0.1080436035990715,0.16063162684440613,-0.09914690256118774
1724162902.0883,-0.2365007407115675,0.12606735968446073,-0.0478826502085956,0.9622274405157477,-0.486130157355191,0.2514253166399749,-0.03678717394014182,0.21996237337589264,0.4672078788280487,-0.8563488721847534,0.04409537464380264,-0.06415648013353348,-0.04178900271654129,0.23749370872974396,0.4424322247505188,-0.34374716877937317
1724162902.117161,-0.2294094528053029,0.13372422791229246,-0.06286128999256178,0.9620485959441158,-0.4759895681606652,0.2599453549362373,-0.06709958057949789,0.22845645248889923,0.4582182466983795,-0.858978271484375,0.00845266692340374,-0.07630624622106552,-0.02776935137808323,0.5528926849365234,0.6522747278213501,-0.7926285862922668
1724162902.170625,-0.21909379199604717,0.1416406274081521,-0.08481464590175247,0.9616351620696753,-0.46162430995719883,0.2658718048393202,-0.11311149757632447,0.23524849116802216,0.44540297985076904,-0.863871693611145,-0.023574508726596832,-0.00885998085141182,-0.013669555075466633,0.6258676052093506,0.6791064143180847,-0.9604299068450928
1724162902.202507,-0.20943482047239942,0.14873674645723917,-0.10702479428779864,0.9604998654251092,-0.4491070128981322,0.2707058535303064,-0.1597457165329925,0.24089381098747253,0.4341612756252289,-0.8680288791656494,-0.046854257583618164,0.027273239567875862,0.00403550686314702,0.5462066531181335,0.5614300966262817,-0.87026047706604
1724162902.246323,-0.201589102206397,0.1536778312567597,-0.12512629108038695,0.9592123299817438,-0.4391737613227971,0.2733853028027379,-0.19804961631910592,0.24437114596366882,0.4251917898654938,-0.871489942073822,-0.040074095129966736,0.05412041023373604,0.010731427930295467,0.3873864412307739,0.42920982837677,-0.6376347541809082
1724162902.278651,-0.1961652406595062,0.15823264124210082,-0.13772334358056265,0.9578694460663318,-0.4327689013245262,0.2779620853984158,-0.22412401385789085,0.24909935891628265,0.41938602924346924,-0.8729632496833801,-0.029633067548274994,0.04773383587598801,0.004259556997567415,0.2597775459289551,0.3754095435142517,-0.42231684923171997
1724162902.357983,-0.1922536630484034,0.16204632356437976,-0.14568461637257843,0.9568465989056351,-0.4280855171603157,0.2830576627421101,-0.24026571963590052,0.2540901303291321,0.4151298403739929,-0.8735590577125549,-0.0274957325309515,0.042650479823350906,0.0062403627671301365,0.19712784886360168,0.2519141435623169,-0.22292493283748627
1724162902.370239,-0.1896236361888734,0.16473818041162705,-0.14955318966478487,0.956314769369621,-0.4245974486769568,0.2874864772206531,-0.2478799050964803,0.2583654820919037,0.41195401549339294,-0.8738084435462952,-0.018740134313702583,0.04992130026221275,0.005822872743010521,0.08474455773830414,0.15377987921237946,-0.04922213405370712
1724162902.413535,-0.18914140358776899,0.16656462199389435,-0.14978049949709069,0.956058304950133,-0.4241614485112262,0.29139640522045523,-0.2476330137909734,0.2618315815925598,0.4115566909313202,-0.872963547706604,-0.01261458732187748,0.03477239981293678,0.007519408594816923,0.009014379233121872,0.08858747035264969,0.09628845006227493
1724162902.470901,-0.18926566764984606,0.1681298706618525,-0.14777383231302152,0.9560719724520116,-0.4242019444515254,0.29566594456884915,-0.2425853800092846,0.26555147767066956,0.41159358620643616,-0.8718217015266418,0.0007163811242207885,0.010674349963665009,0.0044735996052622795,-0.005852790549397469,0.06436087191104889,0.14837495982646942
1724162902.48248,-0.1889450074375037,0.1698515108510006,-0.1456670746327479,0.9561544310994415,-0.4233365642625196,0.3003786072176153,-0.2373542794728885,0.26976242661476135,0.41080474853515625,-0.8709005117416382,0.007010928355157375,-0.001617141766473651,0.004654530435800552,0.028486335650086403,0.08496945351362228,0.1218419298529625
1724162902.532335,-0.18751558609021632,0.17136087901003733,-0.14426005757382468,0.9563797666579471,-0.4203864496271277,0.304452393833421,-0.23398584526110922,0.27367013692855835,0.4081132709980011,-0.8709467053413391,0.000708722451236099,-0.003884873352944851,0.0065979743376374245,0.07862406969070435,0.06538207083940506,0.08295321464538574
1724162902.563262,-0.18605015179376636,0.17201572051108702,-0.14321124254148637,0.9567059901892664,-0.41726295087043935,0.3065135390142318,-0.2317951739048387,0.27584800124168396,0.40525975823402405,-0.8715918660163879,0.0009109168313443661,0.005512506701052189,0.005460553336888552,0.048838160932064056,0.00692542502656579,0.05751514062285423
1724162902.59233,-0.18560815853333507,0.17159073522866233,-0.14192761420756164,0.9570594007853088,-0.41586679089353357,0.30621629847250753,-0.2293520436217101,0.275759220123291,0.4039829969406128,-0.8722124695777893,-0.00040742260171100497,0.011047680862247944,0.005681371781975031,-0.015441033989191055,-0.06773325055837631,0.06815917044878006
1724162902.66324,-0.18684068509018678,0.16994895206028787,-0.13977219201840976,0.9574296320758308,-0.4172871604873252,0.3034780211615616,-0.2251967435229605,0.27319806814193726,0.4052819013595581,-0.8724158406257629,-0.009878844954073429,0.019297316670417786,0.010110709816217422,-0.10537014156579971,-0.16880962252616882,0.10416237264871597
1724162902.692208,-0.19007135293900115,0.16688617204740766,-0.13630080971766023,0.9578329583128803,-0.4220228432174954,0.2980413291424098,-0.218409323708639,0.26788440346717834,0.4096066653728485,-0.872043788433075,0.0011937825474888086,0.009058980271220207,0.004627516493201256,-0.17724378407001495,-0.2220253050327301,0.12795867025852203
1724162902.722254,-0.19395399136516217,0.16346367679051374,-0.13243812028751079,0.9581865942807797,-0.42792727585547585,0.2919691896301441,-0.2108197429489706,0.26188361644744873,0.41498586535453796,-0.8713229298591614,-0.00968075916171074,0.008317681029438972,0.0057927523739635944,-0.1854121834039688,-0.2484292834997177,0.13641592860221863
1724162902.773538,-0.197980674407464,0.15850118224041584,-0.12679448051811548,0.9589598956590472,-0.43334086682553086,0.28341286132019605,-0.20012972182620067,0.2537868320941925,0.4199052155017853,-0.8713620901107788,-0.0378524549305439,0.04170868173241615,0.02847936935722828,-0.20153909921646118,-0.442743182182312,0.3157082796096802
1724162902.8061972,-0.2019320043863043,0.15131209713344565,-0.115164633551358,0.9607627800264057,-0.43660911378725464,0.272897621352011,-0.17769812122053363,0.2442392110824585,0.42286911606788635,-0.8726562261581421,-0.0048909117467701435,0.04530707746744156,0.0011847906280308962,-0.21531984210014343,-0.49239563941955566,0.6056531667709351
1724162902.8620238,-0.204661812146198,0.14576838796837452,-0.0991914462676191,0.9628219650981361,-0.43677974523898844,0.26817551622751395,-0.14546140207937758,0.24009659886360168,0.4230237305164337,-0.8737302422523499,-0.006132729817181826,0.022444162517786026,-0.011854374781250954,-0.1209915429353714,-0.41204550862312317,0.8217719197273254
1724162902.8910232,-0.20497849156587766,0.1419988753149229,-0.08092520363668604,0.9650239247486119,-0.43190417187766167,0.26845931786343463,-0.1080933166739492,0.240888774394989,0.4186008870601654,-0.8756402730941772,-0.0005402796086855233,-0.019452527165412903,-0.016599027439951897,-0.04588579386472702,-0.34827929735183716,0.8119348883628845
1724162902.938842,-0.20380700804070123,0.1377520855029432,-0.06475599098933006,0.9671057688069888,-0.4246988590849892,0.26659723260120133,-0.0759123556169732,0.24004621803760529,0.4120464026927948,-0.8789741396903992,0.012394516728818417,-0.0215913038700819,-0.011008922941982746,-0.04028203710913658,-0.37911152839660645,0.6940242052078247
1724162902.973212,-0.20323304616139093,0.13439290160421546,-0.05112937110882407,0.9685145927881841,-0.41961752655341006,0.26540091868663174,-0.048651195159687105,0.23954060673713684,0.4074111878871918,-0.8812697529792786,0.014972942881286144,-0.009327882900834084,-0.026613516733050346,-0.08611992001533508,-0.22542141377925873,0.6275550723075867
1724162903.010779,-0.2037032151876986,0.13361511200920126,-0.041003187843283016,0.9690050075463583,-0.41778412448113383,0.2682436919714361,-0.027387668910843918,0.2422424554824829,0.40573617815971375,-0.8813040256500244,-0.0010212729685008526,-0.014189526438713074,-0.02183186449110508,-0.12146879732608795,-0.07067157328128815,0.4157536029815674
1724162903.06939,-0.20463948558488074,0.13358486915129136,-0.03413019843591845,0.9690783050306725,-0.417790432694118,0.2713061894497593,-0.012556507938626572,0.2449396252632141,0.40574193000793457,-0.8805555105209351,-0.004293578211218119,-0.015304110944271088,-0.004791782237589359,-0.08016688376665115,-0.07401186227798462,0.22780761122703552
1724162903.0810518,-0.2112066043570925,0.1378519057769553,-0.030048499102495272,0.967205033315178,-0.429971247634244,0.2831701483799533,0.00011479565815437143,0.2539692223072052,0.4168446660041809,-0.8727772235870361,-0.009628156200051308,0.06637042760848999,0.1316070854663849,-0.19025161862373352,0.14602836966514587,0.32582947611808777
1724162903.1359282,-0.2116160617269011,0.13658729991682772,-0.028751893949495264,0.9673343889535203,-0.4304296209241367,0.28106973899238274,0.0024018219872352048,0.2520824670791626,0.4172612726688385,-0.8731251358985901,-0.005666621029376984,0.007747035473585129,-0.025038832798600197,-0.00918034091591835,0.052550144493579865,0.009957375004887581
1724162903.162414,-0.21211877464799223,0.13529809350024471,-0.028934681758387835,0.9673999821752785,-0.43150355662499784,0.2782538040965032,0.001558572987449468,0.24949955940246582,0.41823703050613403,-0.873400092124939,-0.0035991817712783813,-0.002428300678730011,-0.008125653490424156,-0.04521811008453369,-0.05908820033073425,-0.05855291336774826
1724162903.192048,-0.2127441386337307,0.134026964825316,-0.0289242945041256,0.9674399274495846,-0.4327706431556871,0.27558016599312474,0.0011697062947493367,0.24701912701129913,0.4193876385688782,-0.8735533952713013,-0.015972230583429337,-0.007063104305416346,0.012589123100042343,-0.010013683699071407,-0.10296114534139633,0.016191501170396805
1724162903.248002,-0.21277527975314803,0.1317673776066877,-0.028345180379596772,0.9677605347258318,-0.43267520462514353,0.2709428245882307,0.0013339113554210337,0.24297621846199036,0.41930097341537476,-0.8747280836105347,-0.0007015803130343556,-0.00558055005967617,-0.00682396674528718,-0.02620239369571209,-0.10049078613519669,0.03037003055214882
1724162903.276468,-0.2137594894395995,0.1302833621828905,-0.026822632281279596,0.967788009315434,-0.4342573817078932,0.2685500295427129,0.0041682639771079295,0.2407061606645584,0.42073681950569153,-0.8746662735939026,0.010752934962511063,-0.018847312778234482,-0.020491089671850204,-0.07397419214248657,-0.04523998498916626,0.02727259323000908
1724162903.331758,-0.21605547206290124,0.13018692411900928,-0.02513627008811399,0.9673362646692024,-0.4384553291862573,0.26943449421235505,0.008421429140364292,0.24100740253925323,0.4245414137840271,-0.872742772102356,0.003125247545540333,-0.006114448420703411,-0.018100837245583534,-0.1951981782913208,-0.010712319985032082,0.09646972268819809
1724162903.370778,-0.21931602481615953,0.13162416387193193,-0.02363077598985302,0.9664455332672476,-0.4446420324255402,0.27374219808833394,0.013358098627183939,0.24404995143413544,0.43013474345207214,-0.8691511154174805,-0.0007015386945568025,-0.0034103868529200554,0.0035598636604845524,-0.15399055182933807,0.04545174911618233,0.0748126208782196
1724162903.402174,-0.22105936332179968,0.13363275825205403,-0.022383736624627143,0.9658022292875549,-0.4477979512638661,0.2789862102544423,0.01757908546152807,0.24822935461997986,0.4329816699028015,-0.866550087928772,-0.006357300560921431,-0.002265915274620056,0.014525449834764004,-0.06434950232505798,0.07238517701625824,0.029874850064516068
1724162903.432518,-0.2216192037499002,0.1337434511640577,-0.022429996426138958,0.965657463197388,-0.4489459833557997,0.27929402612819443,0.017717386077111947,0.24835887551307678,0.4340161979198456,-0.8659952282905579,-0.031021777540445328,0.026322538033127785,0.031694963574409485,-0.06980996578931808,-0.0684240385890007,-0.005904764868319035
1724162903.4859471,-0.22267165356347635,0.1292403968305307,-0.02073565494489429,0.9660663591663309,-0.45069468460079354,0.2704360008246301,0.0194339968546506,0.2404751032590866,0.4355909526348114,-0.8674285411834717,-0.004039156250655651,0.03261454775929451,0.02643064223229885,-0.09341556578874588,-0.3270253837108612,0.029956815764307976
1724162903.52068,-0.22569010008646687,0.12564141790358518,-0.017289604248492046,0.9659084877166575,-0.45597348304902235,0.2647245454201819,0.0259673269133989,0.23491203784942627,0.44033655524253845,-0.8665564060211182,0.03280682489275932,-0.018189866095781326,-0.026230959221720695,-0.13156849145889282,-0.08144356310367584,0.09857767820358276
1724162903.553393,-0.22737276849016785,0.12404450247434347,-0.01789078782101725,0.9657093070030093,-0.45960095362600345,0.26120432935008,0.024386887186178118,0.23144610226154327,0.44359052181243896,-0.8658291697502136,0.017737770453095436,-0.038640011101961136,-0.026824569329619408,-0.02612750604748726,-0.037670452147722244,-0.15321825444698334
1724162903.623143,-0.22631966721656455,0.1224085607892468,-0.020540780072402624,0.9661125884979577,-0.4581942014390435,0.25614825048590134,0.017526090560043898,0.22722333669662476,0.4423292875289917,-0.8675910830497742,0.007073164917528629,-0.01108438242226839,-0.008153467439115047,0.10115644335746765,-0.06121116876602173,-0.15068677067756653
1724162903.669374,-0.22328368967352635,0.12130163213186144,-0.023419998576945864,0.9668927724213161,-0.45277716042529026,0.25188076380965563,0.009875322084504964,0.22411273419857025,0.43746453523635864,-0.8708606362342834,0.0036210829857736826,-0.004113486036658287,-0.004834537394344807,0.16944484412670135,-0.04469863697886467,-0.13962699472904205
1724162903.682221,-0.2211629538901657,0.12034400121787561,-0.02441053425691803,0.9674752015483277,-0.44872229044536066,0.24902734322749143,0.0066571883738053474,0.22206225991249084,0.43381467461586,-0.8732085227966309,-0.0009619862539693713,0.010526000522077084,-0.010465672239661217,0.04235146939754486,-0.03599881753325462,0.023687615990638733
1724162903.726841,-0.221649083987962,0.11991958544180216,-0.022674539267641822,0.9674589203847294,-0.44927323926058993,0.24900402114205047,0.010310066900320835,0.2219829559326172,0.43431100249290466,-0.8729819655418396,0.00084855523891747,0.008469256572425365,-0.012882940471172333,-0.12032207101583481,-0.035742178559303284,0.13439635932445526
1724162903.761138,-0.22552714551992953,0.12202568821864015,-0.01652139787914439,0.9664233964175276,-0.4555335181589696,0.2571662036132236,0.025733574380521665,0.2284049093723297,0.43994149565696716,-0.8684945106506348,-0.002335937228053808,-0.007961657829582691,0.004235533997416496,-0.2245407998561859,0.05699167028069496,0.3403967320919037
1724162903.815232,-0.22743582341386,0.12464694722464371,-0.01109635567369219,0.9657188323096608,-0.45787653273705736,0.2658890786193886,0.03932642500289787,0.23570038378238678,0.44204437732696533,-0.8654721975326538,-0.011182941496372223,0.003731480799615383,-0.0005042874254286289,-0.07697541266679764,0.09811043739318848,0.27706459164619446
1724162903.8435678,-0.22801240436907594,0.12596516818604625,-0.0064315162751012855,0.9654541316862962,-0.45770592597104476,0.27117749925570184,0.05021187895392753,0.24029424786567688,0.4418913424015045,-0.8642862439155579,-0.009754288010299206,0.00470316456630826,0.005262375343590975,-0.06741438806056976,-0.014198077842593193,0.22118471562862396
1724162903.874661,-0.2290934876933569,0.12565701379757976,-0.00275432109251715,0.965255832377243,-0.45889740001806817,0.27252912632427445,0.058320553950146264,0.24132032692432404,0.44295984506607056,-0.8634529709815979,-0.005493944510817528,0.011297142133116722,-0.000707858067471534,-0.1483369618654251,-0.05411432683467865,0.17717725038528442
1724162903.915725,-0.23134560152934683,0.12475511426394896,0.0003525673468753165,0.9648394682536143,-0.46266528789720635,0.2725651745719797,0.06531142447180292,0.2409004420042038,0.4463347792625427,-0.8618307709693909,0.0046234047040343285,-0.017564939334988594,0.005783327389508486,-0.09522496908903122,-0.1007588729262352,0.030977388843894005
1724162903.969446,-0.23271329325268134,0.12285765914046816,0.0007327129134199827,0.9647538076125802,-0.4654690876014956,0.2688873972462169,0.06561810356512843,0.23739580810070038,0.44884204864501953,-0.8615010380744934,0.0046530067920684814,-0.00737733906134963,0.0010825933422893286,-0.03301800414919853,-0.06900717318058014,-0.03939729556441307
1724162903.9984,-0.23344701912656854,0.1208974056737015,0.00013713792215014602,0.9648244339693579,-0.46725543648293205,0.2644417016881063,0.06356251068382757,0.23335357010364532,0.45043763518333435,-0.8617725968360901,0.0037349476478993893,-0.003424422349780798,-0.004151967354118824,-0.04251512885093689,-0.061418935656547546,-0.07900584489107132
1724162904.030717,-0.23359628827827103,0.11954678081273865,-0.0012633115615012873,0.964955761350549,-0.46802238048559003,0.26079992486933223,0.05988514675236117,0.23012448847293854,0.4511222243309021,-0.8622826933860779,0.004524341318756342,-0.013160202652215958,0.002750391373410821,0.04180765524506569,-0.05165086314082146,-0.11411084979772568
1724162904.086863,-0.2317253653409873,0.11790870250207912,-0.003331414987842129,0.9656032943037612,-0.4648571986318252,0.25579036865186505,0.053960628870899134,0.2261621057987213,0.4482951760292053,-0.8648017644882202,-0.002783736912533641,0.003841312602162361,-0.0006191175198182464,0.14298024773597717,-0.040340326726436615,-0.06136975809931755
1724162904.115892,-0.22913154563494265,0.11657919407501358,-0.0046489648307014506,0.9663779314536088,-0.4599901528151537,0.2517288523421717,0.04961388773475023,0.22318866848945618,0.44393929839134216,-0.8678160309791565,0.0056337774731218815,0.001056988025084138,-0.01877305842936039,0.1418202966451645,-0.012324200011789799,-0.03636597841978073
1724162904.171011,-0.22687756022576722,0.11629979331457349,-0.004587598159166366,0.9669435375038558,-0.45540119333346807,0.2507347874262352,0.04890099360724919,0.22282901406288147,0.4398226737976074,-0.8700018525123596,0.004275102633982897,0.009517614729702473,-0.018704431131482124,0.050865136086940765,-0.006834949366748333,0.04312463477253914
1724162904.20191,-0.22843166262342293,0.11720533931364141,-0.0019102123969985908,0.966477231884756,-0.45782235999756976,0.25432198607942785,0.05560670752433621,0.22567987442016602,0.441995769739151,-0.8681637644767761,0.002229689620435238,0.01966165378689766,-0.01742631010711193,-0.2058606594800949,0.11929953098297119,0.2548193037509918
1724162904.2308779,-0.2328326843858651,0.12049392473034388,0.0022406694995343503,0.9650207372360764,-0.46546319091200966,0.2644851496399305,0.06768091504950287,0.2336016595363617,0.4488367736339569,-0.8625403046607971,-0.02117975987493992,0.001962718553841114,0.005743316374719143,-0.23488876223564148,0.11881123483181,0.2405940741300583
1724162904.2715778,-0.23583671328394842,0.1223262957613525,0.006430538137313087,0.964041443927528,-0.4702840122106607,0.27129615345429725,0.07871437440983128,0.23888833820819855,0.4531394839286804,-0.8588346242904663,-0.003441347973421216,-0.006142157595604658,0.008171857334673405,-0.13441509008407593,0.07516732066869736,0.18965020775794983
1724162904.3256822,-0.2356718154942881,0.12332942692841785,0.008899979566440246,0.9639342995303163,-0.4691732583104825,0.27471303944369635,0.08451019334903648,0.2419578731060028,0.45214903354644775,-0.8584973216056824,-0.00011788960546255112,-0.016725754365324974,0.0169045552611351,0.10089986026287079,-0.033713966608047485,0.03955777734518051
1724162904.359758,-0.23308178687932526,0.12241867179021872,0.009143325413820475,0.9646776089954402,-0.4639219248537575,0.27221934217387417,0.08363484229583319,0.240451380610466,0.447458952665329,-0.8613731265068054,0.006864345166832209,0.013008308596909046,-0.008688436821103096,0.09818961471319199,-0.028428297489881516,0.029085205867886543
1724162904.4069939,-0.23061301182417898,0.12127806762670533,0.009511527134739734,0.9654111524538864,-0.4589038893341919,0.2693268946402716,0.0829713221543237,0.23855336010456085,0.44296568632125854,-0.864218533039093,0.009008863009512424,0.0006296952487900853,0.0034502078779041767,0.17324092984199524,-0.10579244792461395,-0.03666968271136284
1724162904.4419541,-0.22775863473202027,0.11881608421468004,0.00880699943063055,0.9664010499017097,-0.4535056876296887,0.262954666444651,0.07922808706851317,0.23365971446037292,0.4381195604801178,-0.8680174946784973,0.004679057747125626,0.008628053590655327,0.0016867703525349498,0.15410587191581726,-0.148849219083786,-0.0822252556681633
1724162904.496903,-0.22651471118422142,0.11624096950001737,0.008233476031405854,0.9670115294558834,-0.45133866400354206,0.256787529507313,0.07629028906241514,0.22854271531105042,0.4361705482006073,-0.8703582286834717,-0.0016303318552672863,0.013655583374202251,-0.0065276240929961205,0.02369340881705284,-0.09818512946367264,0.011335831135511398
1724162904.528662,-0.22548853251719755,0.11434455885692744,0.008057667771325876,0.9674787806285085,-0.449447576955596,0.2523521870964234,0.07463234905867651,0.22488568723201752,0.4344680607318878,-0.8721604943275452,0.0028424235060811043,-0.007490759249776602,-0.006883968599140644,0.07489724457263947,-0.06861726939678192,-0.035438161343336105
1724162904.58325,-0.22459156684394493,0.11391534474855457,0.007067650397528106,0.9677457384132583,-0.4479124237756389,0.2507540953712405,0.07200762941791417,0.22365683317184448,0.4330848455429077,-0.8731638789176941,0.0024124998599290848,-0.018266266211867332,-0.007111685816198587,0.0935632735490799,0.02130209654569626,-0.07902827858924866
1724162904.596264,-0.2226130579513258,0.11349637273176658,0.005616382744815773,0.9682615454963556,-0.44429391028406323,0.24874776651447486,0.06806320083485701,0.22228889167308807,0.4298204481601715,-0.8751239776611328,-0.0017151113133877516,-0.0008705267682671547,-0.010012544691562653,0.10145816206932068,-0.03234673663973808,-0.03456911817193031
1724162904.642055,-0.22089326850040905,0.11342639121484625,0.0063298960207116015,0.9686591398708796,-0.4406247355242451,0.24859241645068997,0.06901473340738395,0.22253946959972382,0.42650461196899414,-0.8766812682151794,0.002317544538527727,0.006515487562865019,-0.006964085623621941,0.06465943157672882,-0.002766709541901946,0.09260387718677521
1724162904.714725,-0.22021630402869172,0.1142611180795536,0.008064506816155134,0.9687022030735423,-0.4387466039204104,0.2510841507209293,0.07291296945927163,0.22492185235023499,0.4248051345348358,-0.8768983483314514,0.006547769531607628,-0.0211027804762125,-0.006335201673209667,-0.0022249396424740553,0.031250499188899994,0.04985995218157768
1724162904.7202358,-0.2202866414109202,0.11448735821216835,0.007572424775778366,0.968663473511276,-0.43899873182313154,0.2513583459694718,0.071993172863546,0.22513563930988312,0.4250333607196808,-0.8767328858375549,0.007318770047277212,-0.03228473290801048,-0.002161395736038685,0.01580752059817314,0.03124605119228363,-0.09286201000213623
1724162904.771888,-0.22025242750540003,0.11425824468979144,0.005361150061444846,0.9687131077050565,-0.43951180143993274,0.2498152146990574,0.06714531815445353,0.22372852265834808,0.42549771070480347,-0.8768678307533264,0.003911091014742851,-0.01003243587911129,-0.0058935657143592834,-0.04642842710018158,0.015654418617486954,-0.1254216581583023
1724162904.805811,-0.2221957026030614,0.1143112752539377,0.004034582185759329,0.9682694054535642,-0.443793098880376,0.24968384529352142,0.064944500761995,0.22316114604473114,0.42936819791793823,-0.8751240372657776,-0.0020965656731277704,0.021842218935489655,-0.024494659155607224,-0.17090539634227753,0.09623994678258896,0.06548402458429337
1724162904.869687,-0.2265241316161097,0.11701161775395602,0.0059645045313036875,0.9669330338565644,-0.4518954442301698,0.25736909688041176,0.07181020559697512,0.22898699343204498,0.43667149543762207,-0.8699902296066284,-0.0173784252256155,0.01161823607981205,0.0023477182257920504,-0.3309057950973511,0.07095727324485779,0.09813758730888367
1724162904.8810558,-0.23186749752111988,0.11988620768167312,0.009915437638729303,0.9652804606816242,-0.46146112935635886,0.26677264305805337,0.0835655601868581,0.2360457479953766,0.44525688886642456,-0.8637295365333557,-0.015395290218293667,0.00877127330750227,0.003493763506412506,-0.2737293541431427,0.15070019662380219,0.23723596334457397
1724162904.917038,-0.23472695354405784,0.12183923123756286,0.014296844492139176,0.964289381429031,-0.46587596374507767,0.27393081520722556,0.09502519006349487,0.24168825149536133,0.449205607175827,-0.8601168990135193,-0.012795314192771912,-0.0008510866900905967,0.018362684175372124,-0.09355567395687103,-0.006895727477967739,0.1930244266986847
1724162904.9519439,-0.235682895583248,0.12148694667451886,0.018054768695277064,0.9640375670009174,-0.4667961255807304,0.2752920076767117,0.10329020381781306,0.24274635314941406,0.4500274956226349,-0.8593890070915222,0.007716017309576273,-0.00402454799041152,-0.004210244864225388,-0.05703636258840561,-0.0481630377471447,0.16711625456809998
1724162905.0069098,-0.23520230272821452,0.1217566613891435,0.020196359387069537,0.9640784663631665,-0.46518580253408803,0.2768309930246952,0.10786545128914811,0.24426640570163727,0.44858887791633606,-0.8597103953361511,0.004399742465466261,-0.0007362122414633632,-0.0027851045597344637,0.09050652384757996,-0.0288674496114254,0.09787500649690628
1724162905.038299,-0.23293725814047472,0.1214041694192046,0.020630741887280146,0.9646634357028758,-0.46050749876946306,0.27567344629981305,0.10777678553324062,0.24383965134620667,0.444402813911438,-0.8620025515556335,0.001079876092262566,0.006199753377586603,-0.006438883021473885,0.1058289036154747,-0.014905575662851334,-0.01378420926630497
1724162905.0720549,-0.2311268724260041,0.12152183262680984,0.020212919108253655,0.9650928140272284,-0.45694115147457354,0.2752492568943091,0.10627072374649492,0.24390318989753723,0.44120514392852783,-0.8636256456375122,-0.007227365393191576,0.013320771045982838,0.007318706717342138,0.09417937695980072,-0.01833145134150982,0.011178174056112766
1724162905.1670651,-0.23001268406521141,0.12046933869135795,0.02172892194559034,0.965458035330038,-0.4543739266262845,0.27340149029731675,0.10858473587057513,0.24261203408241272,0.43889984488487244,-0.8651626110076904,0.002703065751120448,0.0020095938816666603,0.00031473301351070404,0.002671563532203436,-0.09559594094753265,0.05414431914687157
1724162905.1787791,-0.22999505946089135,0.11919575386233276,0.024070352667264615,0.9655646756332552,-0.45383110645646885,0.2717589370741434,0.11296233525721576,0.2412545382976532,0.43841204047203064,-0.8657892942428589,-0.0013734757667407393,0.0033668263349682093,0.002418993040919304,-0.016426222398877144,-0.1097184270620346,0.13865181803703308
1724162905.205715,-0.22944649956154425,0.11778168287769301,0.027426196615798912,0.9657792042221675,-0.4519590379107696,0.27015927767479253,0.11925231773257595,0.24008788168430328,0.43672871589660645,-0.8669635653495789,0.0091630220413208,-0.0037768578622490168,-0.006098861340433359,0.02097560651600361,-0.09893088787794113,0.16064347326755524
1724162905.2345738,-0.2283874634821858,0.11766281154559752,0.030171139370802638,0.9659629153168606,-0.44906963101171643,0.2709352108351604,0.12468721290392565,0.24109724164009094,0.4341275990009308,-0.8679892420768738,0.007932495325803757,-0.013558014295995235,-0.005799651611596346,0.0765143483877182,-0.011105240322649479,0.10463286936283112
1724162905.263427,-0.22786816954542805,0.11761245594896434,0.031427763410358585,0.9660515389214841,-0.44767652862449453,0.2712844184258775,0.1271617486644428,0.241562157869339,0.4328722059726715,-0.8684868216514587,0.010598734021186829,-0.016610924154520035,-0.02132585272192955,-0.06781745702028275,0.02404281683266163,0.028957080096006393
1724162905.3194342,-0.23062747092341496,0.11704213329223037,0.03139465214952812,0.9654669063387861,-0.45334755507868424,0.27080078021378673,0.1278329085371703,0.24048154056072235,0.4379774034023285,-0.8662242293357849,0.027037115767598152,-0.022074781358242035,-0.03671560063958168,-0.23518405854701996,0.043588608503341675,-0.052274685353040695
1724162905.361933,-0.23323120660960134,0.11857745412573491,0.030818557193447862,0.9646723668333227,-0.4585792894216367,0.2746073757409207,0.128347866715107,0.24315248429775238,0.4426746368408203,-0.8630852103233337,0.01365010254085064,-0.04168388247489929,0.0034766390454024076,-0.007827797904610634,0.09741675853729248,-0.1305702030658722
1724162905.409563,-0.23154180645962996,0.1195479805512574,0.026591529365859706,0.9650852552497834,-0.45621930331031624,0.27417571875913777,0.11912299600079278,0.2430620789527893,0.44055724143981934,-0.8641933798789978,-0.014690118841826916,0.010704193264245987,0.01539664901793003,0.13521867990493774,0.061475720256567,-0.23271891474723816
1724162905.47358,-0.2301760690636869,0.11847582860150134,0.02317964552108244,0.9656319477892339,-0.4545279896775055,0.2698026857935793,0.11075507778833033,0.23947888612747192,0.4390382766723633,-0.8659648895263672,-0.02309231460094452,0.04260696470737457,0.029301842674613,0.03528323024511337,-0.14117640256881714,-0.12883104383945465
1724162905.485536,-0.23119184289837535,0.11516648593125188,0.02319680136671244,0.9657892595977877,-0.45696016624102226,0.2628554322231575,0.1094873683988164,0.23317892849445343,0.441222220659256,-0.8665740489959717,0.004106701351702213,0.035025179386138916,0.0016804528422653675,-0.09751038998365402,-0.15095384418964386,0.03173258528113365
1724162905.506944,-0.23380975578710497,0.11316470650270471,0.02474449938062035,0.9653570772273329,-0.46208945394127443,0.25993181897963524,0.11272883151637395,0.2300596982240677,0.4458194077014923,-0.8650534749031067,0.0005141450092196465,-0.0008931930642575026,-0.00477280979976058,-0.09364506602287292,-0.0678408071398735,0.06175300478935242
1724162905.563291,-0.23456169957755868,0.11170236706193588,0.026629000638642725,0.9652948912838986,-0.46328962449894046,0.2578754423923848,0.11630647666662922,0.22814372181892395,0.4468933939933777,-0.8650068044662476,-0.0008741315104998648,-0.002620166866108775,-3.4495024010539055e-06,0.021629976108670235,-0.06995578855276108,0.10333988070487976
1724162905.60107,-0.2332584773302858,0.11114423704424795,0.028320315856492348,0.9656268912532405,-0.4602655486581967,0.2571509346395285,0.11920192396584842,0.22785963118076324,0.4441860318183899,-0.8664748668670654,0.003415296785533428,-0.009863235987722874,-0.008776035159826279,0.08208876103162766,-0.03910410404205322,0.0537259578704834
1724162905.6319919,-0.231346497603604,0.1107822382774003,0.029431795078833783,0.9660951293373299,-0.45613817677733837,0.25639809588640033,0.12073281475424803,0.22767023742198944,0.4404844045639038,-0.8684121966362,-0.0009731953032314777,0.0017845698166638613,-0.0030363858677446842,0.10308124870061874,-0.03885991498827934,0.07792118191719055
1724162905.701213,-0.2292939663466899,0.11030601803913578,0.0309273660334013,0.9665920440918638,-0.45164313016721874,0.25554182850757917,0.12298342940523567,0.2274247407913208,0.4364445209503174,-0.8705137372016907,-0.002199654933065176,0.010210266336798668,-0.00994046963751316,0.052106089890003204,-0.023340677842497826,0.1014958843588829
1724162905.70401,-0.22809744043160632,0.10997696574066461,0.03303509922481059,0.9668429130601401,-0.44870888106084383,0.2555233109507625,0.12692143040188344,0.22773133218288422,0.43380260467529297,-0.8717532753944397,-0.0005728732794523239,0.0023724765051156282,0.0018920658621937037,0.04767622798681259,-0.0568167120218277,0.11088010668754578
1724162905.77213,-0.2273869061442643,0.10995018601932169,0.0355580825414109,0.9669238024277762,-0.44661206592760677,0.2564826497061683,0.13206593895426166,0.2287977784872055,0.4319123923778534,-0.8724123239517212,-0.003386211581528187,-0.003973810933530331,0.00597368273884058,0.04548080638051033,-0.019718939438462257,0.13527166843414307
1724162905.829958,-0.2256011403955594,0.10989974621946826,0.037816705120740764,0.967262092783303,-0.44241010211168047,0.2569523109822485,0.13624193568953408,0.22966669499874115,0.4281187653541565,-0.8740523457527161,0.009713910520076752,-0.003947874531149864,-0.015798399224877357,0.09649370610713959,0.011363133788108826,0.09258964657783508
1724162905.8427281,-0.2239129118092291,0.11092236914455071,0.039143108239601224,0.9674849020038269,-0.438499085009263,0.2593172694175308,0.13896687272355004,0.23216071724891663,0.42458105087280273,-0.8751184940338135,-0.0033933953382074833,0.0033214492723345757,-0.004184155724942684,0.06616559624671936,0.015686016529798508,0.07092996686697006
1724162905.8844209,-0.2233687005548942,0.11159031768407335,0.03971149402542062,0.9675107530349282,-0.4371513316430868,0.26087413764715883,0.1403048723046017,0.23367026448249817,0.4233604073524475,-0.8753080368041992,-0.0011457882355898619,0.0025747898034751415,-0.006599699147045612,-0.02044079452753067,0.03880058228969574,0.03689366579055786
1724162905.918182,-0.22412735218529264,0.1123137348305036,0.039784035059834515,0.9672484693801381,-0.4385610029771131,0.26268982608343955,0.1410820538218262,0.23510394990444183,0.424637109041214,-0.8743051290512085,0.00027165672508999705,-0.00519495690241456,0.006596249528229237,-0.03334667161107063,0.018421659246087074,-0.013034114614129066
1724162905.947106,-0.22532752131840367,0.11271597209433387,0.03934414337580262,0.9669408263693401,-0.441047913603354,0.26369878145412323,0.14077442757744185,0.23570998013019562,0.4268873333930969,-0.8730452656745911,0.0011238036677241325,-0.0003733297053258866,-0.0012077719438821077,-0.09860828518867493,0.028564386069774628,-0.026358379051089287
1724162906.003214,-0.227321216674105,0.113124003682228,0.03924158667044382,0.96643056403547,-0.4450488945239677,0.265111698322996,0.1414875208032474,0.23649387061595917,0.4305020272731781,-0.871056079864502,0.003947875928133726,-0.007140095345675945,-0.00043646199628710747,-0.11395973712205887,0.026422247290611267,-0.03840116411447525
1724162906.0681071,-0.22923523184377034,0.11323610331324893,0.0389272243443838,0.9659779485004952,-0.4489906246380016,0.26576359737359817,0.1415793054062987,0.2366141378879547,0.43405643105506897,-0.8692575693130493,0.004803614690899849,-0.005966098979115486,-0.0031615644693374634,-0.12692473828792572,-0.009991545230150223,-0.05815981701016426
1724162906.0811648,-0.23148878497609562,0.11356563567600096,0.038767555577614396,0.9654081095942032,-0.4535473329782512,0.2670674391346772,0.1422431012135803,0.23722286522388458,0.43815699219703674,-0.8670315742492676,0.006456405855715275,3.134150756523013e-05,-0.0011086828308179975,-0.10748126357793808,0.028592456132173538,-0.01093471609055996
1724162906.1418319,-0.23313704765464746,0.11385877635123384,0.038667446917885005,0.9649807941907087,-0.45686888331976155,0.26814798017747565,0.14279665194834604,0.23777268826961517,0.4411402940750122,-0.8653665781021118,0.004076541401445866,-0.0013572323368862271,-0.0021042602602392435,-0.08008403331041336,0.01654152199625969,-0.011722567491233349
1724162906.153955,-0.2348598475011073,0.11415207081683577,0.038716870205501824,0.9645263592863529,-0.4603010076284161,0.26933034538606965,0.14370615101136594,0.2383914291858673,0.4442178010940552,-0.8636203408241272,0.0021705280523747206,0.0014566171448677778,0.0023589911870658398,-0.08447607606649399,0.03400712087750435,-0.0006780063267797232
1724162906.197015,-0.23612361962048548,0.11436938365945898,0.038829013351382065,0.9641874739180658,-0.46279761022461485,0.27024444146236387,0.14454224985947717,0.23888394236564636,0.44645318388938904,-0.8623305559158325,0.004969065543264151,0.0027091042138636112,0.000627741334028542,-0.05483124032616615,0.021209528669714928,-0.0038814011495560408
1724162906.227439,-0.23702704674669822,0.1148046470038762,0.03883589756237629,0.9639137242668728,-0.4645607686412572,0.27147547294902163,0.14512844805554145,0.23973385989665985,0.44803017377853394,-0.8612761497497559,0.005600667092949152,-0.001142655499279499,0.0016164197586476803,-0.05493449419736862,0.0008969203918240964,-0.030862536281347275
1724162906.2820039,-0.23815685892364746,0.1151409420340438,0.03812778790880881,0.963623398815662,-0.4669970415383358,0.272202495456684,0.1442123993136039,0.240065798163414,0.4502069056034088,-0.8600477576255798,0.005585866514593363,-0.006236455403268337,0.003966786898672581,-0.023195262998342514,0.03546819090843201,-0.051496829837560654
1724162906.330925,-0.23799789507134808,0.11563011684897899,0.03660637310777058,0.9636631113406599,-0.46702737004749006,0.2724575004736439,0.14112242990326193,0.24028143286705017,0.45023399591445923,-0.8599733710289001,0.0042342920787632465,-0.00941141601651907,-0.006574410013854504,0.03111499920487404,0.037791114300489426,-0.09643416106700897
1724162906.369578,-0.23737837770153974,0.11687510600148626,0.034285808938825005,0.9637510939136342,-0.46624249881135865,0.27382701470300297,0.13652374035961698,0.24155443906784058,0.44953304529190063,-0.8599834442138672,0.013764441944658756,-0.0191403366625309,-0.00812300480902195,0.08171743899583817,0.10976330190896988,-0.13002827763557434
1724162906.4024348,-0.23552508379977802,0.11963184430969562,0.030382388133719105,0.9639984122731573,-0.4632100761337645,0.2773577645950525,0.12882329272966855,0.2449614405632019,0.44682222604751587,-0.8604323267936707,0.010822396725416183,-0.033439651131629944,-0.012757420539855957,0.1791979819536209,0.23750856518745422,-0.21936313807964325
1724162906.4306579,-0.23183258818481922,0.12319735100513947,0.023136743844423224,0.964645358132781,-0.4573496402169768,0.28053089416401267,0.11366061966238503,0.24841119349002838,0.4415716826915741,-0.8621521592140198,-0.006680584978312254,-0.007227261550724506,-0.005561367142945528,0.23607221245765686,0.2623451054096222,-0.32098841667175293
1724162906.4744701,-0.22868711665098312,0.1264653095180107,0.014689006550391733,0.9651388104759182,-0.45305495327864037,0.28272792722420886,0.096014972288841,0.2508315145969391,0.4377143383026123,-0.8634174466133118,-0.008564138785004616,0.015239612199366093,-0.005572858266532421,0.13190260529518127,0.24324756860733032,-0.33463039994239807
1724162906.5055408,-0.22709390464803128,0.1294838795999535,0.006615975818099244,0.9652038376564761,-0.4518943249979188,0.2850304395062423,0.0796526952731259,0.25296157598495483,0.4366705119609833,-0.8633245825767517,0.005497495178133249,-0.01711493544280529,-0.004597053397446871,0.14903166890144348,0.2477966547012329,-0.38958442211151123
1724162906.560683,-0.22452763948335694,0.1328514741403871,-0.0032642850343334753,0.96536372057434,-0.4493376249085288,0.2870665476965793,0.059269887519853,0.2550341486930847,0.4343689978122711,-0.8638756275177002,-0.007539873942732811,-0.0025834650732576847,0.0024686469696462154,0.21003367006778717,0.26391810178756714,-0.446773499250412
1724162906.5896292,-0.22266388628638345,0.1357812481958898,-0.013514762331912577,0.9652986328360164,-0.4484223384655446,0.28819349262771143,0.03815637768150344,0.2561204135417938,0.433544397354126,-0.8639684915542603,-0.013808369636535645,0.025713419541716576,0.0028918932657688856,0.099635049700737,0.23082335293293,-0.41450801491737366
1724162906.623462,-0.2224088130234687,0.13763795843959026,-0.021179730012655013,0.9649567147475483,-0.4501049400617209,0.28853582885856677,0.022601559819753692,0.256208211183548,0.4350600242614746,-0.8631802201271057,-0.01606312021613121,0.03592550382018089,0.005533429328352213,0.0016411260003224015,0.1410169005393982,-0.2599957287311554
1724162906.705565,-0.22295296954785207,0.13818472220956735,-0.025064774561397777,0.9646598768861944,-0.45234368965441724,0.2879508290148876,0.01474264222729004,0.25542598962783813,0.4370747208595276,-0.8623939156532288,-0.02179240994155407,0.03345545753836632,0.01596863940358162,-0.03411078080534935,0.007117207162082195,-0.07973689585924149
1724162906.717534,-0.22461510255004602,0.13732620005513055,-0.024871507226983024,0.964401822124696,-0.455676010806046,0.2864311827526882,0.015278297463663775,0.25370222330093384,0.4400694668292999,-0.8613791465759277,-0.008989912457764149,0.027011286467313766,0.007763792760670185,-0.09767763316631317,-0.07088649272918701,0.07947220653295517
1724162906.735987,-0.22689285985564536,0.13582115009648466,-0.021528602982994458,0.9641621619596387,-0.45935615918223793,0.28514614766791624,0.022448291224111832,0.25213783979415894,0.44337111711502075,-0.8601444959640503,-0.004160762764513493,0.013025932013988495,0.007104787509888411,-0.1251204013824463,-0.12448927015066147,0.19684460759162903
1724162906.793367,-0.2289361685809656,0.13381519578788637,-0.016241087394738608,0.9640632022513829,-0.4620281037947127,0.28371753154064977,0.033470358757528525,0.2505762577056885,0.4457644820213318,-0.8593634366989136,0.0014434545300900936,0.006065483670681715,0.0034162953961640596,-0.11497782170772552,-0.17454443871974945,0.2596558928489685
1724162906.831202,-0.23018565255116955,0.1320991607178174,-0.010734213389111937,0.9640794156331177,-0.4630404571239391,0.2829220061491284,0.04485404590406309,0.24976643919944763,0.4466704726219177,-0.8591287732124329,0.010856148786842823,-0.000704870733898133,-0.003893787506967783,-0.06920141726732254,-0.1140890121459961,0.24408189952373505
1724162906.8595319,-0.23023327311384045,0.13097027923671611,-0.0064327045796274095,0.964260300508027,-0.4619500360788049,0.2825899829303209,0.05353610148116529,0.2496168315410614,0.44569459557533264,-0.8596788644790649,0.02138853818178177,-0.028225570917129517,-0.015592177398502827,0.03269965201616287,-0.046011362224817276,0.12203086912631989
1724162906.918452,-0.22905801672485165,0.13106853966534945,-0.00475743020742889,0.9645365331004278,-0.4590724130833054,0.28338912025838103,0.05677250857243192,0.25066131353378296,0.4431167542934418,-0.8607069253921509,0.01390025019645691,-0.022822896018624306,-0.010016795247793198,0.0743848979473114,0.017370842397212982,0.025942489504814148
1724162906.971233,-0.22734885754537407,0.13162661040367002,-0.005405316216287315,0.9648614323456337,-0.4557582073883895,0.2839395650724216,0.055065177862752716,0.25154510140419006,0.44014325737953186,-0.8619738817214966,0.0036062821745872498,-0.009207285940647125,-0.0024841693229973316,0.06704744696617126,0.033018261194229126,-0.04731148108839989
1724162906.999415,-0.2261951087793188,0.13204660826161857,-0.007339341145778799,0.965062445245947,-0.45395465342089575,0.28368356335487177,0.05072803941884918,0.2515462040901184,0.4385230839252472,-0.8627989292144775,-0.00025326403556391597,0.006641126703470945,-0.0038676979020237923,0.030424710363149643,0.04529231786727905,-0.08991975337266922
1724162907.031928,-0.22594097187776696,0.1323960346448875,-0.009079586668418283,0.9650592807120403,-0.4539257084307658,0.28355305340867787,0.04708668001422443,0.25143712759017944,0.43849706649780273,-0.862843930721283,-0.0028608161956071854,0.006044589448720217,0.0041554169729352,0.005237356293946505,0.009995282627642155,-0.07244012504816055
1724162907.060842,-0.2260110753518944,0.13226489009283285,-0.010056079695303451,0.9650511528790353,-0.45435698782248046,0.2828054364154569,0.04495163895774037,0.250739187002182,0.4388846457004547,-0.86285001039505,-0.005662945564836264,0.00843973271548748,0.0008077477104961872,-0.01012915838509798,-0.008244321681559086,-0.017931178212165833
1724162907.116912,-0.2263589145334824,0.13189325437017946,-0.00993578238536552,0.9650217238610886,-0.4550458127759479,0.2821178175562169,0.04514123848936899,0.25006160140037537,0.4395034611225128,-0.8627316355705261,-0.002959880046546459,0.010449325665831566,0.001122480840422213,-0.02465832605957985,-0.026756100356578827,0.031124116852879524
1724162907.169316,-0.22689016231167203,0.1313223935771547,-0.008895350866238548,0.9649849977122584,-0.45585205618517566,0.28147879798908015,0.047266075104383534,0.24941173195838928,0.44022753834724426,-0.8625505566596985,-0.0019647416193038225,0.0042931330390274525,0.001582506811246276,-0.03560319542884827,-0.0522737056016922,0.06988777220249176
1724162907.180904,-0.2274859853130456,0.13063717078410142,-0.007230983418867206,0.9649516541983374,-0.4566181134481174,0.2809096416611572,0.05069433699490019,0.24882720410823822,0.44091522693634033,-0.862368106842041,0.0033162746112793684,-0.0032883360981941223,-0.0014251405373215675,-0.027346942573785782,-0.039015889167785645,0.07189271599054337
1724162907.234593,-0.22794262759047665,0.12984817137560756,-0.005484005017284753,0.9649618524097334,-0.45708703367211173,0.2801292830093091,0.054200038469585245,0.2480969876050949,0.441336065530777,-0.8623632192611694,0.005012951325625181,-0.006034142337739468,-0.004524977877736092,-0.021904107183218002,-0.036444686353206635,0.057211630046367645
1724162907.270746,-0.2283736241798457,0.12936960588946883,-0.004201677852151012,0.9649306672145657,-0.4576225852444359,0.2797983669775578,0.056858464480282284,0.2477462887763977,0.4418165683746338,-0.8622179627418518,0.0039442842826247215,-0.0034924657084047794,-0.005515381693840027,-0.02915354073047638,-0.025262780487537384,0.03595520183444023
1724162907.299365,-0.2288290069310776,0.12895248774930726,-0.0034635348702752836,0.9648815704926693,-0.4583611837170224,0.27934188673609217,0.058389073703508876,0.247262641787529,0.44247904419898987,-0.8620170950889587,0.006610564421862364,-0.004375211428850889,-0.010657751932740211,-0.02312965877354145,0.013519814237952232,0.015359286218881607
1724162907.3422241,-0.22934461392115993,0.12886866368506014,-0.00315180406861736,0.9647714489258653,-0.45932437309285473,0.27941952793197283,0.05919560134316851,0.24721190333366394,0.4433426260948181,-0.8615878224372864,-0.0006647949339821935,-0.0026882102247327566,-0.0013668631436303258,-0.03937055543065071,-0.020360935479402542,0.007561800070106983
1724162907.39711,-0.22966395342516205,0.1288961258315957,-0.002923632361823948,0.9646925005494531,-0.45990600081650085,0.27965938491136905,0.0598114852047439,0.24734733998775482,0.4438638985157013,-0.8612805008888245,0.0,0.0,0.0,-0.01474174577742815,0.0005478899111039937,0.0019060821505263448
1724162907.42725,-0.2300158356478281,0.12880583065850684,-0.0027459085557137684,0.9646212355646241,-0.46057548392204306,0.27962362262879514,0.06027027059603657,0.24723446369171143,0.44446370005607605,-0.861003577709198,0.00016900099581107497,0.002857410116121173,-0.0015156057197600603,-0.02871963381767273,-0.0006207470432855189,0.008211962878704071
1724162907.475665,-0.23075784380447714,0.1288633961351367,-0.0026371233171789106,0.9644366310070716,-0.4620480023198245,0.2799612954999402,0.060794101813332724,0.24734407663345337,0.44578230381011963,-0.8602901101112366,-0.0010099390055984259,0.0010623930720612407,0.0018903410527855158,-0.05164414644241333,-0.01188631821423769,-0.0017403614474460483
1724162907.5061898,-0.23196381806206107,0.12876957294047164,-0.002559508003956724,0.9641600270352277,-0.46448190376303444,0.28005204280901674,0.061337018737820485,0.24712151288986206,0.44795966148376465,-0.8592223525047302,0.0055419388227164745,0.0003366279706824571,-0.0012643246445804834,-0.05989227071404457,0.011269573122262955,-0.0181519016623497
1724162907.572484,-0.23302604087167234,0.12971310682268072,-0.003261237057430724,0.9637752214395939,-0.4667826942974397,0.2820015570687088,0.060693029610059616,0.24850864708423615,0.45001551508903503,-0.8577467799186707,0.007976897992193699,0.0017233854159712791,-0.012850753031671047,-0.04812321811914444,0.10783546417951584,-0.044946327805519104
1724162907.600529,-0.23429115361402494,0.1319358443939777,-0.0049546626465833445,0.9631593662222829,-0.46970901504680734,0.286309911938599,0.05866158668423206,0.2518288195133209,0.4526268541812897,-0.8554011583328247,0.003580705728381872,-0.0033581957686692476,-0.015370560809969902,-0.07182493060827255,0.1609262377023697,-0.08341088891029358
1724162907.634654,-0.23547196862317307,0.1347251817429414,-0.007075693402095069,0.9624718178597325,-0.47257078372162453,0.29163415974769996,0.05599020707997257,0.256006121635437,0.45517683029174805,-0.8528041839599609,-0.009974874556064606,-0.006140385754406452,0.003671244252473116,-0.03916144371032715,0.13837020099163055,-0.07447219640016556
1724162907.676982,-0.23587339018237874,0.13688175920181342,-0.009231512716282303,0.9620508813310453,-0.47391315871613954,0.29537860164273333,0.052633564350876356,0.25901949405670166,0.4563716650009155,-0.8512542843818665,-0.007943746633827686,0.0026464215479791164,0.0028451066464185715,-0.018375296145677567,0.1066698282957077,-0.06270390748977661
1724162907.70886,-0.23625052191628948,0.138002016473885,-0.010527693851862011,0.9617848744749256,-0.475013039522516,0.2972703015441809,0.050573691137925814,0.26048216223716736,0.4573500454425812,-0.8502822518348694,-0.009486223571002483,0.003155837766826153,0.006779705639928579,-0.013749292120337486,0.03957813233137131,-0.03766106814146042
1724162907.741745,-0.23637177711001606,0.1379936431643508,-0.010953028219996688,0.9617515525874333,-0.4753894457758623,0.29706035017244936,0.0496961925472611,0.2602532207965851,0.4576847553253174,-0.8501722812652588,-0.0033346256241202354,0.004012329038232565,0.009080419316887856,0.0011089611798524857,-0.007637293078005314,-0.009241235442459583
1724162907.7885761,-0.23651581981231862,0.13712018551221689,-0.010932901560565134,0.9618413202261812,-0.4757211253613853,0.29517310862845836,0.04932550320314894,0.25860410928726196,0.45797961950302124,-0.850516676902771,0.0019024631474167109,0.003003943944349885,0.0008416604832746089,-0.01188555546104908,-0.04989836364984512,-0.0035314892884343863
1724162907.854663,-0.23681424287630978,0.13654089868454794,-0.010856894475889504,0.9618511612565888,-0.4763346446566461,0.2939967020184932,0.049288701567311695,0.2575218975543976,0.4585249423980713,-0.850551187992096,0.003294331720098853,0.0010832874104380608,0.001151219243183732,-0.01867944560945034,-0.031619876623153687,-0.0012899779248982668
1724162907.888839,-0.23735667108886493,0.13621477742273116,-0.010336361272886153,0.9617693910843117,-0.47729784221414384,0.2936600562245915,0.05043636715839458,0.25710758566856384,0.4593806862831116,-0.8502147197723389,0.010822955518960953,-0.007244840729981661,-0.004271971993148327,-0.011620007455348969,0.0024213972501456738,-0.0005060122348368168
1724162907.902701,-0.2376345093551242,0.1367618980589526,-0.010491614154129405,0.9616214537829016,-0.4778809919651814,0.2948485615564821,0.05049692276501866,0.25804001092910767,0.45989859104156494,-0.8496520519256592,-0.0021337426733225584,0.0014357229229062796,0.0030981129966676235,-0.024415362626314163,-0.0005998522392474115,0.007472841534763575
1724162907.9817572,-0.2378075244924431,0.1373337164219617,-0.011015086082909418,0.9614913308466607,-0.47836151880073907,0.2958795811797207,0.049737368385118316,0.25885140895843506,0.4603252410888672,-0.8491740822792053,-0.0010318818967789412,0.005434016231447458,0.004466700833290815,-0.014682542532682419,0.020923089236021042,-0.007495386991649866
1724162907.987205,-0.23911354161933235,0.13743615795058353,-0.011071234008252674,0.9611520749200654,-0.48102954188218033,0.2963597453528283,0.05015352247602997,0.2588995397090912,0.46269214153289795,-0.8478720188140869,0.007877793163061142,0.003957959357649088,-0.0262675192207098,-0.19421307742595673,0.026932530105113983,0.005209410563111305
1724162908.0386338,-0.24063599436255143,0.1380858883561422,-0.010684677222912149,0.9606832458437202,-0.48397434437826387,0.29833404547139436,0.05191005547885873,0.2601713538169861,0.4653007388114929,-0.8460532426834106,-0.006481857504695654,0.012328238226473331,0.019373783841729164,-0.03935618698596954,-0.034951455891132355,0.027877476066350937
1724162908.0693421,-0.24116455308458065,0.13782086504417718,-0.010091701827229379,0.9605952150681236,-0.48488286022448407,0.29817511647901235,0.05324699698176293,0.2599126100540161,0.46610474586486816,-0.845690131187439,-0.0029195027891546488,0.009694035165011883,0.0116585036739707,-0.019010180607438087,-0.040289632976055145,0.03266673535108566
1724162908.101948,-0.24117889725009617,0.13719829587777074,-0.009624288854128606,0.9606854887535159,-0.4848040581151223,0.29704383644698157,0.05392379696379439,0.25896647572517395,0.46603500843048096,-0.8460187315940857,0.0021853288635611534,0.00655041728168726,8.62369779497385e-06,-0.010482312180101871,-0.0343969352543354,0.03088410571217537
1724162908.170191,-0.24133901768704194,0.13653116571366963,-0.009155351194850407,0.9607449591375572,-0.48502499405159505,0.2958475312555619,0.05463402983271295,0.2579241693019867,0.46623048186302185,-0.8462294340133667,0.0074811456725001335,0.00406274851411581,-0.005349390674382448,0.0027909204363822937,-0.011136573739349842,0.010776955634355545
1724162908.2009702,-0.24122330609730555,0.13632021656395102,-0.008695852902157537,0.9608081964914381,-0.48466221221753353,0.2955951930149233,0.05547073360717615,0.25775986909866333,0.46590951085090637,-0.8464562296867371,0.012134110555052757,-0.005484753753989935,-0.014650627970695496,0.029895147308707237,0.014744045212864876,0.024838494136929512
1724162908.228722,-0.24078925335546084,0.137018567655969,-0.008372642912719214,0.960820633224261,-0.4836402373237232,0.2972132313870613,0.056389901700285155,0.2592684328556061,0.46500498056411743,-0.8464928865432739,0.00600453931838274,-0.0063725421205163,0.0012399597326293588,0.01488170400261879,0.018316730856895447,0.009764495305716991
1724162908.259197,-0.240650803288657,0.13750235397806923,-0.008211506388732545,0.9607875604750991,-0.483280869229465,0.29833729092619743,0.05695059389922352,0.260268896818161,0.4646868109703064,-0.8463605642318726,0.0007454660953953862,-0.003162696724757552,0.0016712475335225463,0.009159988723695278,0.026065582409501076,-0.0026923322584480047
1724162908.315829,-0.24032675018759608,0.13713636734697024,-0.007932603899558289,0.9609232891138931,-0.4825582756612135,0.29759885293750915,0.05723288702068584,0.25974223017692566,0.464046835899353,-0.8468733429908752,-7.70792830735445e-05,0.0022032763808965683,0.004774534609168768,0.02017652988433838,-0.030050069093704224,0.018587075173854828
1724162908.3732262,-0.239899714341132,0.13637008802692083,-0.007220545475956064,0.9611446842726072,-0.48151901768466754,0.29617688483689053,0.058196844381337,0.2586783468723297,0.463126003742218,-0.84770268201828,0.00033800199162214994,0.005714820232242346,-0.0030312114395201206,0.016760675236582756,-0.046381641179323196,0.01887766271829605
1724162908.3853822,-0.23994021842753308,0.13532186919273434,-0.006706260865136946,0.9612864564603741,-0.481509504980173,0.29413472962984455,0.05875570891617491,0.25694796442985535,0.4631175696849823,-0.8482334017753601,-0.0016047968529164791,0.005636329762637615,-0.004025064408779144,-0.005796235520392656,-0.04174479469656944,0.0011933913920074701
1724162908.429322,-0.24008282280765875,0.13397502249268203,-0.006347099588744228,0.9614419228000936,-0.48177412426562316,0.29137485306254246,0.0588547591000157,0.25457075238227844,0.4633520841598511,-0.8488218784332275,0.0077272262424230576,0.004716882016509771,-0.011639531701803207,0.005089514423161745,-0.03226206451654434,-0.00740113016217947
1724162908.478724,-0.23968351767899082,0.13336800242788746,-0.006283880990654959,0.9616263109042803,-0.4809798673616439,0.2899757746186507,0.058515369808016617,0.25348806381225586,0.46264809370040894,-0.8495295643806458,-0.002831730991601944,-0.0077924570068717,0.0013530651340261102,0.08006145060062408,-0.04270503669977188,-0.014954183250665665
1724162908.5078921,-0.23657757722485934,0.13293167916867896,-0.006886379334779701,0.9624513811256368,-0.4748664384924231,0.28801698447232443,0.05584674329364012,0.25262221693992615,0.4572196900844574,-0.8527204394340515,0.006232227198779583,-0.007164577953517437,-0.007778732571750879,0.23481115698814392,0.035222165286540985,0.000719937845133245
1724162908.536057,-0.23353570381036834,0.1337962186512615,-0.004649460073679373,0.9630877286776611,-0.4679693631284936,0.2903917120198581,0.06002207998631177,0.2555433511734009,0.45107489824295044,-0.8551192879676819,-0.0035470372531563044,0.03175264969468117,0.0034665309358388186,0.055374354124069214,-0.036245476454496384,0.22854727506637573
1724162908.5908089,-0.23327825854331258,0.1349458529269008,-0.0009123188864389747,0.9630005076376529,-0.4662507414583368,0.29473549327139936,0.0685698758147007,0.25948020815849304,0.4495404064655304,-0.8547417521476746,0.005828396417200565,0.0002354713506065309,0.0029815579764544964,-0.08344122022390366,-0.0014221889432519674,0.10756928473711014
1724162908.6196408,-0.23544790330838006,0.13533050102765637,0.0021057154365745428,0.9624164089570768,-0.4697102294626003,0.29761197254446875,0.07608522632270909,0.2614801526069641,0.45262792706489563,-0.8524999022483826,0.005027793813496828,0.0012298210058361292,0.0035084853880107403,-0.11359336227178574,-0.010370654985308647,0.16913703083992004
1724162908.650652,-0.2372854425566571,0.13557917707288927,0.004342182088471582,0.9619225563772462,-0.4727349913281573,0.2997467607230419,0.08174152895206604,0.26289400458335876,0.4553230404853821,-0.8506278395652771,-0.0033458760008215904,-0.006899264175444841,0.006125874817371368,-0.08335361629724503,-0.027589336037635803,0.055728521198034286
1724162908.7056699,-0.23818421008161605,0.13412056011044918,0.0049318886429172305,0.9619020671224848,-0.4745034727284934,0.29705948239185653,0.08258644319790844,0.2603710889816284,0.4568968415260315,-0.8505599498748779,-0.0036103492602705956,-0.008999568410217762,0.009687463752925396,-0.0060618664138019085,-0.0984048843383789,-0.02259974554181099
1724162908.772876,-0.23796647185465822,0.1322904265183849,0.0046899399403108255,0.9622106187558688,-0.4742899211067935,0.2928477290044451,0.08100740425165115,0.2568145990371704,0.4567068815231323,-0.8517423868179321,0.002820480614900589,-0.0031191357411444187,-0.0043076095171272755,0.04398912563920021,-0.052456483244895935,-0.054979778826236725
1724162908.786191,-0.23652888119775578,0.13187820698156644,0.004094103707438574,0.9626242094604388,-0.47158293095839243,0.29128231487912776,0.07895967211018261,0.25583505630493164,0.4542970061302185,-0.8533244729042053,-0.0012009245110675693,0.00040644308319315314,-0.0044015240855515,0.10931114107370377,0.01450593862682581,-0.01331842690706253
1724162908.819329,-0.23490935404218644,0.131868729766462,0.003356696304190865,0.9630248627794534,-0.46851500305832555,0.2904968953470103,0.07675827763151129,0.25556275248527527,0.4515618085861206,-0.8548564910888672,0.0004334322293289006,0.0027875506784766912,-0.015461024828255177,0.06169255077838898,0.021641220897436142,-0.0014005068223923445
1724162908.853817,-0.23372351654613305,0.13203268017784953,0.0029497150386792056,0.9632922300096465,-0.46621579926033513,0.29037009012462,0.07552570792295074,0.2557509243488312,0.4495091736316681,-0.85588139295578,-0.002005118876695633,0.005048423074185848,-0.008953515440225601,0.039708640426397324,0.030416080728173256,0.010174649767577648
1724162908.9068,-0.23331276777031504,0.13209659177941396,0.0033127026530402393,0.9633818168418453,-0.46526915613067327,0.2905943711586486,0.07618689201180431,0.25606468319892883,0.4486633837223053,-0.8562312722206116,0.0019024215871468186,0.0008337805047631264,-0.009542170912027359,0.00038205436430871487,0.0056522260420024395,0.033351391553878784
1724162908.929528,-0.23472854290639522,0.13226017016137973,0.005155635552072471,0.9630073153675466,-0.4675794077616088,0.29221810667233683,0.08076816747448007,0.2571553587913513,0.45072683691978455,-0.8548195362091064,0.003419363871216774,0.008343618363142014,-0.015979329124093056,-0.19907018542289734,-0.06048813834786415,0.18089742958545685
1724162909.033001,-0.23865327546805315,0.13392174717292202,0.01203021419095958,0.9617509143113547,-0.4733020310083848,0.3003619477262866,0.09797150346901966,0.2633408308029175,0.4558278024196625,-0.850219190120697,0.0029195027891546488,-0.009694035165011883,-0.0116585036739707,-0.4112687408924103,0.10185346752405167,0.31228578090667725
1724162909.038578,-0.24277912050656025,0.13683339708863615,0.017434798744039744,0.9602243555155093,-0.4796554381934397,0.31072582578370794,0.11287298005334732,0.27124711871147156,0.4614735245704651,-0.8446698188781738,-0.002585567533969879,-0.0027979977894574404,0.015830587595701218,-0.2485818713903427,0.038957010954618454,0.22568951547145844
1724162909.0698252,-0.24602228306576113,0.13799177691521827,0.021820905173244958,0.9591428464300653,-0.4846727388784025,0.31655799352171693,0.12436353217573275,0.27544450759887695,0.4659188389778137,-0.8408626317977905,0.006235860753804445,-0.008642044849693775,0.007684017065912485,-0.15370552241802216,-0.02021285705268383,0.11590513586997986
1724162909.091074,-0.2475339045797998,0.13742598324733787,0.023021909172246547,0.9588070761707952,-0.487418863682408,0.31641774146782164,0.1273121180529228,0.27492740750312805,0.4683469235897064,-0.8396821618080139,0.011671077460050583,-0.018459904938936234,0.005511131137609482,-0.0061416709795594215,-0.05318533256649971,-0.06823621690273285
1724162909.1469522,-0.24759614884609585,0.13545597707633836,0.021382566992376194,0.9591092543550173,-0.4883288514275017,0.3112128548988721,0.12270717782371442,0.27042263746261597,0.46915072202682495,-0.8406956791877747,0.0131660345941782,-0.008748606778681278,-0.008733497932553291,0.022277530282735825,-0.020358754321932793,-0.1340596079826355
1724162909.178235,-0.24643660516775737,0.1334704748354585,0.01796309567338816,0.9597561266960678,-0.4873012681854467,0.30465922996781286,0.11371758738712916,0.2650517225265503,0.4682430028915405,-0.8429092764854431,-0.0036506846081465483,-0.006074114702641964,0.009535271674394608,0.12307388335466385,-0.08740630000829697,-0.18378596007823944
1724162909.215724,-0.2439255500793061,0.13139892818556725,0.014709030740190051,0.9607383472150757,-0.48344458335169155,0.29763933837307316,0.10451167517797312,0.25965580344200134,0.46483176946640015,-0.8464692831039429,0.007679231930524111,-0.006916888058185577,-0.009667348116636276,0.181036114692688,-0.017938993871212006,-0.17975234985351562
1724162909.255962,-0.24111261026399522,0.13045072427535323,0.011911217887057238,0.9616160303406118,-0.4786798963637189,0.29331558615053366,0.09683253446508722,0.25663089752197266,0.4606078565120697,-0.8496946692466736,0.0019060134654864669,-0.002813849365338683,-0.00446325121447444,0.14690949022769928,-0.061947572976350784,-0.12683776021003723
1724162909.3101358,-0.2390364312017321,0.13059528150764801,0.009469766929556893,0.9621417088030298,-0.475182153091394,0.29182916976360906,0.09083078684504285,0.2558295726776123,0.4575004279613495,-0.85161292552948,-0.0008593307575210929,0.0024736332707107067,-0.002353816758841276,0.13107529282569885,0.032086003571748734,-0.08220063149929047
1724162909.3693252,-0.23813657881790246,0.13057830159111533,0.007696360289820284,0.9623829371146223,-0.47388567800673237,0.2906538306076693,0.0866497223772093,0.25499823689460754,0.4563472270965576,-0.8524805307388306,0.003287147730588913,0.008378547616302967,-0.009006619453430176,-0.037048593163490295,0.019705399870872498,-0.05003928393125534
1724162909.381031,-0.24087231250707605,0.13126585296964668,0.0071303505223283764,0.9616126516490284,-0.4795497769465621,0.2925784315237162,0.08684226624112856,0.25588881969451904,0.4613797962665558,-0.8494996428489685,0.00027568190125748515,0.010841733776032925,-0.010990874841809273,-0.1989348977804184,0.07943734526634216,0.025646256282925606
1724162909.4221401,-0.24390241230251705,0.1321770785585218,0.009378882548005995,0.9607043036276373,-0.4849417741840998,0.2965634150776558,0.0933843281038662,0.2585412263870239,0.46615687012672424,-0.8460816740989685,-0.003172808326780796,0.014165000058710575,-0.002593024866655469,-0.1360091120004654,0.06986075639724731,0.20086190104484558
1724162909.451937,-0.24457848521678083,0.13395252766204607,0.012603680038800458,0.9602495363414736,-0.48514447100165586,0.3023691989789861,0.10160861774290585,0.26342087984085083,0.4663361608982086,-0.8444761633872986,-0.007172703742980957,-0.006365365814417601,0.01740274392068386,0.04220602661371231,0.0352037213742733,0.1642037332057953
1724162909.517274,-0.24299769084142694,0.13422758783775993,0.014073951790614504,0.9605919521228985,-0.4814502199302,0.3032955255761353,0.1042960637189273,0.2647157609462738,0.4630650281906128,-0.8458701372146606,-0.000693921756464988,0.008978673256933689,-0.008948341943323612,0.026656119152903557,0.02450975775718689,0.06302442401647568
1724162909.548172,-0.2430318727342065,0.13418887645135597,0.014076114917014736,0.9605886571414662,-0.48152308092377527,0.30322085202686677,0.10429372276814171,0.26464250683784485,0.46312960982322693,-0.8458577394485474,0.009556160308420658,0.0041063092648983,-0.011328248307108879,-0.021446915343403816,0.045048847794532776,-0.030722269788384438
1724162909.605503,-0.24336974069473738,0.13477103546551514,0.013078218353474216,0.9604357450297625,-0.48245670690041764,0.3040846940449636,0.10258902586551658,0.2652435302734375,0.4639568626880646,-0.8452158570289612,-0.0010395406279712915,-0.009125207550823689,0.006591075100004673,0.015527855604887009,0.006537791807204485,-0.05390017852187157
1724162909.617053,-0.24260150617563225,0.13488358839009443,0.01149089903443165,0.9606345607139343,-0.48138014305255905,0.3032927421410706,0.09890587967905837,0.2647230923175812,0.46300292015075684,-0.8459018468856812,-0.0005325376987457275,-0.0005529768532142043,0.002044257940724492,0.08663669228553772,0.017761027440428734,-0.057531848549842834
1724162909.671273,-0.24205750336863704,0.13466492065653765,0.010649677446627478,0.9608121747014161,-0.480559431879355,0.30222299921836226,0.09675002086508797,0.2639310657978058,0.46227532625198364,-0.8465470671653748,0.0004774013359565288,-0.001615369925275445,0.00015391700435429811,0.005111848935484886,-0.01911953091621399,-0.043027363717556
1724162909.70077,-0.24237776805160005,0.1341742498445281,0.01023894589300924,0.9608045178392558,-0.4813855450958417,0.3010137211617064,0.09572525027149689,0.2627938389778137,0.46300771832466125,-0.84650057554245,0.0006464023026637733,0.001242040190845728,-0.001361688831821084,-0.011282088235020638,0.003795891534537077,-0.024304885417222977
1724162909.7296538,-0.24240786565855582,0.13425541810566177,0.010099250404111092,0.9607870907869744,-0.4814817105539925,0.30112877201078253,0.09547916888871084,0.2628780007362366,0.46309295296669006,-0.8464277982711792,0.006610564421862364,-0.004375211428850889,-0.010657751932740211,0.011775199323892593,0.041221342980861664,-0.012839822098612785
1724162909.784719,-0.24170396359339996,0.13494867645975828,0.009466243364552892,0.960873729691356,-0.48018026697839,0.30214047493312185,0.09420387098590283,0.2639133334159851,0.4619390666484833,-0.8467360734939575,0.0034449398517608643,0.002494527492672205,-0.00309293856844306,0.06452822685241699,0.04113004356622696,-0.04110835865139961
1724162909.820712,-0.2408756613587713,0.13542805647766323,0.008637309662543733,0.9610220901531638,-0.4787095795190662,0.30254709185881834,0.09234033348131036,0.2644597291946411,0.4606342017650604,-0.8472763299942017,-0.001604755176231265,0.007806492503732443,0.006358766462653875,0.0420367494225502,0.015137865208089352,-0.033471833914518356
1724162909.852396,-0.24084144544739183,0.1354665708595933,0.008635040519476417,0.961025241138461,-0.4786371406238178,0.3026217482978004,0.09234248424421927,0.2645329236984253,0.46056991815567017,-0.8472884297370911,0.001652791048400104,0.005997440777719021,0.0020528817549347878,-0.030269769951701164,-0.014670553617179394,0.014270938001573086
1724162909.931756,-0.24199645190917235,0.13578588954130452,0.008947599321435276,0.9606871301882676,-0.4808532528905921,0.3038011775735574,0.09365256470486738,0.2652260959148407,0.4625358581542969,-0.8459998369216919,-0.0027250086423009634,0.002362029394134879,0.0022616267669945955,-0.06902967393398285,0.011367503553628922,0.011217180639505386
1724162909.936747,-0.24353450276059274,0.13634290239965843,0.009507661642141793,0.9602140923735561,-0.48374521819487404,0.3057465739882346,0.09578753036248876,0.2664676308631897,0.46509793400764465,-0.8442031145095825,-0.0063093481585383415,0.007197692058980465,0.002169436775147915,-0.08107537031173706,0.02990090101957321,0.04481548070907593
1724162909.970663,-0.24467113838194932,0.13662656235463005,0.010912239258580158,0.9598698138979762,-0.48558190431153114,0.3074273722931647,0.09944635617228123,0.2676272392272949,0.46672308444976807,-0.8429384231567383,-0.006540627218782902,0.01163735892623663,0.006109210196882486,-0.03228931501507759,0.00481553515419364,0.10112226754426956
1724162910.012466,-0.2452189653831734,0.13704329627069914,0.013842556737256604,0.9596327447482521,-0.4857211691288661,0.31004309675841635,0.10624374232708425,0.26981139183044434,0.4668462574481964,-0.8421735763549805,-0.004351748153567314,0.012369981966912746,0.0008129219058901072,-0.029277514666318893,0.01971365325152874,0.18617716431617737
1724162910.0656629,-0.24588794443662693,0.1377613082907972,0.017682229870223606,0.959295725234618,-0.48576687085315867,0.31384339595788635,0.11522789572214003,0.27300336956977844,0.4668866693973541,-0.8411219120025635,0.004664173815399408,-0.000806072202976793,-0.016730524599552155,-0.029982086271047592,0.046145711094141006,0.1931435614824295
1724162910.1009831,-0.24556937122262462,0.13981215622404017,0.020387085328230928,0.9590268786842229,-0.4839899212988066,0.319694112276085,0.1220576350895519,0.2781801223754883,0.4653145372867584,-0.8402965068817139,0.006610522978007793,-0.006545374169945717,-0.02104158140718937,0.04014424607157707,0.13783001899719238,0.14477594196796417
1724162910.1522732,-0.24410060466871203,0.14332202347557133,0.022083396973309525,0.9588461120883555,-0.48000065577577256,0.32786078771750865,0.12696977108730115,0.28562867641448975,0.46177977323532104,-0.8397473692893982,-0.004263976588845253,-0.005116510670632124,-0.00949251651763916,0.08198294788599014,0.16611768305301666,0.1260058879852295
1724162910.183218,-0.24246229771432623,0.14663481499219347,0.023388352807392022,0.9587299489988956,-0.47580326701927467,0.33530592765837364,0.13081465687911725,0.29250794649124146,0.4580526351928711,-0.8394205570220947,-0.0030446595046669245,-0.004076784010976553,-0.002362440340220928,0.06219446286559105,0.13779476284980774,0.11318948864936829
1724162910.215744,-0.24173803260917617,0.14919163639394478,0.024980266273668998,0.9584781595570612,-0.47343658537972316,0.3415086355795282,0.13526125259310742,0.2980712056159973,0.4559475779533386,-0.8386091589927673,-0.006974142976105213,0.004509481601417065,0.0008025735151022673,-0.013035837560892105,0.08862271904945374,0.12787489593029022
1724162910.269464,-0.24169637157197538,0.15119718977424257,0.027286168696796762,0.9581114916906425,-0.4722520124559492,0.3470742658706256,0.14125253646246347,0.3029174506664276,0.45489296317100525,-0.837444543838501,0.0009548026719130576,-0.00323073985055089,0.00030783400870859623,-0.01747998222708702,0.07407752424478531,0.13771110773086548
1724162910.304735,-0.24228543323187562,0.15321582139414186,0.029941361672101808,0.9575625648896599,-0.4721834972311805,0.35306081020624075,0.14829585146792051,0.3079361915588379,0.45483195781707764,-0.8356453776359558,0.0032243942841887474,-0.006178859621286392,0.005699761677533388,-0.05228893458843231,0.06530321389436722,0.14119818806648254
1724162910.335629,-0.24353079643465547,0.15520431036245783,0.032150769122939134,0.9568545192297622,-0.4735710326100257,0.35900425819404336,0.15469456244046562,0.3126752972602844,0.4560672342777252,-0.8332087397575378,-0.011087469756603241,0.0029743742197752,-0.002550270175561309,-0.12425675243139267,0.07189761102199554,0.09904234111309052
1724162910.3682199,-0.24657562369476405,0.1555492704620187,0.03442110670858927,0.9559392950375197,-0.4787998313261116,0.362054207925491,0.16127340970475393,0.3143661320209503,0.46071431040763855,-0.8300097584724426,-0.02546161226928234,0.0194246843457222,-0.008376134559512138,-0.2367725372314453,-0.04341016709804535,0.0805266797542572
1724162910.426974,-0.2513050413277271,0.15514598361121124,0.037134020706142204,0.9546708392370915,-0.48737121472236394,0.3643967280846423,0.1693059164051738,0.31489062309265137,0.4683048129081726,-0.8255510330200195,-0.019857395440340042,0.012464235536754131,-0.012064626440405846,-0.3005797564983368,-0.029464202001690865,0.1273907870054245
1724162910.455863,-0.25609674080133826,0.15512765704084192,0.04091766873342287,0.9532447567073116,-0.4955900869542794,0.368291348054956,0.17997027175931993,0.3167070150375366,0.4755508303642273,-0.8206997513771057,-0.025619879364967346,0.003454220946878195,-0.002007601782679558,-0.2772292196750641,-0.01694932021200657,0.18630944192409515
1724162910.4870539,-0.26003695987739883,0.15544911867010194,0.045654484839242296,0.9519096278682068,-0.5016460948494299,0.3732182683610121,0.19252428908026026,0.3196907341480255,0.48086947202682495,-0.8164327144622803,-0.025153687223792076,-0.0069025796838104725,0.005575601477175951,-0.22442486882209778,-0.020058153197169304,0.22534900903701782
1724162910.568466,-0.2625772916174078,0.15548999710732314,0.05051677217890993,0.9509594559307838,-0.5048669695996436,0.37706680853403485,0.204492638790554,0.32225847244262695,0.4836910367012024,-0.8137520551681519,-0.008873055689036846,-0.004312255419790745,-0.005343998316675425,-0.14594922959804535,-0.027315713465213776,0.22796760499477386
1724162910.580539,-0.264422204236294,0.15610227404028423,0.0549802357104904,0.9501000364763148,-0.5066948247667182,0.38170755790775696,0.2155692643482178,0.3257015347480774,0.4852900207042694,-0.8114259839057922,0.0035036266781389713,-0.001154918922111392,-0.010596025735139847,-0.12580040097236633,0.019864549860358238,0.20212656259536743
1724162910.625836,-0.2659482382221489,0.1578385627218908,0.058755015471795735,0.9491608525090182,-0.5078591318307438,0.38836232044417546,0.22563651321409006,0.33087995648384094,0.48630771040916443,-0.8087170720100403,0.00822302047163248,0.004547682590782642,-0.008757063187658787,-0.11448057740926743,0.06266997009515762,0.20732413232326508
1724162910.654638,-0.26770832310405074,0.1607967136078711,0.06258979063335789,0.9479235452981615,-0.5091160344863155,0.39792067950877746,0.2366973778981554,0.3383575975894928,0.48740559816360474,-0.8049533367156982,0.016159623861312866,0.01136668398976326,-0.011376176960766315,-0.16242073476314545,0.14559848606586456,0.23499539494514465
1724162910.685715,-0.2700191999473887,0.16445789613681766,0.06697908158638546,0.9463386715188229,-0.510975921315021,0.40967875529946646,0.24974076615822854,0.3474369943141937,0.4890287518501282,-0.800086498260498,0.009427578188478947,0.002663772087544203,0.01110721193253994,-0.15779370069503784,0.12655608355998993,0.25624147057533264
1724162910.745723,-0.27222334429192824,0.1673932449812777,0.07226841487940874,0.9448021504895919,-0.512319099030393,0.42030812400278617,0.2643018436851715,0.3556532859802246,0.4901999235153198,-0.7957479357719421,0.00791829451918602,0.009713158011436462,0.015419994480907917,-0.16954734921455383,0.063448965549469,0.29955482482910156
1724162910.774592,-0.274582841822934,0.16910699750923386,0.07932378275617712,0.9432469202428492,-0.5134329198043854,0.42931843807064785,0.282136828216894,0.36258119344711304,0.4911704361438751,-0.7920141816139221,-0.00046247581485658884,0.013219659216701984,0.028647208586335182,-0.19450879096984863,-0.05354754999279976,0.38829609751701355
1724162910.812303,-0.27665692755833005,0.16878798790963193,0.08924366823418689,0.9418104578034873,-0.5132260932913183,0.43524600693706156,0.3048664946715356,0.36731234192848206,0.4909902811050415,-0.7899430990219116,-0.014866136945784092,0.02382269687950611,0.04828973859548569,-0.2041349709033966,-0.23688900470733643,0.538661003112793
1724162910.868505,-0.2783169248323332,0.1649404428602444,0.10407831048110817,0.9404796061956222,-0.5111371110514693,0.43579705860295725,0.33600745933867876,0.3681797385215759,0.4891693592071533,-0.7906686663627625,-0.0026472462341189384,0.032864052802324295,0.03712403401732445,-0.25569576025009155,-0.46744537353515625,0.7325080037117004
1724162910.924117,-0.28056960642278156,0.15839865197410377,0.12284374015135688,0.9386692293730635,-0.5095764438556963,0.4330172292848092,0.3747106281258828,0.3663003146648407,0.48780757188796997,-0.7923811078071594,-0.006448622327297926,0.021038370206952095,0.030135799199342728,-0.3696601390838623,-0.6552276015281677,0.8376966118812561
1724162910.9369469,-0.2836063406465937,0.1487953034285406,0.14419544963136888,0.936287904354895,-0.509983860695181,0.4257120029991302,0.41817064135449566,0.36041995882987976,0.48816317319869995,-0.7948548197746277,0.012266409583389759,-0.0011793571757152677,-0.0008556765969842672,-0.3930787444114685,-0.7552193999290466,0.8894534111022949
1724162910.983352,-0.28662502509746,0.13921760477039358,0.1659507132514703,0.933233532385841,-0.5106789081202724,0.41904722412737305,0.46287005498594613,0.3549763262271881,0.48876968026161194,-0.796929121017456,0.022472089156508446,-0.02133312076330185,0.003815519157797098,-0.42524176836013794,-0.6862607598304749,0.8950631618499756
1724162911.0573192,-0.2885142241485913,0.13107801698397606,0.18699984194855326,0.9298435630858303,-0.5092505728772243,0.4145483939567601,0.506282690892086,0.3516683280467987,0.48752307891845703,-0.7991561889648438,0.028277508914470673,-0.06477531790733337,0.01317020133137703,-0.24078097939491272,-0.6167318820953369,0.866754949092865
1724162911.069598,-0.2857882088267769,0.124851032019431,0.20747705339978398,0.9271949368047163,-0.49855315576334386,0.41002826498271033,0.5460541740263992,0.3501114845275879,0.47815534472465515,-0.8054746389389038,-0.023427367210388184,0.002709377557039261,0.008158860728144646,-0.033156197518110275,-0.6672556400299072,1.0060760974884033
1724162911.088959,-0.2814202386527802,0.11626180275926135,0.23551143065993105,0.9229410160295174,-0.48330322530970155,0.40287673531890367,0.6002630064241141,0.3471609354019165,0.4647066295146942,-0.8145716786384583,0.004393508657813072,0.0502680167555809,-0.03750737011432648,-0.1881360411643982,-0.8476113080978394,1.4403448104858398
1724162911.167183,-0.27818677881213305,0.10872080085111861,0.26854952358864786,0.9157908878585326,-0.4680288543874553,0.4012228010449094,0.6673654279306312,0.3485448956489563,0.4511280059814453,-0.8215838074684143,0.022609153762459755,0.03186711668968201,-0.07646023482084274,-0.3138396143913269,-0.7651106119155884,1.5931949615478516
1724162911.173006,-0.27785381968937833,0.1040444308608717,0.3013406951061425,0.9061819295446607,-0.45656391385888095,0.4078664314497576,0.7380930380850329,0.3560236990451813,0.4408665895462036,-0.8239440321922302,0.010760593228042126,-0.00428808992728591,-0.0226154662668705,-0.4146628677845001,-0.5858044028282166,1.532393455505371
1724162911.216061,-0.27948422474138557,0.0998568414818871,0.33022330089969365,0.896029950767979,-0.4499298433046134,0.4155708522542488,0.8026075232393054,0.3635338544845581,0.4349023699760437,-0.8238343596458435,0.03592493012547493,-0.014838889241218567,-0.044105805456638336,-0.47778990864753723,-0.3722662627696991,1.3049993515014648
1724162911.2635489,-0.2831695984443015,0.09854174975943301,0.35214188176338884,0.8866231181137608,-0.44751665043682476,0.42798897983688056,0.8549631036809209,0.37417054176330566,0.4327280819416046,-0.8202090263366699,0.016400689259171486,-0.04989500343799591,0.014101402834057808,-0.4010516107082367,-0.22559848427772522,0.9457347989082336
1724162911.303204,-0.2863232719731207,0.09727845719033659,0.3682142986036442,0.8791894172424484,-0.44651644414140146,0.437220124395778,0.8940283972447693,0.38190901279449463,0.4318261742591858,-0.8171117901802063,0.04324391111731529,-0.0362728051841259,0.005651956424117088,-0.29272985458374023,-0.1143498495221138,0.6868168711662292
1724162911.378469,-0.28998261301749456,0.09897168395655623,0.3789887852296983,0.8732022708313822,-0.44605360446164416,0.4502928425032149,0.9227689229234518,0.3926449120044708,0.43140867352485657,-0.8122293949127197,0.03316330537199974,-0.006688548717647791,-0.005765956826508045,-0.21748164296150208,0.08204656839370728,0.5318863987922668
1724162911.390095,-0.2930539327069513,0.10220962805660021,0.3890455581879259,0.8673615376887962,-0.4432072296720298,0.46528667925280165,0.9499394197092038,0.40532806515693665,0.4288390278816223,-0.8073451519012451,0.03420998528599739,-0.007028765045106411,-0.012583023868501186,-0.1346849650144577,0.17367927730083466,0.6295586824417114
1724162911.426031,-0.2935466272879455,0.10915256840403087,0.400753321424685,0.8609951795468759,-0.43124038999995096,0.4846432035844552,0.9794321285193311,0.42323923110961914,0.41799798607826233,-0.8038321733474731,0.01544276811182499,-0.02116215042769909,-0.003567563137039542,0.03846297040581703,0.18846148252487183,0.8176841139793396
1724162911.4795508,-0.29164685645926824,0.11910613567578493,0.41414859251789066,0.8539535905364296,-0.4109173528919173,0.5068202901840634,1.0109525627834528,0.4449924826622009,0.39945051074028015,-0.8015117049217224,0.02727929688990116,-0.030946850776672363,0.0057328734546899796,0.16135726869106293,0.29584625363349915,0.9067372679710388
1724162911.4923291,-0.289449242409413,0.13038417160507812,0.4267851478577068,0.8468019351839332,-0.38862931705881576,0.5300614254497822,1.0404058040614017,0.4678844213485718,0.378920316696167,-0.7984381914138794,0.020977173000574112,-0.02887425571680069,0.02844397909939289,0.11195330321788788,0.27748754620552063,0.8301205039024353
1724162911.533239,-0.2878092769146117,0.13920866460243092,0.4368502550711678,0.8408022951078473,-0.37079307093588293,0.5479719186252803,1.0636774258650261,0.4855530560016632,0.36235475540161133,-0.7955735325813293,0.0356157049536705,-0.047564588487148285,0.009940593503415585,0.09473513811826706,0.2209797203540802,0.5630974173545837
1724162911.5909019,-0.28700577811113864,0.1456199236873518,0.44204600387318504,0.8372679767998202,-0.3595575204923723,0.560462960676191,1.076049479067771,0.49758532643318176,0.3518601059913635,-0.7928450703620911,0.02345956861972809,-0.042048536241054535,0.006399920675903559,0.06431698054075241,0.12963491678237915,0.24402500689029694
1724162911.640974,-0.28609463644128846,0.14858471586871386,0.44342097160858623,0.8363313806511566,-0.35412382171759166,0.5650747676214994,1.0788238166070891,0.5022528171539307,0.34676870703697205,-0.7921448945999146,0.024936050176620483,-0.038123734295368195,-0.03134092316031456,0.08336096256971359,0.028974726796150208,-0.004035360645502806
1724162911.6532469,-0.28408338663628463,0.15070880920591154,0.44044980768005454,0.8382049105185926,-0.35062073969791974,0.5650727751052828,1.0703788382901696,0.5028986930847168,0.3434808850288391,-0.793166995048523,-0.012040805071592331,0.07393872737884521,-0.029320914298295975,0.11356409639120102,0.01754436269402504,-0.08136565238237381
1724162911.7069259,-0.2810901389709985,0.15175617540880926,0.44151127149546676,0.8384665308343645,-0.3441166255880869,0.563324871306724,1.0698354285683351,0.5026938915252686,0.3373652398586273,-0.7959167957305908,0.03416445106267929,0.09495020657777786,-0.05125424638390541,0.16143321990966797,0.05500630661845207,0.2500700056552887
1724162911.77179,-0.2770185295210735,0.15770560202006875,0.44478757979901,0.8369907470194565,-0.32935515018955996,0.5697460311920023,1.0741739560213837,0.5104250907897949,0.32343292236328125,-0.7967793345451355,-0.027545752003788948,-0.06291171163320541,0.026189906522631645,0.46792787313461304,0.17998667061328888,0.16498586535453796
1724162911.7845411,-0.26628531929076843,0.15988872079369168,0.441105279192271,0.8419939081419437,-0.3124234968025179,0.5583860848766364,1.0553801806763798,0.5041703581809998,0.307365745306015,-0.8070554733276367,-0.10327739268541336,-0.028205037117004395,0.04290752485394478,0.683711051940918,-0.32370898127555847,-0.36290571093559265
1724162911.814413,-0.25639265522030763,0.15868357587515675,0.43317797287520815,0.8493756843949841,-0.30267106423661266,0.5411313783081053,1.027771734885743,0.4916912317276001,0.2980709373950958,-0.8181646466255188,-0.050192516297101974,0.0327630341053009,-0.002346823690459132,0.48021939396858215,-0.03297311067581177,-0.4352392256259918
1724162911.84441,-0.25007672798218605,0.161242050836332,0.42483200664736875,0.8549739073216039,-0.29487117375144567,0.5354381352733847,1.0037511015667344,0.4881967008113861,0.29061660170555115,-0.8229252696037292,-0.14711958169937134,0.02496998943388462,0.06779657304286957,0.34543541073799133,-0.03477849066257477,-0.29636329412460327
1724162911.8994741,-0.24677637451100623,0.16246485815046188,0.4207148737822747,0.8577328244401126,-0.2907111718943159,0.532453441842938,0.9918294302609933,0.48634785413742065,0.2866336405277252,-0.825413167476654,-0.02666313573718071,-0.008533844724297523,-0.031646937131881714,0.1406937539577484,0.20071539282798767,-0.11432064324617386
1724162911.92843,-0.25029292812095477,0.16834529655536648,0.4170526923679836,0.8573682001807865,-0.29294047424051856,0.5463509796878024,0.9880923181694787,0.4974384903907776,0.2887687087059021,-0.818026602268219,0.012780388817191124,-0.010753201320767403,-0.04716381058096886,-0.1716378629207611,0.5305216312408447,-0.0710158720612526
1724162911.9686751,-0.2586855176152911,0.1719943493107189,0.4150120593560723,0.8551401600081228,-0.3043418036662092,0.562598319565589,0.9922311606815192,0.5088737607002258,0.29966530203819275,-0.8069995045661926,-0.02663279138505459,-0.13312077522277832,0.0424245223402977,-0.186659038066864,0.17170734703540802,-0.18411849439144135
1724162911.999407,-0.2610107615809226,0.1646147410903542,0.41265376843795326,0.8570251436808555,-0.3168004025380667,0.5511055964815232,0.9877386834167173,0.4975720942020416,0.311527818441391,-0.8095507621765137,0.0025997268967330456,-0.02264334075152874,-0.047434061765670776,-0.321428120136261,-0.5096561312675476,-0.31210026144981384
1724162912.071419,-0.26345632734275315,0.1521925615842702,0.40992851388025736,0.8598760615651168,-0.33450689567283287,0.5302665309109187,0.98133704149143,0.47773000597953796,0.3283034563064575,-0.8148563504219055,0.019072292372584343,0.02431190386414528,-0.07662622630596161,-0.4712539613246918,-0.4697214365005493,-0.4196354150772095
1724162912.0831351,-0.2689859175123889,0.13846858609500431,0.40634011226849337,0.8621836762076639,-0.3589590841618852,0.510376917582106,0.9754287353723737,0.45737025141716003,0.35129988193511963,-0.8169460296630859,0.021660152822732925,-0.03559068962931633,-0.019379761070013046,-0.4791918992996216,-0.36796069145202637,-0.5042739510536194
1724162912.1331558,-0.2740252275048948,0.128371312185532,0.3999380244053481,0.8651476555885511,-0.380584734610389,0.49532378909411656,0.9633667948769771,0.4413065016269684,0.37146344780921936,-0.8168619871139526,-0.00012606492964550853,-0.05530962347984314,0.020927313715219498,-0.2739133834838867,-0.22818633913993835,-0.5538758039474487
1724162912.1792579,-0.2766962388159297,0.11992420688290802,0.39344894879158343,0.8684786303489022,-0.3965533218773269,0.48011106577332113,0.9490252053682691,0.4260348975658417,0.38624146580696106,-0.8181147575378418,0.013166075572371483,-0.006578443571925163,0.001650332473218441,-0.2054714411497116,-0.2424280047416687,-0.4447300136089325
1724162912.263423,-0.2799532253756286,0.1139779307996367,0.3888081232579828,0.8703237487290052,-0.4100648369040344,0.4709197283224384,0.9399767130576577,0.41609156131744385,0.3986688256263733,-0.8172704577445984,0.051373355090618134,0.05644991621375084,-0.05018797516822815,-0.3099670708179474,-0.047615837305784225,-0.29422876238822937
1724162912.276777,-0.2871518747163902,0.10990426076197637,0.38650871019895827,0.869526164892453,-0.42729906623211045,0.4711540529737935,0.940611542070628,0.4131026566028595,0.41441425681114197,-0.8109297156333923,0.022749319672584534,0.061582550406455994,-0.012870503589510918,-0.48965930938720703,-0.043231282383203506,-0.11219468712806702
1724162912.31715,-0.29310092138659694,0.10571307525718886,0.38583462825114767,0.8683595189349226,-0.44167952871668603,0.4704291004555013,0.9437507912244737,0.4097708761692047,0.42745843529701233,-0.8058332204818726,0.014712227508425713,-0.00639516394585371,0.023562313988804817,-0.20091474056243896,-0.11039194464683533,-0.15124444663524628
1724162912.322329,-0.2953790263198668,0.10158557441581853,0.3841838328882753,0.8688120198214198,-0.45026332165433963,0.46468637813724084,0.9409587225428,0.4034772217273712,0.4352026581764221,-0.8048632144927979,0.021272365003824234,0.03580326586961746,0.037152551114559174,-0.1322302520275116,-0.12017900496721268,-0.16958825290203094
1724162912.369687,-0.2964056374108676,0.09867070097538135,0.3829538508448211,0.8693412142993525,-0.45535661999299865,0.459831870147227,0.9382216360801466,0.39857637882232666,0.43978264927864075,-0.8048155903816223,0.0013441659975796938,0.001636715605854988,0.07496855407953262,0.008245556615293026,-0.14529643952846527,-0.10060089081525803
1724162912.4209461,-0.294586826410664,0.09621117566353533,0.38302644929055224,0.8702026122499457,-0.45448271910343846,0.45284993703405735,0.9357193003264619,0.3931155204772949,0.43899762630462646,-0.8079240322113037,-0.0005727485986426473,0.00888296589255333,0.03304355964064598,0.09500627219676971,-0.16413690149784088,-0.0345783494412899
1724162912.48087,-0.2937943326767118,0.09392506873102703,0.383387685160312,0.8705612077845664,-0.45505583645469627,0.44766133860864105,0.9349886825194285,0.38880929350852966,0.4395124912261963,-0.8097259402275085,0.011334583163261414,0.045729056000709534,-0.00753663619980216,-0.06026202067732811,-0.10507176071405411,-0.0235940869897604
1724162912.492885,-0.2964379878536461,0.09114349891366423,0.3842320476542911,0.8695878207299143,-0.4617519022136552,0.4461623800059044,0.9386728614751548,0.3863165080547333,0.44551724195480347,-0.8076347708702087,0.03243311494588852,0.02342243120074272,-0.022069783881306648,-0.19865114986896515,-0.047297537326812744,0.008232555352151394
1724162912.530978,-0.2992897595130968,0.09032405010818542,0.3837147764993862,0.8689247262221023,-0.46766495361195687,0.4480016196859106,0.9401128540479792,0.3866533935070038,0.4508032202720642,-0.8045344352722168,0.029093904420733452,-0.01479673944413662,-0.0038876887410879135,-0.07154811173677444,0.05450759828090668,-0.04867944493889809
1724162912.594698,-0.3003538910886266,0.08944706654868179,0.38317428737401815,0.8688867002761909,-0.4705755704792339,0.44741803751354453,0.9396559944834911,0.3856145143508911,0.4533993899822235,-0.8035735487937927,0.022384751588106155,0.015837693586945534,-0.008545085787773132,-0.055339835584163666,-0.06160680949687958,-0.004023266024887562
1724162912.6413279,-0.30204863722383685,0.08916245968504384,0.3855255565329856,0.8672869662337072,-0.4725708546237211,0.45032438336221486,0.946762465446389,0.3875538110733032,0.4551769196987152,-0.801633358001709,0.03974881023168564,0.018809977918863297,-0.03120848350226879,-0.15618762373924255,0.008152563124895096,0.21063601970672607
1724162912.6767302,-0.3043493038741875,0.09090635123172375,0.38871048269020547,0.8648766442110671,-0.4732446302914945,0.4583675584021637,0.9571657425139006,0.393853098154068,0.45577672123908997,-0.7982150912284851,0.11793272942304611,-0.06328322738409042,-0.06337103992700577,-0.07585563510656357,0.24933311343193054,0.1381881684064865
1724162912.689132,-0.3057614659544989,0.1055734343831163,0.3808647112553297,0.8662021373451172,-0.4659638237131961,0.4841119890961648,0.9455415229911925,0.41580337285995483,0.4492841064929962,-0.7907283306121826,0.06286519020795822,-0.09954985231161118,-0.03154495358467102,0.664584219455719,1.0439034700393677,-0.3375675678253174
1724162912.732671,-0.3016370898744577,0.12778672198300986,0.3679739804555614,0.8702188296852338,-0.445529966457838,0.5149226276520282,0.9192490710945233,0.4443940222263336,0.43093618750572205,-0.7853712439537048,-0.01366750430315733,0.08611684292554855,-0.02038578689098358,0.6995930075645447,1.1266402006149292,-0.17264431715011597
1724162912.761503,-0.2957509141259181,0.14949974044580722,0.35403094703396254,0.8745531482104067,-0.42403859780413067,0.542944109588367,0.8889843640664515,0.47090089321136475,0.411444753408432,-0.7803624272346497,-0.08190076053142548,-0.09586002677679062,0.121612049639225,0.9653186798095703,0.7516684532165527,-0.5454073548316956
1724162912.8194718,-0.28417695925294156,0.16161013971873348,0.335192426135272,0.8836128121869916,-0.4048314223033491,0.5444858065641216,0.8396083884896001,0.47610950469970703,0.39386382699012756,-0.7862512469291687,-0.014203448779881,-0.07175784558057785,0.04686630144715309,1.0121300220489502,0.4293253421783447,-0.9012486338615417
1724162912.849298,-0.27497173782371925,0.16908894765665797,0.3112955289349373,0.8938089855599795,-0.39658554088038683,0.5390269080073435,0.7811784185496183,0.473461389541626,0.3862711787223816,-0.791598916053772,0.01840723119676113,0.010620024986565113,-0.013791720382869244,0.6524890065193176,0.4491475522518158,-1.1267296075820923
1724162912.927268,-0.2729975440317764,0.17379244712736808,0.286024683832573,0.9019191922998178,-0.40391966195535994,0.5360732399506855,0.7265424177797235,0.46966156363487244,0.39302560687065125,-0.7905370593070984,-0.027346158400177956,-0.003987573087215424,0.0057929703034460545,0.34736931324005127,0.38651663064956665,-1.1970316171646118
1724162912.93886,-0.2740510537592072,0.17380615694124235,0.26319231759195766,0.9085246674652925,-0.4185930664608624,0.5276981269222597,0.6785831791021206,0.4600706398487091,0.4064754247665405,-0.7893748879432678,-0.028737984597682953,0.00010324650793336332,0.015867242589592934,0.14559997618198395,0.1638951152563095,-1.0364362001419067
1724162912.981499,-0.27719798155682607,0.1716560760427684,0.24548653508548304,0.9129247959600391,-0.43547741957932967,0.5187412710399063,0.6426544623664177,0.4495149254798889,0.4218433201313019,-0.787390947341919,-0.010128558613359928,0.02012065052986145,0.00093810074031353,-0.0989370197057724,0.09520869702100754,-0.8005566000938416
1724162913.03725,-0.283772204773322,0.1662250239940163,0.23273470632663149,0.9152469721114083,-0.4579058182814756,0.5080540954445643,0.6188806559603044,0.4363611936569214,0.4420706629753113,-0.7836851477622986,-0.016483258455991745,-0.031672023236751556,0.03472306579351425,-0.3128107190132141,-0.10724729299545288,-0.7253640294075012
1724162913.050308,-0.2940440369649961,0.1561317122186486,0.22264144413571196,0.9162923726422338,-0.48854074262759445,0.49190816878063354,0.6017006239014779,0.4170573651790619,0.4693378508090973,-0.7783219814300537,-0.010089297778904438,-0.03302425891160965,-0.005496772471815348,-0.689878523349762,-0.26824718713760376,-0.73745197057724
1724162913.089484,-0.31337296727966946,0.14358951012716184,0.21239641060086478,0.9143670826186037,-0.5376047110929598,0.47877457114432115,0.5907445198543055,0.3957056403160095,0.5120800733566284,-0.7623588442802429,-0.007149852812290192,0.030801814049482346,-0.020121872425079346,-1.3764954805374146,-0.16435237228870392,-0.7641221284866333
1724162913.118279,-0.34154128661374367,0.12728062580196708,0.20662765258380095,0.907994521788529,-0.6036313671884587,0.46922616206863416,0.5960582508805302,0.3722839653491974,0.5676358938217163,-0.7342984080314636,-0.094756580889225,-0.008506594225764275,0.06211855262517929,-1.585269808769226,-0.6191849112510681,-0.49088987708091736
1724162913.174515,-0.3635310337711238,0.10834527882484235,0.206621403389937,0.9018946573305766,-0.6572732792130431,0.4518432446060311,0.6068570749866945,0.34565863013267517,0.6109605431556702,-0.7122129797935486,0.02890630252659321,-0.02995113655924797,-0.05701978877186775,-1.0083332061767578,-0.48424458503723145,-0.3684726655483246
1724162913.2056642,-0.375958956104119,0.09608533406193427,0.2049477096409237,0.8985648803176669,-0.6896433676894319,0.4373953892277362,0.6078100641662236,0.32678166031837463,0.6362621188163757,-0.6988449692726135,0.025487413629889488,-0.016440266743302345,-0.053322672843933105,-0.44628357887268066,-0.27290794253349304,-0.31510668992996216
1724162913.280818,-0.38133480542588266,0.08832861638816815,0.20360918195465036,0.8973989931506078,-0.7055464379666636,0.4249082546449934,0.6047263637180997,0.3138185441493988,0.6484499573707581,-0.6935636401176453,-0.00960229616612196,0.06950768828392029,-0.04621225222945213,-0.2914462983608246,-0.21711327135562897,-0.09826461970806122
1724162913.292903,-0.38569258151341496,0.08367892536231057,0.20521233202070932,0.8956153680717441,-0.7161966267789585,0.42088436038245736,0.6100205985234828,0.30818599462509155,0.6565205454826355,-0.6884781122207642,-0.023540280759334564,0.04572927951812744,-0.017088135704398155,-0.2689756155014038,-0.13017237186431885,0.05053430423140526
1724162913.333507,-0.3898582943704537,0.08079012891232795,0.20878530004606966,0.8932480604443793,-0.7244781500199464,0.42259757942249915,0.621448006103173,0.30712461471557617,0.6627447605133057,-0.682966947555542,-0.047104362398386,0.010582415387034416,0.027912771329283714,-0.26187393069267273,-0.17927131056785583,0.1575973927974701
1724162913.425997,-0.39325171300209616,0.07760963362301115,0.21353134106063593,0.8909175708062385,-0.7309342773650938,0.4238752235374683,0.6347781088777075,0.30623069405555725,0.6675655841827393,-0.6786596775054932,-0.014470048248767853,-0.0024769040755927563,0.018886161968111992,-0.2207917422056198,-0.14788173139095306,0.18612070381641388
1724162913.438782,-0.3954947968347557,0.07520786191233612,0.21825186468921934,0.8889846124674561,-0.7346790967185425,0.4255788810384749,0.6473917148913332,0.3063521981239319,0.67034912109375,-0.675855278968811,-0.018439825624227524,0.011204978451132774,0.032282814383506775,-0.12777437269687653,-0.23429563641548157,0.2298962026834488
1724162913.4822202,-0.3960129486186443,0.07176622174705685,0.22461654706714326,0.8874517544961215,-0.7350779917268486,0.4241561048558737,0.6612234232810962,0.30528023838996887,0.6706450581550598,-0.6760467290878296,0.008590665645897388,0.022620266303420067,-0.006105178035795689,-0.08916144073009491,-0.26322242617607117,0.25265684723854065
1724162913.4873672,-0.396332576672614,0.0692781198053849,0.23109521232191202,0.8858419345860485,-0.7344194183321285,0.42483341674037706,0.6759163436382272,0.3059200346469879,0.6701563596725464,-0.6762420535087585,-0.00046216725604608655,0.02639348991215229,-0.025170328095555305,-0.06097674369812012,-0.20277705788612366,0.27914875745773315
1724162913.5346708,-0.3957251675506771,0.06750237463998243,0.2376213335921506,0.8845230715255571,-0.731485792161043,0.42594167008777845,0.690153178865465,0.3074802756309509,0.6679760813713074,-0.6776900291442871,-0.014631473459303379,0.004884583409875631,-0.002490268088877201,0.00156640715431422,-0.2483881562948227,0.2756393849849701
1724162913.5946841,-0.3942152997478587,0.06506838051731896,0.24398362824541417,0.8836471686511214,-0.7274178043616759,0.4241173378909464,0.7023314588532272,0.30735912919044495,0.664943277835846,-0.6807208061218262,0.010748867876827717,-0.037054166197776794,-0.013287798501551151,0.06348738074302673,-0.1946808099746704,0.18873663246631622
1724162913.6063871,-0.39106053727551454,0.06376771684951153,0.2479312606722898,0.8840448498621405,-0.7205659982640654,0.42037155815610905,0.7072478569052402,0.3066593110561371,0.6598101258277893,-0.6860106587409973,0.007697108201682568,-0.029495365917682648,-0.005040415097028017,0.18571938574314117,-0.1480388045310974,0.13802658021450043
1724162913.6447449,-0.38673691643314323,0.06380858269848888,0.25119433275257147,0.8850221815094564,-0.7108587715617516,0.41745018829372843,0.7100324093317164,0.3072362542152405,0.6524848341941833,-0.6927260160446167,0.026170726865530014,-0.0057954005897045135,-0.018075766041874886,0.187454491853714,-0.07147800922393799,0.15545636415481567
1724162913.678647,-0.3830413319231547,0.0651377794764421,0.2538038188025171,0.8857877678849362,-0.7017068491948519,0.4177177552743774,0.71294071545436,0.3098312020301819,0.6455222368240356,-0.6980727910995483,0.022986192256212234,-0.02439647726714611,-0.011341121047735214,0.1663893759250641,-0.033797912299633026,0.09578250348567963
1724162913.7344651,-0.380257370595662,0.06708117339232847,0.2545318085951651,0.8866329422597725,-0.6946919859706633,0.41895333649952826,0.7127441980893654,0.31252792477607727,0.6401488780975342,-0.7018088698387146,0.025175072252750397,-0.023663854226469994,-0.0166374109685421,0.1538683921098709,0.08260229974985123,0.0055128359235823154
1724162913.763417,-0.37879123462524406,0.07037219752097029,0.2525356457956507,0.8875756843506064,-0.6904300554529119,0.422652162912652,0.7083866559019973,0.3162378668785095,0.6368688344955444,-0.7031298875808716,0.026721056550741196,-0.032161224633455276,-0.03626075014472008,0.09710884839296341,0.2632859945297241,-0.10315103083848953
1724162913.7934608,-0.37970587267530476,0.0768855754454924,0.24708471695950537,0.8881785857649298,-0.689950168005334,0.43384342823950506,0.7007253550005872,0.32421526312828064,0.6364988088607788,-0.6998240947723389,-0.010551939718425274,-0.02848525159060955,-0.018384888768196106,0.010704725980758667,0.46978825330734253,-0.1463085114955902
1724162913.937313,-0.38075482205349426,0.08283668461366674,0.24290786748779908,0.8883464690852116,-0.6896160801946174,0.44508324858798043,0.6960172389332326,0.33215203881263733,0.63624107837677,-0.6963276863098145,-0.02557646855711937,-0.027143510058522224,0.0051218923181295395,0.048079218715429306,0.235867440700531,-0.028171466663479805
1724162913.950049,-0.37934692214834914,0.08692285140761775,0.24171912085091043,0.8888824604797132,-0.6846059732893939,0.4513842149539708,0.6942966231453942,0.3379192054271698,0.6323678493499756,-0.697080671787262,-0.0012928462820127606,-0.0046542431227862835,-0.007660453207790852,0.09474845975637436,0.14593034982681274,0.06042478606104851
1724162913.952804,-0.3765786177007739,0.0905838996526,0.2408491651939211,0.8899296109022329,-0.6772121307857064,0.45520134380495825,0.6913878394647021,0.34262385964393616,0.6266228556632996,-0.6999661922454834,0.0025186643470078707,-0.034306589514017105,-0.014688573777675629,0.30748042464256287,0.19734784960746765,-0.010203160345554352
1724162913.994863,-0.37136692979835095,0.09277011542909283,0.23990378483927402,0.8921470603097632,-0.6663437895244834,0.45253486815740585,0.6843866120774178,0.34371381998062134,0.6181160807609558,-0.7069606184959412,-0.007675206754356623,0.02295357920229435,-0.007919776253402233,0.2893034517765045,-0.03541114926338196,0.032196979969739914
1724162914.006999,-0.36554841819827716,0.09441353481869659,0.24066634141306617,0.8941700769497435,-0.6538925316287661,0.4493735108182312,0.6805377713014672,0.3447939157485962,0.608280599117279,-0.7149208784103394,0.036476459354162216,0.015525229275226593,-0.024552229791879654,0.3349626660346985,0.041023820638656616,0.07316449284553528
1724162914.047241,-0.36009994005054985,0.09813303597387417,0.2405799656781903,0.8960017852516916,-0.641106623408771,0.4507263476010949,0.6765694433856335,0.3491204082965851,0.5980827212333679,-0.7213958501815796,0.02205444872379303,0.026852259412407875,0.002745581790804863,0.33137229084968567,0.10771452635526657,0.09026919305324554
1724162914.0987601,-0.35487379841957517,0.10178162273998319,0.2408255324305466,0.8976124913473089,-0.6286520985733455,0.4525239103805433,0.6736471304681821,0.35364624857902527,0.5880551338195801,-0.7274101972579956,0.007515063975006342,0.045478180050849915,0.04504956677556038,0.2988834083080292,0.05158861726522446,0.0852840393781662
1724162914.165997,-0.3486807253939279,0.10454882276303623,0.24074228225480834,0.8997412966423173,-0.615180880899819,0.45108175777776516,0.6684072914618738,0.35601815581321716,0.5771062970161438,-0.7349826097488403,-0.011865321546792984,0.03881288692355156,0.0661887377500534,0.454356849193573,-0.03226190432906151,0.04898817092180252
1724162914.214068,-0.3391151620832011,0.10649785583861722,0.24176925353891088,0.9028879529639114,-0.5954364841720088,0.4448779762384916,0.6618505189421914,0.35628649592399597,0.5608702301979065,-0.7473182082176208,-0.024605415761470795,0.04447047412395477,0.10312090069055557,0.6283305287361145,-0.21567478775978088,0.1743861734867096
1724162914.231573,-0.32680036459130923,0.10706571005223979,0.24579168157366008,0.906269698006788,-0.5700888073828383,0.4349277309036767,0.6589945768266383,0.3547104299068451,0.539706826210022,-0.7634769082069397,0.0196160227060318,0.03562362119555473,0.040404584258794785,0.6687655448913574,-0.22055555880069733,0.2703709304332733
1724162914.237019,-0.31572013886499206,0.10899941183389475,0.2501117697739711,0.9087815355906734,-0.546051761581822,0.4297346453920441,0.6592036528750848,0.3560439348220825,0.5193172097206116,-0.7768798470497131,0.02387213334441185,0.015330092050135136,0.00010232056956738234,0.5832999348640442,-0.09011145681142807,0.25633448362350464
1724162914.285421,-0.3068186483924514,0.11086195312481709,0.254215278996906,0.9104649258133587,-0.5262908974355512,0.4267066033639586,0.6611565952026816,0.3578678071498871,0.5023296475410461,-0.787143886089325,0.002060213591903448,-0.005050239618867636,-0.0036284897942095995,0.46089112758636475,-0.1628507375717163,0.26914915442466736
1724162914.333544,-0.2981820833874602,0.11227823074125758,0.2596110149547078,0.9116376148121202,-0.5067870822229679,0.4237966955671302,0.6661647966419079,0.3595368266105652,0.4853706955909729,-0.7969620823860168,0.002041262574493885,-0.032691217958927155,-0.014842488802969456,0.41194310784339905,-0.15241122245788574,0.31986868381500244
1724162914.379725,-0.29097474704436394,0.11375749247732589,0.2645855227525994,0.9123525808111457,-0.4901360799281377,0.4222292726468424,0.6716136054945978,0.3615492880344391,0.4707459807395935,-0.8047858476638794,0.012467404827475548,-0.04851192235946655,-0.03973165526986122,0.28817179799079895,-0.054243072867393494,0.2470024973154068
1724162914.4273338,-0.28708875067925826,0.11626296719586086,0.2673326641253086,0.912467095756347,-0.4799742097804066,0.4249224320133084,0.6754793953454967,0.3656686544418335,0.46175631880760193,-0.8081259727478027,0.008912150748074055,-0.05751330405473709,-0.04262619838118553,0.11325747519731522,0.10912937670946121,0.10007701069116592
1724162914.440309,-0.2863420023782877,0.11823917382711645,0.2680340515461823,0.9122419579165546,-0.47691671656641715,0.4286014177707266,0.6772651841626425,0.36922428011894226,0.45904216170310974,-0.8080555200576782,-0.04031869024038315,-0.048450104892253876,0.019310185685753822,-0.059489697217941284,-0.05301327630877495,0.04946976900100708
1724162914.4872699,-0.2865391661862971,0.11599008367278567,0.27009902951525716,0.9118597080056828,-0.47789319049718726,0.42524044383971604,0.6810280419014071,0.36632126569747925,0.45990943908691406,-0.8088831901550293,-0.005252531263977289,-0.03462054952979088,-0.018663983792066574,-0.13962781429290771,-0.1602407991886139,0.06490003317594528
1724162914.5397549,-0.288491376614486,0.11239259356982947,0.2738117142870834,0.9105864608944196,-0.4823291505490665,0.4217673584372194,0.6893971525477511,0.36267098784446716,0.4638438820838928,-0.8082812428474426,-0.005813678726553917,0.0005180031876079738,-0.026099586859345436,-0.2785038352012634,-0.1984880417585373,0.1685936450958252
1724162914.595944,-0.292188287026218,0.10757304421698091,0.2801667237622557,0.908053133203751,-0.48970797438553687,0.4190700223074219,0.704710151149566,0.35908693075180054,0.47036823630332947,-0.8061081171035767,0.00908992625772953,0.012292945757508278,-0.029295282438397408,-0.39852476119995117,-0.2357480823993683,0.27373403310775757
1724162914.607583,-0.2980620196222828,0.10401023583740554,0.28758096232780234,0.9042334543543489,-0.499757341703372,0.4220499354407799,0.7250767402706664,0.3595329821109772,0.47921258211135864,-0.8006818294525146,0.02092641219496727,0.0003380825219210237,-0.0303786750882864,-0.46054381132125854,-0.06952153891324997,0.3146718740463257
1724162914.648514,-0.30518619531250935,0.1031945869364748,0.29415427131295013,0.8998251740697808,-0.5103906939258385,0.4319118605312529,0.7462404820106225,0.36525779962539673,0.48851820826530457,-0.7924244999885559,-0.004928688518702984,-0.0034643944818526506,0.009908282198011875,-0.4347968101501465,0.03255331143736839,0.30233919620513916
1724162914.6794481,-0.31176269064479695,0.10218984600202155,0.30081471851278674,0.8954728679212894,-0.519987905404191,0.44119893264746,0.7673344101901435,0.37058207392692566,0.49686965346336365,-0.7847225069999695,-0.025846967473626137,0.03261122852563858,0.025880370289087296,-0.4440762400627136,-0.0823119580745697,0.32763123512268066
1724162914.708504,-0.3182546613022882,0.09930979698301769,0.30891560240912,0.8907427025738203,-0.5300880885996145,0.44778030946283737,0.7911107039076918,0.3735466003417969,0.505609393119812,-0.777703046798706,-0.03449536859989166,0.05734938010573387,0.01492420956492424,-0.48881804943084717,-0.19121767580509186,0.38914954662323
1724162914.769403,-0.32394662235304045,0.09504938599557759,0.3181473726272843,0.8858929303433506,-0.5392407407281916,0.4516693101048022,0.816378085261859,0.37453269958496094,0.5134846568107605,-0.7720484137535095,-0.03178520128130913,0.04772338643670082,0.00462911743670702,-0.37773093581199646,-0.24870172142982483,0.42026612162590027
1724162914.8186588,-0.32771733642553036,0.09121891445553772,0.32754460487148573,0.8814731328692413,-0.5445012459989894,0.4544643161406045,0.840480925038352,0.37549811601638794,0.5179915428161621,-0.7685608863830566,-0.02206769958138466,0.04012788087129593,-0.006090361624956131,-0.2724738121032715,-0.21101537346839905,0.4149610698223114
1724162914.849567,-0.3304186675840585,0.08879081548934956,0.3354607209173833,0.8777276054091,-0.5473936862764959,0.45800539933472373,0.8608135229254795,0.377553254365921,0.5204635262489319,-0.7658793926239014,-0.017495840787887573,0.016746966168284416,0.006970060523599386,-0.20787835121154785,-0.11743676662445068,0.329276978969574
1724162914.886876,-0.3325690144445129,0.0869454251646483,0.34115296620399443,0.8749016538583532,-0.5499058742830631,0.4607236423591309,0.8757211190350895,0.37905120849609375,0.5226070284843445,-0.7636767029762268,-0.021550871431827545,-0.005951745435595512,0.029164006933569908,-0.13571195304393768,-0.11517360806465149,0.22832830250263214
1724162914.930694,-0.3332917552146792,0.08518289058958539,0.3451246573522974,0.8732406812955372,-0.5507076734088945,0.46067118723366907,0.8850746547265964,0.37882474064826965,0.5232904553413391,-0.7633209824562073,-0.005814028903841972,-0.014825992286205292,0.017334118485450745,-0.050529565662145615,-0.09687549620866776,0.1313757449388504
1724162914.959639,-0.3326112628884153,0.08459640818616519,0.34671699337151823,0.8729264066486928,-0.5492272498159838,0.4595826299798825,0.8877787304069318,0.3783368170261383,0.5220283269882202,-0.7644264101982117,0.011289147660136223,-0.01760164089500904,0.0033112314995378256,0.07456053048372269,-0.013261817395687103,0.026099273934960365
1724162914.9907699,-0.32985808448690274,0.0850044559132223,0.3467024868933745,0.8739366105343125,-0.5440524711228335,0.4566795749186205,0.8848065170798227,0.37730222940444946,0.5176076292991638,-0.7679357528686523,0.02501329593360424,-0.03164635971188545,0.005419865250587463,0.228470578789711,-0.044182006269693375,-0.007482403423637152
1724162915.0721102,-0.3242839927510732,0.0872652685262234,0.34555157874352405,0.8762526050699496,-0.5328613765600717,0.45307850562752716,0.8769029558882704,0.37704652547836304,0.5080001354217529,-0.774449348449707,0.056119851768016815,-0.04344279319047928,-0.022790174931287766,0.3945326805114746,0.07082489132881165,-0.05907153710722923
1724162915.085548,-0.31865932873583064,0.0923173707810848,0.3424821230902238,0.8789992901435199,-0.5201018806262818,0.4539899322047199,0.8658249694420929,0.38056403398513794,0.4969685673713684,-0.7798674702644348,0.03477507457137108,-0.03047095611691475,-0.04350220784544945,0.38077837228775024,0.2181372046470642,-0.09371631592512131
1724162915.1517901,-0.31387344349810964,0.09854927616866636,0.33867638064273325,0.8815156240070733,-0.5082120735748935,0.45809538915833403,0.8545742602887889,0.3863484859466553,0.4866161048412323,-0.7835429906845093,0.03527801111340523,-0.04010557755827904,-0.040845729410648346,0.3406224846839905,0.2257188856601715,-0.1002601683139801
1724162915.1643028,-0.3097759633346589,0.10600641395708452,0.3341815014546634,0.8838122649218729,-0.49691603188931766,0.4652967880484656,0.8430735008996695,0.394422322511673,0.4767168462276459,-0.7856029868125916,0.0658000111579895,-0.08012544363737106,-0.047452203929424286,0.38015732169151306,0.3698452413082123,-0.1601388305425644
1724162915.26387,-0.30483422126968446,0.11459378053826867,0.32312080489122774,0.8885590319138084,-0.48665417925554133,0.4704262970596002,0.8164024198886191,0.4006432294845581,0.46767115592956543,-0.7878887057304382,0.06559284031391144,-0.1492684781551361,-0.004163234494626522,0.5624448657035828,0.47286456823349,-0.7472344040870667
1724162915.275467,-0.29916867067021463,0.12150486783972311,0.29880185973611245,0.898026740093871,-0.48330839342356635,0.4649394348983879,0.758989387720383,0.3970135450363159,0.46471118927001953,-0.7914693355560303,0.01565726287662983,-0.12245387583971024,0.023204220458865166,0.6879532933235168,0.5265712738037109,-1.4650933742523193
1724162915.282946,-0.29300035003303726,0.12115031761149749,0.2650991349866298,0.9106018669497173,-0.4885880875140386,0.4398556264887476,0.6779214893375086,0.3759876787662506,0.4693796634674072,-0.7989467978477478,-0.013152183033525944,-0.02986656129360199,0.030947556719183922,0.627443790435791,0.17740987241268158,-1.8066962957382202
1724162915.3220282,-0.2880444670667626,0.1156109511231534,0.22846649314516798,0.9227499851374974,-0.4992413221784313,0.40382275737293905,0.5897013997100848,0.3449770212173462,0.47875961661338806,-0.807328999042511,0.041279084980487823,-0.036320000886917114,-0.013533197343349457,0.526425838470459,0.1793597787618637,-2.0181567668914795
1724162915.419658,-0.28456820390297527,0.1112896948468119,0.18509143534460246,0.9340110041807776,-0.512528167896139,0.3676421666663184,0.48862189895613883,0.3132338523864746,0.4903821349143982,-0.8132711052894592,0.04634605720639229,-0.09257541596889496,-0.03722724691033363,0.6126580834388733,0.5092511773109436,-2.4046928882598877
1724162915.4317532,-0.27909024102488744,0.10966557069273836,0.1326845820570992,0.944709894243052,-0.521540892318393,0.3303705483840895,0.3679850144643333,0.2812662422657013,0.49821677803993225,-0.8201642036437988,-0.0620049349963665,-0.03103496879339218,0.027701938524842262,0.7265004515647888,0.486093133687973,-2.6042943000793457
1724162915.434013,-0.2718953109618351,0.10491634005983018,0.08294696043917764,0.9529875537699795,-0.5245467111879188,0.28706842507069213,0.25120046698735193,0.24507370591163635,0.5008206963539124,-0.8301309943199158,-0.041888270527124405,0.057654619216918945,-0.0023140523117035627,0.6636666059494019,0.34348997473716736,-2.220714569091797
1724162915.52851,-0.2651616928386624,0.10272491513634666,0.042554591700769216,0.9577712954179474,-0.5226587376384885,0.25592113409177886,0.15759713315454632,0.21934163570404053,0.4991856813430786,-0.8382737636566162,-0.01945560611784458,0.08078575879335403,-0.03359898179769516,0.5315075516700745,0.47572022676467896,-1.711807131767273
1724162915.540557,-0.2598756850501178,0.10344452481142649,0.012024956826504618,0.9600099863037815,-0.5195374486862382,0.23825462087588087,0.08865209147349543,0.20486553013324738,0.4964786767959595,-0.8435277342796326,-0.0999431386590004,0.12208863347768784,0.0485093891620636,0.31126266717910767,0.14803273975849152,-1.1095343828201294
1724162915.580878,-0.25765080662594286,0.10090875533216802,-0.0028697646439069732,0.9609501481320416,-0.5187078034224659,0.22346313452744124,0.05354908453168248,0.19245776534080505,0.4957583546638489,-0.8468669652938843,-0.037677835673093796,0.13484688103199005,0.014065321534872055,0.07013928890228271,0.003308241255581379,-0.38110220432281494
1724162915.669334,-0.2581752399041234,0.09939592160442567,-0.0049193314905179725,0.9609587392366891,-0.5203333860748109,0.21898796520695424,0.04827370630787007,0.18849064409732819,0.4971694350242615,-0.8469319939613342,-0.022243285551667213,0.072930708527565,0.004136686213314533,-0.08098232001066208,-0.08229878544807434,0.0937967300415039
1724162915.681432,-0.2601705370977727,0.09777252866236397,-0.00015404054158364244,0.9605996528963539,-0.5234481827821034,0.21852316702518157,0.058431906320063676,0.1877603530883789,0.49986958503723145,-0.8455036282539368,-0.009386684745550156,0.020605584606528282,-0.002469570841640234,-0.17957867681980133,-0.17775020003318787,0.2652856111526489
1724162915.709096,-0.26367567156658933,0.09651628727627742,0.004263351787531599,0.9597612002891134,-0.5297393023904954,0.21904378097361127,0.06851916533970837,0.18751345574855804,0.5053083896636963,-0.8423194885253906,0.03421246260404587,-0.0630660131573677,-0.02447500266134739,-0.1852307766675949,-0.012467815540730953,0.009953820146620274
1724162915.718041,-0.2677224194456917,0.096160761667092,0.00035656267211892653,0.958685356815343,-0.5389726479945146,0.21674661525588662,0.06082780052091404,0.18456673622131348,0.5132545828819275,-0.8381556272506714,0.027432339265942574,-0.08774302154779434,-0.020787090063095093,-0.1319756954908371,0.09986552596092224,-0.38897445797920227
1724162915.7644858,-0.2686983633304156,0.09663484127195562,-0.009593367876188221,0.9583166118343586,-0.5431676370037128,0.21191212614252788,0.039193808557932364,0.180058091878891,0.5168503522872925,-0.8369258046150208,-0.006471764761954546,-0.03131995350122452,-0.0050263977609574795,0.000693535665050149,0.13291776180267334,-0.503154456615448
1724162915.793318,-0.269119980849072,0.09768535610700733,-0.016968574597014136,0.9579895521821604,-0.5456144462644394,0.2098045885794529,0.023477269781135762,0.17802992463111877,0.5189434289932251,-0.8360640406608582,0.010251074098050594,0.04100676625967026,-0.016560502350330353,-0.12813228368759155,0.19153764843940735,-0.21948949992656708
1724162915.828449,-0.2695830358463931,0.1036932472384763,-0.02051356995154956,0.9571582034749869,-0.5472273443501374,0.221295877455861,0.019484830939511436,0.18744145333766937,0.5203214883804321,-0.8331453800201416,0.00035986147122457623,-0.002997129689902067,-0.026375234127044678,0.009462373331189156,0.424917995929718,-0.03094494715332985
1724162915.886053,-0.26758157749615896,0.11115387062840348,-0.0234284625387592,0.9568155405791422,-0.5436471436122565,0.23607659707324727,0.017121127721375078,0.20016944408416748,0.5172607898712158,-0.8320898413658142,-0.011851328425109386,0.004690900910645723,-0.006950070150196552,0.15665124356746674,0.3786923289299011,-0.0060388147830963135
1724162915.914376,-0.26422380357391495,0.11773597244562625,-0.025184176896538943,0.9569167299862185,-0.5370581536026204,0.24933306752329143,0.01631670137917296,0.21201851963996887,0.5116105079650879,-0.8326480388641357,-0.004917479585856199,0.005277035292237997,0.0024789953604340553,0.165449857711792,0.33785125613212585,0.03372306376695633
1724162916.014604,-0.26111093268115004,0.12255704288320451,-0.027034802931190965,0.9571154061080376,-0.5310664611261967,0.2585747272463741,0.01420850013718548,0.22048430144786835,0.5064532160758972,-0.833601713180542,-0.0021888373885303736,0.001437539467588067,0.015680119395256042,0.13123391568660736,0.23723793029785156,-0.023866117000579834
1724162916.027094,-0.2594472536236974,0.1255452983879095,-0.02978370719366913,0.9570989290223598,-0.5283532003504413,0.263403493123215,0.009417109553332354,0.2248639315366745,0.5041117668151855,-0.8338509798049927,-0.00641598692163825,0.0013835311401635408,0.02202853560447693,0.05927104875445366,0.13175782561302185,-0.08980592340230942
1724162916.034079,-0.25958730291727344,0.1264894889841522,-0.032011422145384334,0.9568647478987563,-0.5292407336600108,0.2642432447237084,0.005107732496464215,0.2254471480846405,0.5048781037330627,-0.833229660987854,-0.013746525160968304,-0.0012679769424721599,0.023133769631385803,-0.02652342990040779,-0.0026902034878730774,-0.08227934688329697
1724162916.076105,-0.26072211163741615,0.12457841404775846,-0.03292449317240704,0.9567758781105438,-0.5318267351913666,0.25957479503047387,0.0022717425147679507,0.22121894359588623,0.5071086287498474,-0.8330084085464478,0.0034817669074982405,0.00755703030154109,0.012747995555400848,-0.06999500840902328,-0.13527534902095795,-0.05016118288040161
1724162916.129755,-0.26309797643414246,0.12198554757591373,-0.03276765384335658,0.9564649272250979,-0.536676234170476,0.25418800933299285,0.0017524511297832982,0.216107577085495,0.5112823247909546,-0.8317979574203491,0.036373332142829895,0.001723112422041595,-0.020381873473525047,-0.13443244993686676,-0.05408433452248573,-0.05151621997356415
1724162916.161092,-0.265687808236227,0.12305204953646112,-0.03398086577343193,0.9555696812293986,-0.5423255672717922,0.25628171137569644,0.000519186221092265,0.21711300313472748,0.5161292552947998,-0.8285363912582397,0.036002010107040405,-0.017042167484760284,-0.04888033866882324,-0.11070229113101959,0.18992286920547485,-0.09222614020109177
1724162916.189667,-0.26709101114798767,0.1281625667313075,-0.03764267067646137,0.9543687594580905,-0.5462134894883874,0.2658729772303388,-0.003964724763105222,0.22452065348625183,0.5194554328918457,-0.82447350025177,0.018263164907693863,-0.0286216102540493,-0.02864283323287964,-0.031753018498420715,0.34566691517829895,-0.16481930017471313
1724162916.269213,-0.2671168252005244,0.13474057202274273,-0.04305962765354977,0.9532257574410491,-0.5478452430208612,0.2775165005400681,-0.011841381478412039,0.2338724583387375,0.5208490490913391,-0.8209871649742126,0.02136300317943096,-0.02020631916821003,-0.018094737082719803,0.005752758122980595,0.40745505690574646,-0.20271392166614532
1724162916.2814589,-0.2666414704225788,0.14243923928612667,-0.04926849202408399,0.9519379868549043,-0.5488281298026708,0.29117001511603696,-0.020913398400093926,0.24491259455680847,0.5216878056526184,-0.817226767539978,0.06139420345425606,-0.01970435120165348,-0.037854041904211044,0.020711136981844902,0.5757043361663818,-0.1934255212545395
1724162916.32576,-0.2645882675326197,0.15571377176399298,-0.056849703575138556,0.9500075098106822,-0.5473500463227892,0.3165038296697159,-0.030002180040774023,0.2657749652862549,0.5204262733459473,-0.8114925622940063,0.04584064334630966,-0.026903541758656502,-0.027991745620965958,0.14274339377880096,0.9003991484642029,-0.17550475895404816
1724162916.3808131,-0.2609633567336116,0.17102090315685267,-0.06492328371501668,0.9478580610657246,-0.5432477748508822,0.3460105118597237,-0.03951306207126344,0.29032188653945923,0.516918957233429,-0.8052999377250671,-0.026126716285943985,0.003562642727047205,0.04407453536987305,0.1173323318362236,0.7079405188560486,-0.15860982239246368
1724162916.3873029,-0.2589697858572439,0.18033637347942164,-0.07059256192598778,0.9462716124163906,-0.5416754611082577,0.36360246806440744,-0.04692895465665399,0.30473169684410095,0.5155723094940186,-0.800826907157898,-0.018193619325757027,0.018369602039456367,0.0571441650390625,0.024474360048770905,0.35159438848495483,-0.11591248214244843
1724162916.434279,-0.2581779412726437,0.18440715135832902,-0.07375613227238448,0.9454617997052593,-0.5414709464153642,0.37091204017286106,-0.05165657607680853,0.3106154203414917,0.5153970718383789,-0.7986763119697571,0.006114978808909655,0.006644803564995527,0.03837893530726433,0.07928735762834549,0.16579918563365936,-0.054856717586517334
1724162916.485949,-0.25672650112039985,0.18571739726049313,-0.075085205632143,0.9454959444538917,-0.5390920103448994,0.3728862618214249,-0.054361087296442914,0.3126373589038849,0.5133569836616516,-0.7992011308670044,-0.0005359629867598414,0.011775304563343525,0.03850066289305687,0.09530365467071533,0.0031497031450271606,-0.0023118113167583942
1724162916.537247,-0.2554644347143624,0.18402235897625077,-0.0750028301260698,0.9461755383141617,-0.5363858974656502,0.3688562540185221,-0.055765885471101014,0.3099137842655182,0.5110328197479248,-0.8017473816871643,-0.017242450267076492,0.016616327688097954,0.04198925197124481,0.07232402265071869,-0.17993421852588654,0.018685469403862953
1724162916.5493321,-0.2546126072453246,0.17922141436745614,-0.07372983200633543,0.9474259398630807,-0.5338845165227084,0.3585138278509119,-0.05630411316482033,0.30205294489860535,0.5088810920715332,-0.8061042428016663,-0.0240256916731596,0.017441434785723686,0.02831602655351162,0.0664961189031601,-0.3279651701450348,0.032173119485378265
1724162916.598458,-0.2537404819528,0.17308464346172894,-0.07173518958743277,0.9489527791485629,-0.5310140266257742,0.3455781481064075,-0.05605369176795559,0.29209405183792114,0.5064079761505127,-0.8113149404525757,-0.016467507928609848,0.017130741849541664,0.007808271795511246,0.0939302146434784,-0.33278346061706543,0.05761003494262695
1724162916.648683,-0.2527405862325473,0.16740025867226588,-0.06898380313491106,0.95044221451658,-0.5276755876526821,0.33412829140294437,-0.053861277927665124,0.2833385169506073,0.5035264492034912,-0.8161987066268921,-0.023103689774870872,0.025184880942106247,-0.004804197233170271,0.06835490465164185,-0.3053671717643738,0.09008665382862091
1724162916.681954,-0.252195949718406,0.1628421165250527,-0.06639182714317503,0.9515627245719154,-0.5254279814839731,0.3252250205118105,-0.05113227068273734,0.2764214873313904,0.5015833377838135,-0.8197593092918396,-0.014131654053926468,0.0207520741969347,-0.017194924876093864,0.03087446838617325,-0.21420523524284363,0.06019708141684532
1724162916.710959,-0.25260388451117943,0.15994041671912088,-0.0651697776800397,0.9520310482823692,-0.525701660348513,0.31941658438176057,-0.05006202067234342,0.2716121971607208,0.5018200278282166,-0.8212206959724426,-0.017179906368255615,0.020322920754551888,-0.02463628351688385,-0.02999217063188553,-0.08606088161468506,-0.017097365111112595
1724162916.776891,-0.25430960797693636,0.15925984254648737,-0.06599423775558162,0.9516341636917773,-0.5294281774466159,0.3176173148693543,-0.05169992961797299,0.2695482671260834,0.5050398707389832,-0.819925844669342,-0.028084049001336098,0.009394020773470402,-0.018770314753055573,-0.09134387224912643,0.029139621183276176,-0.09242135286331177
1724162916.7892718,-0.25622380778734727,0.15911531934130796,-0.06815673003909672,0.950992240724207,-0.5340496649815284,0.3162621573414375,-0.05590436742882933,0.2677081227302551,0.5090232491493225,-0.8180633783340454,-0.037225086241960526,0.010969418101012707,-0.004863981157541275,-0.05447123572230339,0.022705581039190292,-0.12560948729515076
1724162916.8197021,-0.25708378732137405,0.15857986455748938,-0.07009345961844857,0.9507087321716684,-0.5364110641527748,0.31400232547938767,-0.06023116952915449,0.2654867470264435,0.5110544562339783,-0.8175207376480103,-0.03836313262581825,0.032443758100271225,0.007179606705904007,-0.02786817029118538,-0.028504420071840286,-0.03922899812459946
1724162916.879816,-0.2575830505337831,0.15691813609710803,-0.06917493388021242,0.9509166020097349,-0.53703380413565,0.3108311726840542,-0.059064265876178336,0.2627955377101898,0.5115895867347717,-0.8180553317070007,-0.032630208879709244,0.03343633562326431,0.012207146733999252,-0.034363362938165665,-0.12116905301809311,0.11128812283277512
1724162916.908431,-0.25842299685288606,0.15415523828004585,-0.06482749928190198,0.9514467854206635,-0.5372070551636452,0.30724722203212174,-0.05086958632337695,0.2598351836204529,0.5117384791374207,-0.8189074397087097,-0.026729833334684372,-0.034787617623806,0.021414227783679962,0.005686663091182709,-0.2671692669391632,0.2268471121788025
1724162916.937099,-0.2546429073534705,0.14944751510304194,-0.06392128283375839,0.9532766191681644,-0.5289139752119094,0.2966511166299027,-0.05302482681208472,0.25237542390823364,0.5045959949493408,-0.825644850730896,0.05905056372284889,-0.04439539462327957,-0.04187796264886856,0.3744408190250397,-0.06075941398739815,-0.07657375186681747
1724162916.9893389,-0.2491780498542113,0.1498618993209423,-0.06781237608034674,0.954386261823892,-0.518927594235267,0.29475107084619795,-0.06309674665055268,0.2522575557231903,0.4959492087364197,-0.8309034109115601,0.027103586122393608,-0.0046545169316232204,-0.015191570855677128,0.26329830288887024,0.1511853188276291,-0.19654658436775208
1724162917.018338,-0.24569641416805885,0.15179772694308222,-0.0736545356696712,0.954549916066998,-0.5137196487176819,0.2954702133860453,-0.07587923999271122,0.2536036968231201,0.491420179605484,-0.8331814408302307,0.017305413261055946,0.008791893720626831,-0.004776477348059416,0.09124547988176346,0.16939832270145416,-0.289622962474823
1724162917.071847,-0.24507472295020286,0.15445992583193174,-0.07992925519720212,0.9537776035084704,-0.5145983974283782,0.29785552777479735,-0.0882960315548125,0.25546354055404663,0.4921852946281433,-0.832161009311676,0.019685277715325356,0.010180467739701271,-0.0037809000350534916,0.0035446619149297476,0.19424030184745789,-0.25256702303886414
1724162917.103448,-0.2458324253509214,0.1579308811503104,-0.08434912719517643,0.9526328978355477,-0.5178564402406869,0.3032019494588811,-0.09573847465936058,0.25942879915237427,0.49501878023147583,-0.8292484879493713,0.007136559579521418,0.03400816023349762,0.006393261719495058,-0.07220587134361267,0.2076636254787445,-0.09979138523340225
1724162917.177206,-0.24805842415713086,0.16184004107241634,-0.08491901967556378,0.9513482412025448,-0.5229828365655529,0.31184324708691075,-0.09396301831218526,0.2658027112483978,0.49946650862693787,-0.8245496153831482,-0.0016297318506985903,0.04202055558562279,0.012341655790805817,-0.20682218670845032,0.14749254286289215,0.09518323093652725
1724162917.190036,-0.2520596593427253,0.16467785887965852,-0.08128075189516125,0.9501265264983652,-0.5302481342022274,0.3207127971559885,-0.08290266457331479,0.27195441722869873,0.5057474374771118,-0.8186942934989929,-0.001773714553564787,0.0071192458271980286,0.01825820282101631,-0.23679333925247192,0.017538543790578842,0.23696212470531464
1724162917.2297158,-0.2550739620027751,0.1653860662017953,-0.07566982749670703,0.9496623711711248,-0.5346010066099928,0.32593559644191555,-0.06902883583073346,0.2755190432071686,0.5094977617263794,-0.8151694536209106,0.007308161351829767,-0.012661189772188663,0.024137170985341072,-0.1229531317949295,-0.10202372074127197,0.2771953344345093
1724162917.283442,-0.2563829291704072,0.16481315253735465,-0.0695220869091993,0.9498794878342248,-0.5351639568717081,0.3284272005515431,-0.0553240554835422,0.27745670080184937,0.5099821090698242,-0.8142088651657104,0.012640722095966339,-0.014426681213080883,0.013852428644895554,-0.06744683533906937,-0.15551258623600006,0.2995787262916565
1724162917.332162,-0.2557545530353121,0.1633230058041892,-0.06286633062089897,0.9507696220374567,-0.5315410341927332,0.32886544484182495,-0.04177602913940502,0.278408408164978,0.5068623423576355,-0.815830409526825,0.018733549863100052,-0.014261068776249886,0.00288856728002429,0.04088708758354187,-0.15525875985622406,0.3008110523223877
1724162917.345082,-0.25456753456978254,0.16217591405649093,-0.057632456043824,0.9516158995261563,-0.5272910862548958,0.32912715604579146,-0.03138598377574944,0.27931565046310425,0.5031942129135132,-0.8177887201309204,0.02622542902827263,-0.023311374709010124,0.002392102964222431,0.030950356274843216,-0.09930098801851273,0.12582074105739594
1724162917.383452,-0.2542017689100487,0.16054315978558653,-0.05737471466093698,0.9520059863373701,-0.5264017127031981,0.32551955418987333,-0.03195174416881417,0.27650660276412964,0.5024254322052002,-0.8192147016525269,-0.00810149684548378,0.010700604878365993,0.0073152570985257626,0.030157597735524178,-0.07708407193422318,0.039254263043403625
1724162917.4346352,-0.2538526002646925,0.15892224149245057,-0.05840275499556902,0.9523085621530245,-0.5259733185581587,0.3212016261722187,-0.0353310995929728,0.27303463220596313,0.5020549893379211,-0.8206051588058472,0.013507669791579247,-0.004511253908276558,0.003698040032759309,0.052972037345170975,-0.06550915539264679,-0.15787044167518616
1724162917.487226,-0.25355785530366254,0.15779010433696675,-0.060124581507131014,0.952468144846268,-0.5258931723691503,0.31760006409712166,-0.039918819386057826,0.2700899839401245,0.5019856691360474,-0.8216214179992676,0.004319071304053068,0.005114694591611624,-0.003089488949626684,0.014557486400008202,-0.03237089514732361,-0.11226224899291992
1724162917.539639,-0.2535069289565728,0.1567344068197646,-0.06156175881344627,0.9525642647868658,-0.5262114973993491,0.3143715318850433,-0.043746857896679966,0.2673865258693695,0.5022609829902649,-0.8223371505737305,0.0019356566481292248,0.009543913416564465,0.0012198451440781355,0.011751498095691204,-0.03733178973197937,-0.056487470865249634
1724162917.552813,-0.25325759117970303,0.15572149853420988,-0.06203118883928632,0.9527662143644433,-0.5258053517159705,0.31177460581534516,-0.0454847877203246,0.2653126120567322,0.5019097328186035,-0.823222815990448,0.002111799782142043,0.0029359005857259035,-0.000521753157954663,0.04714063182473183,-0.03171472251415253,-0.020557286217808723
1724162917.598474,-0.2527385773152061,0.15496043048841518,-0.062002494573502806,0.9530299791777823,-0.524696953941671,0.310002625044268,-0.0460620747801743,0.2640230357646942,0.5009507536888123,-0.8242209553718567,-0.003609874052926898,0.012854916043579578,-0.002594749443233013,0.0040755909867584705,-0.04506620019674301,0.02246016636490822
1724162917.629457,-0.2528310187505911,0.15460692481330243,-0.06177829125030483,0.953077338606083,-0.5247974605930605,0.3093452120112174,-0.04575083771266977,0.2634657621383667,0.5010377168655396,-0.8243463635444641,-0.00416080467402935,0.01085576880723238,-0.0032790435943752527,-0.013544846326112747,-0.015895243734121323,0.02389473095536232
1724162917.714726,-0.25336639766587593,0.15407941254517987,-0.061191770020589946,0.9530584543522777,-0.5256816758893129,0.3085620979823395,-0.044595561980840276,0.26268550753593445,0.5018027424812317,-0.8241299986839294,0.0006831460050307214,0.0019642168190330267,-0.006288415752351284,-0.06190599501132965,-0.04195019230246544,-0.0004166167927905917
1724162917.727103,-0.2544484613293878,0.15372688494387388,-0.06090504519370336,0.9528455037530523,-0.5277903771001841,0.30807372806405564,-0.04380854213237538,0.26196154952049255,0.5036256313323975,-0.823248028755188,-0.0011273955460637808,0.004020960070192814,-0.0038711472880095243,-0.04797901213169098,-0.016062399372458458,0.02980770729482174
1724162917.7547178,-0.25499887634828655,0.1535582386111767,-0.06032780064169823,0.9527622452059924,-0.5287266375421639,0.30810227111336064,-0.04244918424958719,0.26184195280075073,0.5044342875480652,-0.8227908611297607,-0.002857265993952751,0.00022679605172015727,-0.0011494944337755442,-0.03178311884403229,-0.02582802250981331,0.02578701451420784
1724162917.820908,-0.25588694407832124,0.1532331845989176,-0.05992227001207226,0.9526020861676334,-0.5304030262409858,0.3077235880958194,-0.04144854853534789,0.2612738609313965,0.5058810710906982,-0.8220829367637634,-0.001975992228835821,-0.006618460640311241,-0.0013720374554395676,-0.03511025384068489,-0.015937121585011482,-0.008792263455688953
1724162917.833239,-0.25633473119538036,0.15236251369345105,-0.05996127066756857,0.952618883569261,-0.5312950679650382,0.30578838003767084,-0.041917744519317963,0.2595464885234833,0.5066503286361694,-0.8221563696861267,0.022979523986577988,0.006923429202288389,-0.02339734137058258,-0.0768151506781578,0.02998438850045204,0.007693753577768803
1724162917.861444,-0.25598156978826386,0.15411851914683455,-0.05965717730543414,0.9524504344532981,-0.5305502988323753,0.30989821285774444,-0.04028550561493272,0.2630382180213928,0.5060080885887146,-0.8214418292045593,0.01889844238758087,-0.0317806750535965,-0.0018075748812407255,0.10830622166395187,0.0774841457605362,-0.043195806443691254
1724162917.9321961,-0.2539699155055491,0.15571039602444836,-0.06131010059107929,0.9526250883161899,-0.5270310275523824,0.31226294538306787,-0.043655408235843636,0.2655254006385803,0.50296950340271,-0.8225071430206299,0.0009073250694200397,0.009160136803984642,0.00038163422141224146,0.07125787436962128,0.11021053045988083,-0.030932104215025902
1724162917.944211,-0.25342952167513394,0.15708306106280534,-0.06291372768949877,0.9524390321761617,-0.5265084114971499,0.3143658061062789,-0.046541841102876784,0.2673356831073761,0.5025177001953125,-0.8221967816352844,-0.0037936759181320667,0.004903705790638924,0.0012712234165519476,-0.04595030099153519,0.04891451075673103,-0.07524698227643967
1724162917.9921598,-0.25470338941764853,0.15729351466479885,-0.06388175292125453,0.951999961264692,-0.5294417548538051,0.31444658676703185,-0.048106831312074334,0.2669450342655182,0.5050516128540039,-0.8207698464393616,0.001737054088152945,-0.003501096274703741,0.007436185143887997,-0.06327150762081146,-0.010850314050912857,-0.05393953621387482
1724162918.022163,-0.2562457770600945,0.15707989086482058,-0.06440596380455492,0.9515859356377646,-0.5327608803524464,0.3138575293438271,-0.0488621479920526,0.2659425139427185,0.5079135298728943,-0.8193280100822449,-0.0019279980333521962,0.005015309900045395,-0.0033442198764532804,-0.0853063240647316,0.02264370769262314,-0.005834175739437342
1724162918.080945,-0.2573647160820773,0.15660935822282188,-0.06391319192452674,0.9513947790921556,-0.5348705836629767,0.31322890161776895,-0.04767615419770487,0.26509663462638855,0.5097296833992004,-0.8184738159179688,0.005508745554834604,-0.006203342229127884,-0.0016425088979303837,-0.02273460291326046,-0.060829076915979385,-0.01024752389639616
1724162918.108255,-0.25821136993709654,0.15647052648893744,-0.06312586162961524,0.9512407807356652,-0.536344307393129,0.3134952091324535,-0.04572515818359244,0.2650826573371887,0.5109970569610596,-0.8176877498626709,-0.0017150696367025375,0.0012996362056583166,0.00037128565600141883,-0.034295156598091125,-0.02501150220632553,0.04214797541499138
1724162918.159729,-0.2594338211359308,0.15631026234038478,-0.06192916497193102,0.9510130636120365,-0.5384550180461908,0.3140140942653645,-0.04274623569149291,0.26517316699028015,0.512810230255127,-0.8165224194526672,-0.004498806316405535,0.005140949040651321,-0.0002478318056091666,-0.08411739021539688,-0.02153247967362404,0.07209638506174088
1724162918.2171102,-0.26054192345281485,0.15619695669612035,-0.05956923798727038,0.9508795205055126,-0.5399545705179436,0.3153297398714193,-0.03719341190254254,0.2660084068775177,0.5140970349311829,-0.815440833568573,0.009107885882258415,-0.005945204757153988,-0.0039006867446005344,-0.059973638504743576,-0.013567510060966015,0.06841112673282623
1724162918.2223392,-0.2616802874878339,0.1569549023732286,-0.05864470436299485,0.9504994921874103,-0.5420148584267576,0.31778572494614554,-0.03425498665252,0.26767876744270325,0.5158631205558777,-0.8137771487236023,0.0017298703314736485,0.0037941639311611652,-0.00272165285423398,-0.09882866591215134,0.02857165038585663,0.02396964468061924
1724162918.270993,-0.26356003253127236,0.15774230475548873,-0.058884681184990226,0.9498347507424811,-0.5459780109142937,0.3197338972048482,-0.033602897000550434,0.26861894130706787,0.5192541480064392,-0.8113069534301758,-0.003731355769559741,-0.00022320757852867246,0.00923088751733303,-0.08350706845521927,0.007505208719521761,-0.021589819341897964
1724162918.322202,-0.264086231245916,0.1580698955024144,-0.05909993281008209,0.9496207022097134,-0.5471405511485611,0.32043569954169493,-0.033678904618534095,0.2689979374408722,0.5202473402023315,-0.8105447292327881,-0.0006280096713453531,0.00020412984304130077,0.004090240690857172,0.03265023231506348,0.04442409798502922,0.005593918729573488
1724162918.3771548,-0.2618546659899777,0.1585810492084352,-0.05931180055237024,0.9501401118454035,-0.5426518528171229,0.3211192730025582,-0.03464105511089923,0.27028629183769226,0.5164086818695068,-0.8125683665275574,0.008171475492417812,-0.0012682947563007474,-0.0014799684286117554,0.14841017127037048,0.04657232388854027,0.003675013780593872
1724162918.3896,-0.25917202991309624,0.15963384398183003,-0.05944297714815529,0.9506910055812221,-0.5372359224755269,0.3230186754968973,-0.035250715735888685,0.2727130055427551,0.5117632746696472,-0.814693808555603,0.007969280704855919,-0.010665674693882465,-0.0003425472532398999,0.1342485249042511,0.03962263837456703,0.024230698123574257
1724162918.429769,-0.2570450264977683,0.1601625709113551,-0.060019603947305954,0.9511431533876747,-0.5330923511527702,0.32355234720358095,-0.03697430996291753,0.27381959557533264,0.5081990361213684,-0.8165516257286072,0.0010431325063109398,0.005477577447891235,-0.0015121563337743282,0.09193998575210571,0.023169243708252907,0.01995479129254818
1724162918.488356,-0.2558775707663525,0.16079013743441609,-0.06006982778816425,0.9513488889295162,-0.5307437998006306,0.3247703020078447,-0.03712402442618319,0.275193989276886,0.5061749815940857,-0.8173463940620422,0.0035000762436538935,0.0046628741547465324,-0.005291113629937172,0.03322314843535423,0.04422178491950035,0.014085683040320873
1724162918.5000029,-0.2556573436570928,0.1615324969849922,-0.05988943314645757,0.9512937176492391,-0.5302611304235213,0.3265265334959586,-0.03634955140133344,0.27670735120773315,0.5057586431503296,-0.8170931339263916,0.0008521886193193495,0.006991790607571602,0.0025798091664910316,-0.005008759442716837,0.030751485377550125,0.028473176062107086
1724162918.559756,-0.25575479847662913,0.1622774851344295,-0.05979411845995599,0.9511467130312204,-0.5304564886627953,0.32828773702355085,-0.03564436135494699,0.2781141400337219,0.5059271454811096,-0.8165110349655151,0.002089856890961528,0.007307523861527443,0.0020546065643429756,1.1167721822857857e-06,0.05238962173461914,0.01697089709341526
1724162918.6067119,-0.25627512582122275,0.1627665364305603,-0.05978415501236565,0.9509236923667286,-0.5315358625478146,0.32948508971670104,-0.03512702608366897,0.2789147198200226,0.5068579316139221,-0.8156602382659912,0.004109734669327736,0.005182737950235605,-0.0017260754248127341,-0.07238632440567017,0.015411130152642727,0.002106297295540571
1724162918.657257,-0.258942502242009,0.16262328202659118,-0.059544488619408475,0.950240371406511,-0.5369084380220178,0.32972566816386756,-0.033688666369204485,0.27822521328926086,0.5114818811416626,-0.8130049109458923,0.000775109336245805,0.00919506698846817,0.007354344241321087,-0.18490809202194214,-0.035871442407369614,0.011171361431479454
1724162918.670034,-0.263268551284045,0.16216306236709496,-0.058743640118809594,0.9491796321623492,-0.5454822209272596,0.3298714720357617,-0.030572503041568444,0.276913046836853,0.518830418586731,-0.808785617351532,0.0035659882705658674,-0.0041116694919764996,0.007747469004243612,-0.2468651682138443,-0.06178312748670578,0.005749622825533152
1724162918.710977,-0.26704076507029006,0.16143408803170506,-0.057957003750845955,0.9482980409592029,-0.552927722930757,0.32933421369418026,-0.027855921990259,0.27522149682044983,0.5251809358596802,-0.8052565455436707,0.015171153470873833,-0.013797029852867126,0.00022001768229529262,-0.1249343752861023,-0.017963608726859093,-0.036472100764513016
1724162918.762193,-0.2687656870485668,0.16135434801862406,-0.05769459869019493,0.9478402358823333,-0.5563761756303689,0.32961982304454274,-0.026661401874346537,0.2748636305332184,0.5281124114990234,-0.8034595847129822,0.0016747340559959412,0.0016258170362561941,-0.00052347790915519,-0.05713796615600586,0.005921312607824802,0.028703272342681885
1724162918.822113,-0.26919226088964116,0.162412926952971,-0.05785101332209112,0.9475287624831281,-0.5573349352412499,0.33203201717781494,-0.026150306599596003,0.2766357362270355,0.5289263129234314,-0.8023151159286499,0.003959084860980511,0.0016013344284147024,-0.00786574836820364,-0.02451646886765957,0.07952646166086197,-0.006334162317216396
1724162918.835016,-0.2683939521454266,0.16360950466101432,-0.058720876507755135,0.9474958650027533,-0.5560305754370317,0.3340970996747536,-0.027614954963166207,0.2785179913043976,0.5278189182281494,-0.8023932576179504,-0.007183437701314688,0.006747688166797161,0.012549818493425846,0.06891325116157532,0.03964035585522652,-0.020775431767106056
1724162918.874477,-0.26683155304555956,0.1645888367845338,-0.05987254727489509,0.9476954650995356,-0.5532542818047583,0.33535514742872524,-0.030148336738896504,0.2800084054470062,0.525458812713623,-0.8034228682518005,-0.001524042570963502,0.004125749226659536,0.017046982422471046,0.1135132759809494,0.046603843569755554,-0.02406778559088707
1724162918.905977,-0.2661697194902097,0.1647576149922413,-0.06091928034965235,0.9477854598247161,-0.5522656531606814,0.3349829587081895,-0.032624837990826445,0.27988001704216003,0.5246174335479736,-0.8040172457695007,-0.00044420798076316714,0.0081553403288126,0.00022426777286455035,0.0386219285428524,0.046855583786964417,-0.03697801008820534
1724162918.957162,-0.2654168195186726,0.16467265151412433,-0.061528126349745714,0.9479720710671627,-0.55092954582077,0.3342855547339212,-0.03432457324312072,0.2795489430427551,0.5234794616699219,-0.8048736453056335,-0.0021556855645030737,0.005807346198707819,0.0056744725443422794,0.07501582056283951,-0.019186215475201607,-0.012705772183835506
1724162918.983079,-0.2635661680332654,0.16400035317613507,-0.06216361380710163,0.9485633326575733,-0.5473288132564698,0.3320492970393278,-0.03687650206336541,0.2783609926700592,0.5204081535339355,-0.8072735071182251,0.00011031440226361156,0.00650685653090477,0.005987480748444796,0.1361641138792038,-0.03086404874920845,-0.0027343512047082186
1724162919.028397,-0.2613066017205644,0.16330910514742125,-0.061742865425921514,0.9493348702643885,-0.542526421154414,0.33035759331582804,-0.03723601545964322,0.27780240774154663,0.5163012742996216,-0.8100979924201965,-5.8686622651293874e-05,0.003649446414783597,0.0075030867010355,0.1386018693447113,-0.06815323978662491,0.056857891380786896
1724162919.080956,-0.2592742832983099,0.16283354681856854,-0.06116919966332651,0.9500106988050673,-0.5381489866852445,0.32929298558357256,-0.03702628709006567,0.2776680290699005,0.512547492980957,-0.8125241994857788,0.007885018363595009,-0.001167137990705669,-0.0057258508168160915,0.057468000799417496,-0.02793954685330391,0.024207426235079765
1724162919.132142,-0.25890206297529217,0.16239477349969703,-0.06065142829049783,0.9502204419245934,-0.5371937382493994,0.3285426277104556,-0.03629480989226639,0.2772161066532135,0.5117270350456238,-0.8131953477859497,0.0013076054165139794,0.007577880285680294,-0.0050737448036670685,-0.008006975054740906,-0.03376547247171402,0.029833700507879257
1724162919.144326,-0.25985517175463346,0.16207264580341135,-0.059813032549705825,0.9500684458242791,-0.5388490962360898,0.32845936213297405,-0.03428625289850784,0.27687475085258484,0.5131485462188721,-0.8124154806137085,0.00449521467089653,-0.0014933188213035464,-0.004831087775528431,-0.09697937965393066,-0.05065464600920677,0.017015885561704636
1724162919.184926,-0.26212882331680465,0.1618617686102117,-0.05891248054830729,0.9495359091712308,-0.5431939202326338,0.32888994271026606,-0.03157042978979515,0.2765018045902252,0.5168728232383728,-0.8101785182952881,0.002857265993952751,-0.00022679605172015727,0.0011494944337755442,-0.13706161081790924,-0.03294794633984566,0.04215390235185623
1724162919.230911,-0.2652026027026411,0.16254835442923152,-0.057553180393776944,0.9486480787349633,-0.5490513290364963,0.331810595043849,-0.026941590117071736,0.2778758704662323,0.5218782424926758,-0.8064912557601929,-0.000793418672401458,-0.006300910376012325,0.010684765875339508,-0.18785317242145538,-0.02032831870019436,0.009943475015461445
1724162919.295878,-0.2685321092785079,0.16316482987073638,-0.05619986496330292,0.9476862706881217,-0.5554292474170717,0.33466171864498767,-0.022233517523191214,0.2790752053260803,0.5273081064224243,-0.8025354743003845,0.0033234581351280212,-0.010583596304059029,0.008732697926461697,-0.16244623064994812,-0.020066868513822556,0.00823556911200285
1724162919.307685,-0.2706887643471987,0.16358293052634676,-0.05543847577218883,0.9470452441496278,-0.5595992177995271,0.3365077310439341,-0.01940651556020818,0.27982771396636963,0.5308465957641602,-0.7999364137649536,0.00968075916171074,-0.008317681029438972,-0.0057927523739635944,-0.08635608106851578,0.05065619945526123,-0.0059944093227386475
1724162919.350944,-0.2719814445524097,0.16439002449627743,-0.05532103622040015,0.9465418427458383,-0.562227439869245,0.338694101801232,-0.01809083996199443,0.281111478805542,0.5330721139907837,-0.7980040311813354,-0.0004186730948276818,0.0001360864844173193,0.0027268272824585438,-0.08370503038167953,0.024995334446430206,0.013879631645977497
1724162919.402185,-0.27273021355375604,0.16492842191674684,-0.05564154584107816,0.9462138824776506,-0.5638876101674966,0.33988332549072636,-0.01814578472852561,0.2817648649215698,0.5344759821891785,-0.7968336939811707,-0.0018656778847798705,-0.00011160378926433623,0.004615443758666515,-0.025538774207234383,0.017287634313106537,-0.024369262158870697
1724162919.468679,-0.27313464269949905,0.16524507619676854,-0.056211152807413595,0.9460083294060649,-0.5649250665183804,0.3403356336462707,-0.019043989400465172,0.2819400131702423,0.5353525280952454,-0.7961830496788025,0.008024417795240879,-0.00849732756614685,-0.0025407224893569946,0.021881606429815292,0.014621500857174397,-0.06312071532011032
1724162919.515853,-0.2725408739285086,0.16555651882219075,-0.057662747874502145,0.9460377167436879,-0.5642246220957607,0.3400210444169681,-0.02232179996459246,0.2818145155906677,0.5347607731819153,-0.796625018119812,-0.000976745504885912,0.007602363359183073,0.0022685255389660597,0.004818765912204981,0.014471695758402348,-0.04894563555717468
1724162919.5281029,-0.2729519165817461,0.16635785137467743,-0.058333372323864305,0.9457374829580921,-0.5653248425593855,0.3415278208716663,-0.023119524154425038,0.2828173041343689,0.5356901288032532,-0.7956446409225464,0.0001322572643402964,0.0021352332551032305,0.0034111212007701397,-0.0025990274734795094,0.05333132669329643,-0.039433348923921585
1724162919.5671701,-0.2728589088231989,0.16727308078323597,-0.05911953688979198,0.9455540684193386,-0.565435894695304,0.34312649339631024,-0.0243020454779046,0.28406891226768494,0.5357839465141296,-0.795135498046875,-0.004785222001373768,0.007412268780171871,0.005890116095542908,0.003364785108715296,0.032370079308748245,-0.0052957055158913136
1724162919.571938,-0.2729731363875305,0.1679320362812615,-0.05931692528406954,0.9453919289495857,-0.5657577201147752,0.3445463409824008,-0.024254968132154327,0.2851393222808838,0.5360556244850159,-0.7945690155029297,-0.0010318818967789412,0.005434016231447458,0.004466700833290815,-0.011222636327147484,0.03719206899404526,0.028596628457307816
1724162919.620892,-0.272775168171843,0.1683714885706041,-0.05923073806689287,0.9453762887809476,-0.5653316417350471,0.34557703810043583,-0.023847934344691193,0.2860354781150818,0.5356959104537964,-0.7944895029067993,-0.002361471764743328,5.7596073020249605e-05,0.001732974429614842,0.04166213050484657,0.015211356803774834,0.0056375982239842415
1724162919.672134,-0.2719268485216821,0.1680430940999641,-0.059022753781833984,0.9456920578074207,-0.5635077159721474,0.34478299732634266,-0.02394854095474705,0.28573429584503174,0.5341548919677734,-0.7956346273422241,0.0015940628945827484,0.007476723752915859,-0.0008278624736703932,0.06053875386714935,-0.005687206517904997,0.037557877600193024
1724162919.7233791,-0.26924292535100536,0.16765017716284147,-0.058290506511360765,0.9465747329181072,-0.5577304312514361,0.3438134736587428,-0.02366322868450544,0.28599822521209717,0.5292619466781616,-0.7988033294677734,-0.0061734989285469055,0.005685294978320599,0.0106594767421484,0.1871611475944519,-0.05090775713324547,0.08723510801792145
1724162919.735873,-0.26554946999230017,0.1672994742885091,-0.057483961920951815,0.9477288251206712,-0.5498646648769261,0.3428004969008765,-0.02358411683129591,0.2865794003009796,0.522571861743927,-0.8029887080192566,0.0033494681119918823,0.0032516340725123882,-0.00104695581831038,0.1654047966003418,-0.04943542182445526,0.05864008143544197
1724162919.778434,-0.2636151687518744,0.16700762739292924,-0.05625279553596965,0.9483939088084524,-0.5454599277861276,0.3425142938331876,-0.021815246494117504,0.28711986541748047,0.5188113451004028,-0.805230975151062,0.007943746633827686,-0.0026464215479791164,-0.0028451066464185715,0.07031459361314774,-0.032276153564453125,0.06276901811361313
1724162919.830864,-0.2628360784176051,0.16702480834705669,-0.0555078760757918,0.9486509897593907,-0.5436016264012223,0.34285469541235647,-0.020466327537836827,0.2877175509929657,0.5172218084335327,-0.8060398101806641,0.0037533403374254704,-0.001978252548724413,-0.0014234157279133797,0.01901649869978428,-0.006374269723892212,0.022823192179203033
1724162919.871891,-0.26309179008702954,0.16690330469542208,-0.05508884307511226,0.9486258886527704,-0.5439739170981337,0.34287696933791334,-0.019513253926617714,0.28767073154449463,0.5175403952598572,-0.8058519959449768,0.0041720131412148476,-0.0021143388003110886,-0.004150242544710636,-0.04432841017842293,-0.01432861015200615,-0.0004952274030074477
1724162919.96459,-0.2645449076548442,0.16680703243966855,-0.05501320716968079,0.9482430474960576,-0.5469199299734252,0.3429806251442317,-0.01882245402326138,0.28724029660224915,0.5200589299201965,-0.8043828010559082,-0.0005657310830429196,-0.007092946674674749,0.0016660733381286263,-0.08416887372732162,-0.027195604518055916,-0.0367470420897007
1724162919.9772182,-0.26664210062561877,0.1661835657828815,-0.05540173585248514,0.9477423753309542,-0.5513407154883521,0.3417209179466091,-0.019242362976815773,0.28545352816581726,0.5238297581672668,-0.8025700449943542,0.002577950479462743,-0.009591062553226948,-0.0033223803620785475,-0.11220557242631912,-0.0367029532790184,-0.08674264699220657
1724162919.9845161,-0.26957377988996883,0.16548066819813725,-0.056358569105966434,0.9469793084941466,-0.5576740510402307,0.3400850710087386,-0.020652664660089352,0.2830279469490051,0.529214084148407,-0.799892246723175,-0.0010099390055984259,0.0010623930720612407,0.0018903410527855158,-0.19787949323654175,-0.029961667954921722,-0.08484487980604172
1724162920.0198178,-0.2738681641833321,0.1649533500166874,-0.056955895083424794,0.9458025597193325,-0.5666878040912143,0.33933646489248115,-0.020610036232168293,0.2808297872543335,0.536840558052063,-0.7955732345581055,0.005104398354887962,-0.022827940061688423,0.011016163975000381,-0.16818973422050476,-0.003453205805271864,-0.09699775278568268
1724162920.078413,-0.2759633061444663,0.16463401129685765,-0.05844657014576569,0.9451580776204512,-0.5715097371513704,0.338059812953909,-0.023325080894082417,0.27895212173461914,0.5409024953842163,-0.7934798002243042,0.00027217314345762134,0.018829690292477608,0.004697867203503847,-0.052657369524240494,0.005997536238282919,-0.058746472001075745
1724162920.090018,-0.27684096786329865,0.16480257630107245,-0.058860376543814964,0.9448462548310258,-0.5734638053053892,0.3383566708933933,-0.02378696684691157,0.2788362503051758,0.5425450205802917,-0.7923983931541443,0.009865077212452888,0.02365817502140999,-0.011557107791304588,-0.07525072991847992,0.02510334923863411,0.0011827955022454262
1724162920.166781,-0.2788902150725896,0.16532921433467498,-0.05852818585468715,0.9441720867522064,-0.5775745764498645,0.3402033929201366,-0.021849662345026288,0.2795525789260864,0.5459935665130615,-0.7897729873657227,0.003191675990819931,0.00913565419614315,-0.006960636470466852,-0.14315733313560486,0.001222060527652502,-0.038828566670417786
1724162920.172462,-0.28045176563509855,0.16572111396092618,-0.057659077591445236,0.9436941575969384,-0.5804879680427202,0.3420032283930008,-0.018981771290862395,0.2804388999938965,0.5484320521354675,-0.7877666354179382,-0.006459956057369709,0.005786451511085033,0.006413594353944063,-0.05044708400964737,-0.019648797810077667,0.06178361177444458
1724162920.222122,-0.2807179615505847,0.16517317800150738,-0.0559037956767772,0.9438166693313327,-0.5804020570244025,0.3419337780799705,-0.015297256399311832,0.28040000796318054,0.5483602285385132,-0.7878304719924927,-0.005174768622964621,-0.004118528217077255,0.016198420897126198,-0.0013314044335857034,-0.08845403045415878,0.06716278940439224
1724162920.2768888,-0.28070823907818193,0.16427314862184342,-0.05413216477601183,0.9440799149648901,-0.5797406039583671,0.34099721811079653,-0.011934863257083221,0.2797832787036896,0.547806978225708,-0.7884344458580017,-0.002468152903020382,-0.007926727645099163,0.011208243668079376,-0.006252394989132881,-0.0751890316605568,0.0853305235505104
1724162920.308635,-0.2804492772000268,0.16328620034920538,-0.05274175939390283,0.9444067451756485,-0.5787051465396885,0.33955466736501266,-0.009594779138857592,0.27883440256118774,0.5469403862953186,-0.78937166929245,0.007910553365945816,-0.009186390787363052,-0.0032232915982604027,0.028307195752859116,-0.05024739354848862,0.029237128794193268
1724162920.381702,-0.2804534419127784,0.16276908707211463,-0.05218694127048559,0.94452555826032,-0.5785132600688848,0.33871595603158683,-0.00870153455213459,0.27820712327957153,0.5467797517776489,-0.7897042036056519,0.007921761833131313,-0.00044496130431070924,-0.010652578435838223,-0.011246169917285442,-0.032680410891771317,0.026484306901693344
1724162920.393817,-0.28050496858106544,0.162951794967451,-0.05173094591319215,0.9445038126981019,-0.5784602276605957,0.3394490427277564,-0.007527282251671586,0.27879559993743896,0.5467353463172913,-0.7895273566246033,0.015857849270105362,-0.017650606110692024,-0.011373309418559074,0.010908250696957111,0.03130591660737991,-0.0026854334864765406
1724162920.412212,-0.2794194065269687,0.1641169016431798,-0.052603334659770025,0.9445756580758982,-0.5765462393358489,0.3413488884518275,-0.009138030196669283,0.28064486384391785,0.5451317429542542,-0.7899808883666992,0.00036353670293465257,-0.0023044331464916468,-0.0005286521627567708,0.05248244106769562,0.05532311648130417,-0.028277719393372536
1724162920.469414,-0.27848616373712337,0.16537489045003226,-0.05358784722069941,0.944576543283384,-0.5749909125192311,0.34342756887116327,-0.010875380622074516,0.2825715243816376,0.5438271760940552,-0.7901932001113892,-0.010129033587872982,-0.00173383264336735,0.013220313936471939,0.02644329145550728,0.030548447743058205,-0.04642777517437935
1724162920.498276,-0.2785171795552407,0.16539346758405046,-0.05473369547877603,0.9444984383474737,-0.5754629943362626,0.34273664384059016,-0.013424402805984129,0.28193917870521545,0.5442233085632324,-0.7901463508605957,-0.0034668827429413795,0.0018770955502986908,0.005669298581779003,-0.01596849597990513,-0.006217554211616516,-0.07768481224775314
1724162920.5292869,-0.2796612853062011,0.16475333762926056,-0.05550198837437319,0.944227404925254,-0.5780788724381478,0.34099519325645145,-0.01512001024385114,0.2800857126712799,0.5464159846305847,-0.7892917990684509,0.0007015386945568025,0.0034103868529200554,-0.0035598636604845524,-0.06977231055498123,-0.026163052767515182,-0.0457797534763813
1724162920.5844479,-0.2809883616241964,0.16429876712330546,-0.05621348933623614,0.9438704445882232,-0.5810534852766028,0.3397538628142649,-0.016491559414707334,0.2785628139972687,0.5489048361778259,-0.788102924823761,0.0022072717547416687,0.0021787940058857203,-0.002567735966295004,-0.03483058884739876,0.0087711401283741,-0.04775409400463104
1724162920.614444,-0.2815299698421803,0.16377188673736004,-0.056797591322884734,0.9437656419467173,-0.5823646243995941,0.3382574319688189,-0.017954126102962945,0.27714410424232483,0.5500003099441528,-0.7878392934799194,0.004113285336643457,-0.0006350553594529629,-0.0070309871807694435,-0.0011969821061939,0.012102806940674782,-0.04275630787014961
1724162920.6718411,-0.28128909050694373,0.16372766389127233,-0.05739862096518797,0.9438087530629037,-0.5820789266420902,0.3377089388455989,-0.019439285123274308,0.27676400542259216,0.5497617125511169,-0.7881394028663635,-0.004311412572860718,0.009444529190659523,0.0009651142754592001,0.015307477675378323,0.006545057520270348,-0.003572155022993684
1724162920.715395,-0.28067706691020256,0.163779794481876,-0.05730560907012653,0.9439875636662526,-0.5807873107259618,0.33776523340029335,-0.019442013210892388,0.2770434319972992,0.5486823320388794,-0.78879314661026,-0.0048071653582155704,0.011783892288804054,0.008466476574540138,0.03814318776130676,-0.012752172537147999,0.020482372492551804
1724162920.74372,-0.2798665481083722,0.16375971679040757,-0.05619444034498871,0.9442984484720407,-0.5787284208841457,0.3382780326892164,-0.017281825509156294,0.27782219648361206,0.5469598770141602,-0.7897149324417114,-0.006940907798707485,0.013219615444540977,0.0115645881742239,0.06192668154835701,-0.019304227083921432,0.07622221857309341
1724162920.772646,-0.27823277931064727,0.16343827053516702,-0.05454259999555381,0.9449335220550967,-0.5747817888712559,0.33826428508868694,-0.01445342345453501,0.27852553129196167,0.5436516404151917,-0.7917488813400269,-0.001604755176231265,0.007806492503732443,0.006358766462653875,0.1055566668510437,-0.03388811647891998,0.09763844311237335
1724162920.80388,-0.2760239096557977,0.16288078721625687,-0.05244448276256613,0.9457960403768486,-0.5694976347671147,0.3378579763874075,-0.011025982359083395,0.27915215492248535,0.5392090678215027,-0.7945613265037537,0.0039258915930986404,-0.0049386355094611645,-0.008243933320045471,0.12452919781208038,-0.03585946932435036,0.10484669357538223
1724162920.8593612,-0.2737311115874368,0.16270359040955776,-0.0518959101434853,0.9465228370519732,-0.5645939166118115,0.33731735309076394,-0.010851532302426914,0.2795942723751068,0.5350728034973145,-0.7971976399421692,-0.0064048198983073235,0.007954798638820648,0.004215419292449951,0.10565967857837677,-0.026596492156386375,0.062316592782735825
1724162920.891104,-0.2716744602061826,0.16216697116208578,-0.05075567140957308,0.9472690031374542,-0.5599683442967972,0.33637075185619286,-0.009495677533764358,0.2796534597873688,0.5311594009399414,-0.7997897267341614,0.011017966084182262,0.009447799995541573,-0.015567230992019176,0.09199840575456619,0.008516122587025166,0.07665307074785233
1724162920.972887,-0.2702537338907222,0.1625140720011871,-0.04929320477418029,0.9476931066962448,-0.5565463111128234,0.337783236078364,-0.006583126815693933,0.28138357400894165,0.528256893157959,-0.8011041879653931,0.0029639466665685177,0.007757527753710747,-0.008325775153934956,0.04321156442165375,-0.0014268264640122652,0.08644603192806244
1724162920.9852371,-0.2698057917023135,0.16294412374748318,-0.04780388428735161,0.9478231327488831,-0.5551079754619268,0.3395969439046511,-0.0031684922798869597,0.28308889269828796,0.5270350575447083,-0.8013080954551697,0.003595548216253519,0.003905767807736993,-0.007337096147239208,-0.019949499517679214,0.0007402084302157164,0.0696454718708992
1724162921.0068269,-0.2711357200406516,0.1629137164953571,-0.04583008584424697,0.947546354145338,-0.557138993919099,0.3410374007556223,0.0017568864694082124,0.2838842570781708,0.5287600159645081,-0.799889087677002,-0.006158739794045687,0.008608932606875896,-0.0020747212693095207,-0.15593166649341583,-0.04569230601191521,0.12802654504776
1724162921.047285,-0.27407552995897005,0.1622000216562433,-0.042883316333623335,0.9469607656751832,-0.5621291160939992,0.3419020685156717,0.009091575014717468,0.283687561750412,0.5329889059066772,-0.7971475124359131,0.01320992037653923,-0.01749185286462307,-0.013886217959225178,-0.15965521335601807,-0.026863113045692444,0.039780184626579285
1724162921.103131,-0.2777157695806557,0.16203055910446648,-0.04228170315832148,0.9459557460515805,-0.5693865843580429,0.3427587712632108,0.011877819863284842,0.2830628752708435,0.5391155481338501,-0.7932401299476624,-5.8728212025016546e-05,0.0014792834408581257,-0.00288074417039752,-0.17394064366817474,0.0158096756786108,-0.0009155410807579756
1724162921.1310868,-0.2797947377391705,0.16171687387235825,-0.04170752495277858,0.9454220580371264,-0.5734553150460114,0.3429091682608091,0.013848298261873098,0.2824423015117645,0.5425378680229187,-0.7911251187324524,0.0008996662800200284,-0.0053990865126252174,0.0025060090702027082,-0.042815059423446655,-0.0031711426563560963,-0.012011305429041386
1724162921.184411,-0.28036134301040283,0.1616920759815032,-0.04105574212815692,0.9452870296446151,-0.5743874705252962,0.343412349737053,0.015539757917260134,0.28266996145248413,0.5433206558227539,-0.7905063629150391,0.01135549321770668,-0.006691863760352135,-0.006316229701042175,0.007045237813144922,0.05731245130300522,0.02200360968708992
1724162921.213273,-0.2801449836661882,0.16270696759246378,-0.041289302212268376,0.9451668429414057,-0.5740098689287293,0.3455599658384565,0.015615793460653457,0.2844364643096924,0.5430036187171936,-0.7900904417037964,0.004120427183806896,-0.010100479237735271,-0.007256979588419199,0.009117052890360355,0.07851779460906982,-0.022104039788246155
1724162921.2719522,-0.279648881086704,0.16377519646823593,-0.04200970560455337,0.9450974789452022,-0.5732331320419006,0.34744788021944806,0.014512846882042307,0.28607112169265747,0.5423511862754822,-0.7899484038352966,0.0031620743684470654,-0.0010519458446651697,-0.0022599019575864077,0.022771306335926056,0.059381093829870224,-0.005063032731413841
1724162921.3007898,-0.279097958558159,0.16537211251243397,-0.04310681563847388,0.9449328631057495,-0.5724760680193975,0.3503066279216638,0.012901181132467488,0.2884690463542938,0.5417150259017944,-0.7895128130912781,0.004627471789717674,0.000641914433799684,-0.0014199663419276476,0.009065981023013592,0.0945563018321991,-0.027109159156680107
1724162921.3318949,-0.279451089517497,0.1668391561957092,-0.04398540565385176,0.9445300150355768,-0.5735017483287315,0.3532327455859366,0.012090320740291477,0.29058563709259033,0.5425768494606018,-0.7881435751914978,0.002379864454269409,0.0013885737862437963,0.000995577429421246,-0.025588644668459892,0.09005608409643173,0.00836417730897665
1724162921.385608,-0.2795511203987938,0.1682399244467007,-0.04455807814725483,0.9442250937950072,-0.5738998938341116,0.3561397287824531,0.011809901923350784,0.2928001880645752,0.5429112911224365,-0.7870929837226868,0.0006096586002968252,0.0005198634462431073,0.003565038088709116,-0.0030104334000498056,0.05051247775554657,-0.0057810209691524506
1724162921.416885,-0.279681439363768,0.16927588022696768,-0.04445375744112733,0.944006175658865,-0.5741150204521698,0.35864376421317506,0.012811763607514636,0.29472917318344116,0.543091893196106,-0.786247968673706,0.0033127241767942905,0.002529457211494446,0.00387977110221982,-0.01914088800549507,0.029649075120687485,0.02356046438217163
1724162921.447146,-0.2799492693173494,0.1699414317334137,-0.0439298876008586,0.943831722342221,-0.5744593692268858,0.36059396264059723,0.014563132792540337,0.29619595408439636,0.5433810353279114,-0.7854966521263123,0.0022843927145004272,0.0021456803660839796,0.003041560295969248,-0.027477815747261047,0.022242167964577675,0.021251128986477852
1724162921.4931378,-0.28068803522154834,0.17008102643800543,-0.04341429879411623,0.9436110360036563,-0.5757792336878353,0.36144303571038416,0.016151760959467354,0.29660892486572266,0.5444885492324829,-0.7845733761787415,0.004594319965690374,-0.0037278926465660334,0.008585679344832897,-0.014301604591310024,-0.025814302265644073,0.008885107934474945
1724162921.529512,-0.2810187703863064,0.17001242560827054,-0.04357521976782439,0.9435175292675386,-0.5765190400235181,0.36126720248175787,0.015895172182400996,0.29632848501205444,0.5451089143753052,-0.7842484712600708,0.006709670182317495,-0.006609785370528698,0.0027590151876211166,-0.007557833567261696,0.015654684975743294,-0.022925950586795807
1724162921.5848532,-0.2811478200213173,0.16992222434504423,-0.04433649832686293,0.9434599033141564,-0.577070179757818,0.3606003220991153,0.014184475468939587,0.2956993877887726,0.5455709099769592,-0.7841646671295166,0.01103588379919529,-0.010960514657199383,-0.0005564662860706449,0.0015059170546010137,0.005431748926639557,-0.08397689461708069
1724162921.613085,-0.28190787851989574,0.170165309572025,-0.04661856419848111,0.9430792154199259,-0.5794796946116922,0.3598848305002324,0.009575177355589003,0.29467445611953735,0.5475886464118958,-0.7831434607505798,0.0059458110481500626,-0.0048932586796581745,-0.0016407843213528395,-0.01715734601020813,0.04229896143078804,-0.1348477154970169
1724162921.642051,-0.2824478184233142,0.17039784907557737,-0.04895485563880914,0.9427571771804906,-0.5814581241909293,0.3590422188358741,0.004729101134041726,0.29363319277763367,0.5492430329322815,-0.7823756337165833,-0.0028608161956071854,0.006044589448720217,0.0041554169729352,0.023755459114909172,0.05331697314977646,-0.07175891846418381
1724162921.7147288,-0.28086133470067975,0.17009066250885765,-0.05051322471147226,0.9432043217366869,-0.5787798331650342,0.3569212487491526,0.0003048476023475522,0.2924860715866089,0.547002911567688,-0.7843721508979797,-0.010235239751636982,0.012136327102780342,0.010413369163870811,0.11737533658742905,-0.023111652582883835,-0.024192404001951218
1724162921.759665,-0.27908658854759755,0.16920356495109232,-0.051034381964736794,0.9438624024793042,-0.5753268774440744,0.3540981513187816,-0.0022573852824758667,0.29092374444007874,0.5441091060638428,-0.7869616746902466,-0.0007122727110981941,0.009702666662633419,-0.0012930628145113587,0.08965447545051575,-0.03136606141924858,-5.76656311750412e-05
1724162921.77107,-0.27839564968939956,0.1679931880002959,-0.050812741594425406,0.9442945380537581,-0.5738238178609709,0.35126998248290553,-0.0028901595677719247,0.2889780104160309,0.5428473949432373,-0.7885482907295227,0.002721416763961315,0.0012856008252128959,-0.007340545766055584,0.016855629161000252,-0.07116339355707169,0.01873006299138069
1724162921.826898,-0.2779891507413982,0.16694747428700044,-0.05088966672270656,0.9445955035589808,-0.5730131942347138,0.348701731390284,-0.00395245789133185,0.2871021032333374,0.5421664118766785,-0.7897011637687683,-0.0038191690109670162,0.0150931216776371,0.009152495302259922,0.02345147728919983,-0.07629208266735077,0.031190339475870132
1724162921.87355,-0.2770134933180312,0.16619856274781217,-0.05072039406026747,0.945023264900555,-0.5709453575733293,0.34685345321871547,-0.004499015483507249,0.2860225439071655,0.5404277443885803,-0.791283130645752,0.0005473383935168386,0.005646776873618364,-0.004394625313580036,0.04384950175881386,-0.05395979806780815,0.016420288011431694
1724162921.903441,-0.276420151109484,0.16562500492416726,-0.050045757910977845,0.9453335720477012,-0.56948233700532,0.345822656681691,-0.0036283198713357207,0.2854744493961334,0.5391961932182312,-0.7923205494880676,0.002093407092615962,0.0014897305518388748,-0.003250305075198412,0.01565171405673027,-0.038744352757930756,0.02811889722943306
1724162921.9420881,-0.27614747152446417,0.16532244976776486,-0.04940315561368901,0.945500037890056,-0.5686912998507836,0.3454703672634572,-0.0025096179006965907,0.2853396534919739,0.5385298132896423,-0.7928221225738525,-0.0025560075882822275,0.005219439510256052,0.0007460208144038916,0.005478752311319113,-0.03390510007739067,0.036108098924160004
1724162921.971002,-0.27607579336501625,0.165196064786129,-0.04878097743468938,0.9455753267372533,-0.5683210367931109,0.34555738006792797,-0.0012326782048419991,0.2854761481285095,0.5382177829742432,-0.7929848432540894,0.0046494146808981895,-0.0037297087255865335,-0.00399632565677166,-0.007734409999102354,0.002578378189355135,0.0014816932380199432
1724162922.00318,-0.27617795325069006,0.16536699295093552,-0.048503080899353,0.9455299365960133,-0.5684312611740896,0.3461525311554694,-0.00045184969274582613,0.2859279215335846,0.5383106470108032,-0.7927590012550354,0.0018289341824129224,-0.0006105729262344539,0.00031128351110965014,-0.023372704163193703,-0.01697675883769989,0.01824289932847023
1724162922.058179,-0.2767365358784355,0.16523585515053624,-0.048310931090764495,0.9453993474287957,-0.569508841548912,0.3460995102776363,0.00012746996976047945,0.28568893671035767,0.5392184853553772,-0.7922279834747314,0.0,0.0,0.0,-0.05950414761900902,-0.042763080447912216,0.008386431261897087
1724162922.0883842,-0.2787958775979908,0.16507732584870294,-0.04811977171814572,0.9448316037802114,-0.5736689219529408,0.34633220436590234,0.0013282218362180558,0.28510937094688416,0.5427172780036926,-0.7900446653366089,0.01103224977850914,-0.00948304682970047,-0.016019215807318687,-0.13174980878829956,0.022200660780072212,-0.06470410525798798
1724162922.135735,-0.2811236691231192,0.16487666068578602,-0.048839606419220784,0.9441397094797804,-0.578710736684612,0.34594663264722736,0.0005717367663059021,0.2838732600212097,0.5469450950622559,-0.7875703573226929,0.006988943554461002,0.0005843182443641126,-0.003152940422296524,-0.1255725622177124,0.02154838666319847,-0.028749339282512665
1724162922.185662,-0.2821507073051313,0.16545273658098833,-0.04903669923092802,0.9437222163063779,-0.5808925388532221,0.3474009294920935,0.0009703283766396293,0.28461137413978577,0.5487703084945679,-0.7860327363014221,-0.001369883888401091,-0.00028080400079488754,0.007497912272810936,-0.019141055643558502,0.020968422293663025,-0.0179748572409153
1724162922.239655,-0.28223233841719364,0.16570709653714757,-0.04935556483497859,0.9436365610788627,-0.5811752863306932,0.3478037456698879,0.0004646607110007546,0.2848750650882721,0.5490066409111023,-0.7857721447944641,-0.0012780037941411138,0.002609719755128026,0.0003730104072019458,0.003401487600058317,0.030922094359993935,-0.020606262609362602
1724162922.251206,-0.28210662515252066,0.1659326977894108,-0.04990180489451038,0.9436058039125919,-0.5811141960996619,0.3479416241416274,-0.0006626042214195911,0.28499484062194824,0.5489556193351746,-0.7857643961906433,-0.0010686672758311033,0.0025416763965040445,-0.0009904031176120043,0.008513502776622772,0.020483216270804405,-0.022098304703831673
1724162922.2970471,-0.2823535323152902,0.16638575574761755,-0.05008523419992604,0.9434424171699367,-0.5816885180099358,0.3489348025762725,-0.0006533017087789488,0.2856672704219818,0.549435555934906,-0.7851845026016235,0.006426804233342409,-0.010156258009374142,0.0035920515656471252,0.03214259073138237,0.005316734313964844,-0.019112372770905495
1724162922.348186,-0.28173630231636865,0.16758113492093588,-0.05026600761461546,0.9434057903276928,-0.5804862322497601,0.3514525941737357,-0.0004964227055766582,0.28787049651145935,0.5484306216239929,-0.7850824594497681,-0.0003783375141210854,-0.0027893667574971914,0.002879019360989332,0.03386954963207245,0.04546382650732994,0.012723994441330433
1724162922.360718,-0.28119264965211765,0.1686461796918203,-0.05055667442754375,0.9433626582297838,-0.5794761383388491,0.353611816812192,-0.0006482528922500067,0.2897566854953766,0.547585666179657,-0.7849783301353455,0.0003967302036471665,0.00423553679138422,-0.0001504674437455833,0.016718855127692223,0.05846019089221954,0.016436852514743805
1724162922.45698,-0.2807717579671972,0.16943805749614604,-0.050926832330542474,0.9433261653701727,-0.5787483850584779,0.35511280080054164,-0.001116152347812966,0.2910730838775635,0.5469765663146973,-0.7849159240722656,-0.0029562879353761673,0.0068016960285604,0.006201399490237236,0.011708811856806278,0.028141403570771217,-0.013596191070973873
1724162922.5045629,-0.2806073137358224,0.16959350983115712,-0.05121088592696262,0.9433318265450521,-0.5785155988867227,0.35525071903351213,-0.0017190995159171293,0.2912256121635437,0.5467817187309265,-0.7849951386451721,-0.0013954185415059328,0.007738449145108461,0.004995353054255247,0.014815316535532475,0.005236789584159851,0.009008126333355904
1724162922.518698,-0.2805251409968122,0.16920317259829482,-0.05178529412589471,0.9433950107509683,-0.5785571885779935,0.35395035149733045,-0.003316196410901993,0.2901967167854309,0.5468165278434753,-0.7853518724441528,-0.00438134977594018,0.00218238215893507,0.005513656884431839,-0.0048999362625181675,-0.034662745893001556,-0.07596471160650253
1724162922.5603418,-0.2810944138646554,0.16762472145379367,-0.052908482250463,0.943444999353308,-0.5801289300561074,0.34967913162175573,-0.006690382420026658,0.2865448594093323,0.5481317639350891,-0.7857757806777954,0.0059494031593203545,-0.008540889248251915,0.003438134677708149,0.020748861134052277,-0.06063466519117355,-0.11829478293657303
1724162922.572098,-0.28056603647924144,0.16545423484320848,-0.054364788521708875,0.9439024900093598,-0.579545526217293,0.34356074269339976,-0.011698970191606746,0.2818394899368286,0.5476437211036682,-0.7878152132034302,0.0031657079234719276,-0.0025294129736721516,0.0132028479129076,0.15006627142429352,-0.1359190046787262,-0.03312857449054718
1724162922.605684,-0.27835549860042447,0.16403357396265347,-0.054437870405570514,0.9448003104667732,-0.5750062074038713,0.339738512830573,-0.01375959980117881,0.27965179085731506,0.5438399910926819,-0.7912223935127258,0.007517414633184671,-0.017069557681679726,0.0020060953684151173,0.13652238249778748,-0.10810527950525284,-0.03379826992750168
1724162922.65435,-0.27650551734308176,0.16262771929181666,-0.05450594493403545,0.9455823827640146,-0.5712046428105559,0.3360527728334975,-0.015625948830586944,0.27741342782974243,0.5406458377838135,-0.7941938638687134,0.00597896333783865,-0.0005234515992924571,-0.011646430939435959,0.08196403831243515,-0.03319060057401657,0.017038969323039055
1724162922.6869159,-0.2753034346146721,0.16237888451038726,-0.05368382511418671,0.9460227358782987,-0.5684433568765102,0.3357572901076461,-0.014435926106802676,0.2776695489883423,0.5383208394050598,-0.7956822514533997,0.0012192756403237581,-0.0011304364306852221,-0.0032537546940147877,0.010245582088828087,-0.04276353865861893,0.0274894330650568
1724162922.753299,-0.275584310673243,0.16205373752128072,-0.0529947392156934,0.9460355891472351,-0.5687759579459369,0.33550290284647943,-0.012997508490384321,0.2774081528186798,0.5386011600494385,-0.7955837249755859,-0.0005361295770853758,0.0030946533661335707,-0.0030346610583364964,-0.04180910438299179,-0.018100064247846603,0.014069309458136559
1724162922.807239,-0.2761915048776439,0.1615516983253998,-0.05220182331379285,0.9459885036879998,-0.5697416947418819,0.3349745957612233,-0.011313519023704257,0.2768166959285736,0.5394145846366882,-0.7952386140823364,-0.0061148121021687984,0.0020358485635370016,0.0031563900411128998,-0.026091089472174644,-0.048104800283908844,0.022176915779709816
1724162922.854533,-0.27656947883449906,0.16069800928943317,-0.051354789412445215,0.9460698143413909,-0.5702152980203615,0.33362152188898175,-0.009838900410168246,0.27565672993659973,0.5398132801055908,-0.7953709363937378,-0.001432203920558095,0.004846109542995691,-0.00046175095485523343,-0.005590841174125671,-0.05350920185446739,0.038184765726327896
1724162922.867657,-0.27645388600663345,0.16014671724383772,-0.05057851181912352,0.9462388952041823,-0.5697039788527145,0.33281945853093786,-0.008517714491599576,0.27510884404182434,0.539382815361023,-0.795852541923523,0.0018840704578906298,0.0015577737940475345,-0.0018868916667997837,0.013852381147444248,-0.02794617787003517,0.023106880486011505
1724162922.918628,-0.27616353603317206,0.15996490337524527,-0.050378682501155014,0.9463650417596406,-0.5690365569632096,0.3324658913649186,-0.0083098429801435,0.27494487166404724,0.5388206839561462,-0.79628986120224,0.0024569439701735973,-0.0008147027692757547,-0.0037789572961628437,0.019890546798706055,-0.008094429038465023,0.0020589802879840136
1724162922.923864,-0.27546603930299574,0.16005231797696098,-0.050583336658279174,0.9465425858055547,-0.5676743626862095,0.33239125979352857,-0.008990900336307357,0.2751246988773346,0.5376726388931274,-0.797003448009491,-0.0021337426733225584,0.0014357229229062796,0.0030981129966676235,0.041220955550670624,-0.006475744303315878,0.002455336507409811
1724162922.9746032,-0.274687855083601,0.1602410320069193,-0.05061721770696702,0.9467350307424299,-0.5660888636558,0.33264347399496025,-0.009253222631769897,0.275603711605072,0.5363351702690125,-0.797738790512085,-0.001450596610084176,0.0033999397419393063,-0.003190302988514304,0.02866864763200283,0.02099958062171936,0.007550579961389303
1724162923.0119538,-0.2741169410434562,0.1603955710287524,-0.05063435887058062,0.9468734054924918,-0.5649234210669682,0.33287080715774686,-0.009417722027575926,0.2759891152381897,0.5353511571884155,-0.7982663512229919,-0.0013770677614957094,0.007014456670731306,-0.0026599259581416845,0.025399934500455856,0.01623736508190632,0.02966958098113537
1724162923.0799952,-0.27411822104615086,0.16076304750214832,-0.050310075917239544,0.9468279852728564,-0.5648174271828357,0.33392373465327163,-0.008445619518763518,0.27684807777404785,0.5352616310119629,-0.7980288863182068,0.0038268277421593666,-0.0005338987684808671,-0.011276870034635067,-0.042579032480716705,0.04330134019255638,0.01648256741464138
1724162923.087481,-0.2746942206578079,0.16126158977324603,-0.04944139845014873,0.9466220151290402,-0.5657027168856336,0.33574524052390836,-0.00593382662845685,0.2781450152397156,0.5360091924667358,-0.7970755696296692,0.012244424782693386,0.001022102776914835,-0.008663147687911987,-0.03987588360905647,0.049651265144348145,0.0375649593770504
1724162923.12529,-0.27480544526766726,0.16294293043120184,-0.04834341603366252,0.9463585413163221,-0.5655537163323556,0.3403446546705485,-0.002303944573294291,0.28183481097221375,0.5358834266662598,-0.795863151550293,-0.000304808490909636,0.0008251499384641647,0.003409396391361952,-0.0043111215345561504,0.024635668843984604,0.07365193217992783
1724162923.184952,-0.274797401841462,0.16435657884631352,-0.0475560393362228,0.9461562497849778,-0.5652593643951092,0.344103416633398,0.00040101148965718166,0.2848774492740631,0.5356348752975464,-0.7949466109275818,-0.0011457465589046478,0.0047449530102312565,0.0037841317243874073,-0.06930112093687057,0.027413276955485344,0.05654008314013481
1724162923.2136111,-0.2758272847970405,0.1652096408206302,-0.04706527132058859,0.9457324532589089,-0.567195599845184,0.346620290999549,0.0025092707089917642,0.2865244746208191,0.5372689366340637,-0.7932501435279846,0.000947185792028904,-0.015619800426065922,0.012816039845347404,-0.035227708518505096,-0.01297855470329523,-0.014553752727806568
1724162923.2468572,-0.2756188394511673,0.16580765320165294,-0.04701130757222747,0.9456912422852397,-0.5667467866676265,0.3479879450239892,0.0029432344702235063,0.28769129514694214,0.5368903279304504,-0.7930841445922852,0.0065186843276023865,-0.007265735417604446,-0.003532850183546543,0.04726742208003998,0.05847036838531494,0.008536171168088913
1724162923.337006,-0.2744070267938178,0.16716078610254612,-0.04675865956052816,0.9458179522129426,-0.564165254343543,0.3509888503619225,0.003893136712894585,0.2905455231666565,0.5347106456756592,-0.7935160994529724,0.0027582021430134773,0.004177940543740988,-0.001883442047983408,0.05335690826177597,0.07530458271503448,0.05479637533426285
1724162923.3497992,-0.27289789329911696,0.16841247553675479,-0.046766172383649156,0.9460321369848502,-0.5610698954024653,0.35351714830526465,0.0040560772028278656,0.29312244057655334,0.5320923924446106,-0.794327974319458,-0.0009364100405946374,0.004676909651607275,0.0024207178503274918,0.05903448909521103,0.06327799707651138,0.010102937929332256
1724162923.3985848,-0.2722870228551571,0.16858336835050775,-0.04735449911380666,0.9461484984265567,-0.5600331422445124,0.3534020220012404,0.0025935501293218714,0.29322177171707153,0.5312142968177795,-0.7948788404464722,-0.00012100668391212821,0.00877636019140482,-0.00045657664304599166,-0.0015349010936915874,0.010728313587605953,-0.018957436084747314
1724162923.4123201,-0.27302555529912453,0.168361155533599,-0.04762964396761032,0.9459613741802477,-0.5616473742277074,0.3528901173278394,0.0021529252157673827,0.29251807928085327,0.5325812101364136,-0.7942231297492981,-0.005560290068387985,0.00038736534770578146,0.008919604122638702,-0.03776233270764351,-0.03832554817199707,-0.024869538843631744
1724162923.56095,-0.2740544610771641,0.166822675352977,-0.04793919257029287,0.9459207451827341,-0.5638714192545414,0.3493848869069549,0.0008798510775629236,0.28932616114616394,0.5344622731208801,-0.7941287159919739,-0.0014286120422184467,0.00119847955647856,0.004617168102413416,-0.03322426229715347,-0.09661141037940979,-0.031056582927703857
1724162923.572775,-0.27396302974641795,0.1651133279040446,-0.048068643357025466,0.946240546020941,-0.563730761968867,0.34533836416070146,-0.0005904682112908565,0.28613579273223877,0.534343421459198,-0.79536372423172,-0.0013076054165139794,-0.007577880285680294,0.0050737448036670685,0.06631017476320267,-0.09488516300916672,-0.02425406128168106
1724162923.673975,-0.272329718314946,0.1637789573943951,-0.048760934238758574,0.9469082688367759,-0.5606237314125423,0.3414671181528875,-0.003708145730526887,0.28360918164253235,0.5317145586013794,-0.7980259656906128,0.0011457465589046478,-0.0047449530102312565,-0.0037841317243874073,0.10444720834493637,-0.05229278281331062,-0.017726289108395576
1724162923.686757,-0.27018403548156006,0.16309327539224838,-0.049437527903655284,0.9476059580725765,-0.5564579596944565,0.33901024642183486,-0.006552853979924423,0.2823818624019623,0.5281818509101868,-0.8008023500442505,0.006423171143978834,-0.008678792044520378,-0.011870699003338814,0.12008645385503769,0.010971324518322945,-0.05905192345380783
1724162923.721126,-0.26842804471891774,0.1624224506172294,-0.05093397958863338,0.9481408205151057,-0.5533741770153893,0.3361852939598407,-0.01103474905457161,0.2806544899940491,0.5255608558654785,-0.8031306862831116,0.0001322156167589128,-3.492963151074946e-05,-0.00697270967066288,0.0930854007601738,0.0010629838798195124,-0.06689998507499695
1724162923.8342519,-0.2672622481541513,0.16166264502519576,-0.05243936880594566,0.9485178717622618,-0.5514948159835436,0.33328878550400404,-0.01534176074218872,0.2786496877670288,0.5239610075950623,-0.8048721551895142,-0.0024788868613541126,0.005186325870454311,0.006355317309498787,0.06196288391947746,-0.04679416865110397,-0.0636943131685257
1724162923.839735,-0.2664826336078838,0.16084293331969082,-0.05308361217233509,0.9488406812809737,-0.550103397487537,0.3308678643835648,-0.01761100376594745,0.27693691849708557,0.522775411605835,-0.8062331080436707,-0.0017002688255161047,0.006393436808139086,-0.0019790814258158207,0.04176410287618637,-0.02554631046950817,-0.025887487456202507
1724162923.849066,-0.26612281914874625,0.16019610593937972,-0.05353520035263267,0.9490256459780289,-0.5495071772077766,0.32904386555452875,-0.01917240219418697,0.27556654810905457,0.5222670435905457,-0.8070316910743713,-0.00030840036924928427,0.004472780041396618,-0.0016695228405296803,0.012515523470938206,-0.030367663130164146,-0.01055234670639038
1724162923.948269,-0.2660871386501458,0.1598112860012031,-0.05360176795261116,0.9490967871926683,-0.549448792628008,0.3281157921770273,-0.01958243293387519,0.2748272716999054,0.5222172141075134,-0.80731600522995,0.0011273955460637808,-0.004020960070192814,0.0038711472880095243,0.013352870009839535,-0.030639834702014923,-0.016006000339984894
1724162923.959871,-0.2659793947960088,0.15968865707384433,-0.05376679455026085,0.9491383492702635,-0.549281296774881,0.327714620043817,-0.020069900995705978,0.2745315432548523,0.5220744013786316,-0.8075090050697327,0.0007786595961079001,0.0033772734459489584,0.002049432136118412,-0.004414543509483337,-0.0043575880117714405,0.005135471932590008
1724162923.9954991,-0.26631503683185753,0.1597416800873986,-0.05371948291235583,0.9490379373066472,-0.5499547215019742,0.3279263705077225,-0.019801268071724366,0.2745892107486725,0.5226486325263977,-0.8071178197860718,-0.002060213591903448,0.005050239618867636,0.0036284897942095995,-0.023989589884877205,-0.01237152423709631,-0.005863809026777744
1724162924.006448,-0.2664138710516285,0.15974707552048123,-0.05401779354673926,0.9489923651266444,-0.5502587806468716,0.3277743351776157,-0.020423163021202544,0.2744153141975403,0.5229078531265259,-0.8070090413093567,-0.0016160474624484777,-0.005275263451039791,-0.006979608442634344,0.019222676753997803,0.01688963733613491,-0.006285184063017368
1724162924.012525,-0.26669960162128953,0.15934966677514775,-0.054386287863792675,0.9489578302010688,-0.550960953900905,0.3266905284701843,-0.02139028776852354,0.27342262864112854,0.523506224155426,-0.806958019733429,0.012361840344965458,-0.004106626845896244,-0.01328548975288868,-0.001519668148830533,0.03550643473863602,-0.04397384822368622
1724162924.0231872,-0.2667890984563015,0.16013977989870268,-0.05616800369876611,0.9486958661693435,-0.5517670824345973,0.3274230668813953,-0.02480952286155944,0.2738778591156006,0.5241929292678833,-0.8063576817512512,0.01131160743534565,0.002051382791250944,-0.0011635104892775416,-0.009032663889229298,0.08612683415412903,-0.0966169461607933
1724162924.025402,-0.26684545189051695,0.161254359046224,-0.05894508900239964,0.9483227253902892,-0.552857895984486,0.32827954492183675,-0.030248003689614583,0.27438387274742126,0.5251215100288391,-0.8055810928344727,-0.0027101661544293165,0.009625992737710476,0.010295090265572071,0.005297508090734482,0.07407945394515991,-0.10640602558851242
1724162924.035739,-0.2667735176703402,0.16177577301097235,-0.06098232751084522,0.9481252809263868,-0.5534206568228585,0.3282073990197697,-0.03447456084304809,0.2742304503917694,0.5256003737449646,-0.8053209781646729,-0.0031656245701014996,0.006869738921523094,0.007564813829958439,-0.012626213021576405,0.004329339601099491,-0.08888961374759674
1724162924.156951,-0.2669987466515235,0.1617315956285512,-0.06104316972650735,0.9480655640097118,-0.5539020718270474,0.3281062182042509,-0.03455400229104563,0.27406740188598633,0.5260098576545715,-0.8051091432571411,-0.010488503612577915,0.018777454271912575,0.006545672193169594,0.02205764874815941,0.005690470337867737,0.04087437689304352
1724162924.164151,-0.26626505620282964,0.1612310958326554,-0.05916706395128293,0.9484759393702722,-0.5517415383932704,0.32799011426794394,-0.03097754575343632,0.27433937788009644,0.5241711735725403,-0.8062149286270142,-0.006830676458775997,0.015386145561933517,-0.003215591888874769,0.04300547018647194,-0.02035040780901909,0.13632208108901978
1724162924.314276,-0.2659709106802495,0.16092735803764086,-0.05639132552507509,0.9487790896107846,-0.5501851807079144,0.3289447647978354,-0.025109552709538924,0.27537211775779724,0.5228450894355774,-0.8067237138748169,-0.00597900478169322,-0.0016467112582176924,0.0012625998351722956,0.02921047806739807,-0.05510663986206055,0.17371024191379547
1724162924.321334,-0.2632811067495921,0.16194013182095932,-0.04979643863217834,0.9497255852894899,-0.542428816451983,0.334752329640532,-0.010875652463621072,0.281376451253891,0.5162177085876465,-0.8089169263839722,-0.015035904012620449,-0.0160803385078907,-0.010599256493151188,0.2785067856311798,0.011099462397396564,0.6157773733139038
1724162924.328588,-0.2524778703809868,0.16361868148072506,-0.04064903800514114,0.9528019240614756,-0.5171728327134366,0.34169993996450054,0.005935501659314598,0.29126641154289246,0.4944247007369995,-0.8189677000045776,-0.032283514738082886,0.10175967216491699,0.003254794515669346,0.4235355257987976,-0.06085239350795746,0.823499321937561
1724162924.3314118,-0.24427871104240817,0.16917980057579937,-0.02320628186591376,0.9545509175645437,-0.4940608324189488,0.36181687130531687,0.04357383172388817,0.3116438686847687,0.47420501708984375,-0.8234122395515442,-0.031047353520989418,0.03217162936925888,0.018808571621775627,0.16425953805446625,-0.0022043162025511265,0.966823935508728
1724162924.3405252,-0.23926659336456965,0.1705257676167729,-0.008875760947122925,0.9558209070908548,-0.4784672774168584,0.37088246436991046,0.07287607334446121,0.3217368423938751,0.4604191184043884,-0.8273449540138245,0.0033412924967706203,-0.03533223643898964,0.0029758019372820854,0.13575758039951324,-0.13768815994262695,0.5131514072418213
1724162924.358255,-0.23695438075241929,0.1692931361848411,-0.0019680487410199342,0.9566548470377589,-0.47128712307559806,0.3709436511053345,0.0859253733561303,0.3229775130748749,0.4540334641933441,-0.8303849101066589,0.021215511485934258,-0.04711967334151268,0.0035105529241263866,0.09092329442501068,-0.11642147600650787,0.14427702128887177
1724162924.4086409,-0.235501561849214,0.1664455384284081,-0.0023008960073776516,0.957512098126522,-0.4687339323555217,0.36405752824016774,0.08303080662011883,0.3176634907722473,0.45175713300704956,-0.8336697816848755,0.016610458493232727,-0.030278725549578667,-0.009928053244948387,0.05430769547820091,-0.11981762945652008,-0.1619497835636139
1724162924.50007,-0.23581842222473623,0.16382043354775747,-0.007024229952940527,0.9578638311916795,-0.4713228496216826,0.35599420780395247,0.0716769635036254,0.3105224370956421,0.4540652930736542,-0.8351050615310669,0.010642703622579575,-0.02101384475827217,-0.005710910074412823,-0.016520943492650986,-0.08432525396347046,-0.325682669878006
1724162924.506521,-0.23642602346791616,0.1618079658803143,-0.01415200123049656,0.9579773018432275,-0.4752506580164649,0.3481182779047729,0.05558175817239669,0.3033249080181122,0.45756134390830994,-0.8358418345451355,0.01818612776696682,-0.024248173460364342,-0.013484468683600426,0.07484067976474762,0.025078831240534782,-0.41504165530204773
1724162924.6560168,-0.23517301466405852,0.16102543720549678,-0.02162147835049415,0.9582781056195979,-0.4753903165263456,0.3423113722860027,0.03858605711170255,0.2984447181224823,0.45768553018569946,-0.8375289440155029,0.011010265909135342,-0.007281586993485689,-0.023826686665415764,0.08181250840425491,0.08528726547956467,-0.36241692304611206
1724162924.670207,-0.2344051007320888,0.16123501223071232,-0.02820589666595333,0.9582597715225765,-0.47612376331319095,0.3392730198953864,0.024228286702660168,0.2957868278026581,0.4583375155925751,-0.8381150364875793,0.002772961277514696,0.007101577706634998,-0.01461763959378004,0.07394582778215408,0.08774770796298981,-0.23784200847148895
1724162924.769473,-0.23337431035365852,0.16210695188099486,-0.03203125026892428,0.9582440684066291,-0.4753437043335262,0.3390580682869802,0.016056381655204014,0.2957254946231842,0.4576440751552582,-0.8385155200958252,0.001619555987417698,-0.0027126925997436047,-0.008709133602678776,0.05539940670132637,0.09530869126319885,-0.17531625926494598
1724162924.775054,-0.23339736367647507,0.162980438658003,-0.034893522310066975,0.9579902689689141,-0.4763726792080754,0.3395479385512993,0.01037879834435751,0.29597923159599304,0.45855873823165894,-0.8379260897636414,-0.0136143509298563,-0.003473070217296481,0.005777229554951191,-0.005589108448475599,0.02522808127105236,-0.05247941240668297
1724162924.778784,-0.2334009250975821,0.1629303347606364,-0.03713707001029673,0.9579136318810484,-0.477159003832707,0.3382966020124879,0.005525135096239833,0.2948107123374939,0.4592573642730713,-0.8379554152488708,-5.51780394744128e-05,-0.004338509403169155,-0.008185655809938908,0.011937159113585949,0.05586719140410423,-0.11986612528562546
1724162924.786388,-0.23427276668882785,0.16278502338448433,-0.03820667941238879,0.957683322475987,-0.47929890403378234,0.33758889564825517,0.003485110196948401,0.29389142990112305,0.4611572027206421,-0.837234616279602,0.0011237619910389185,-0.0025434924755245447,-0.011591602116823196,-0.07021141797304153,0.04824843257665634,-0.05655553936958313
1724162924.829673,-0.23570653261514182,0.16226866783402422,-0.038566192156003445,0.9574047288429183,-0.4823352474238098,0.3365203952087439,0.002989753181726453,0.2925329804420471,0.463849276304245,-0.8362226486206055,0.0034888258669525385,-0.0062487185932695866,-0.008245658129453659,-0.08863448351621628,-0.015514685772359371,-0.03661669045686722
1724162924.9857302,-0.23825941278393073,0.16151561789890048,-0.03836923631400128,0.9569079927092882,-0.4874553455946095,0.33542054450730424,0.003999404512379773,0.29082751274108887,0.4683791399002075,-0.8342903256416321,0.0034229555167257786,0.004695987794548273,-0.010900409892201424,-0.17866462469100952,-0.03212442249059677,0.0063471719622612
1724162924.991342,-0.24304005584939484,0.16135662069480672,-0.03810930819572261,0.9557421896781602,-0.4970853373489215,0.33611598705143797,0.006356184202052007,0.28990647196769714,0.47686564922332764,-0.8297911286354065,5.154457176104188e-05,0.005815976765006781,-0.007277093827724457,-0.23804932832717896,0.013912183232605457,-0.007866100408136845
1724162924.9945621,-0.24607555357846214,0.16150593952928322,-0.03706120734438175,0.9549811873969255,-0.5028974325548968,0.3376192234074532,0.009929308258422247,0.29023054242134094,0.4819662570953369,-0.8267253041267395,-0.003969860728830099,0.009341555647552013,-0.007371008861809969,-0.1173526719212532,0.05361548811197281,0.07163681834936142
1724162925.002133,-0.24701962905222388,0.16304687918726357,-0.0354776745282416,0.9545356486832471,-0.5042456694932083,0.342132745498533,0.014645384143683663,0.29374074935913086,0.48314714431762695,-0.8247940540313721,0.0011238036677241325,-0.0003733297053258866,-0.0012077719438821077,-0.03718701750040054,0.0749320238828659,0.059099338948726654
1724162925.004201,-0.2467077944679332,0.16542029038447198,-0.035746215072202873,0.9541978487994487,-0.5036692708168908,0.3472467692869015,0.015304044574300922,0.2980496287345886,0.48264241218566895,-0.8235427737236023,-0.006834701634943485,-0.000650545465759933,0.014371532946825027,0.02872905135154724,0.09810473024845123,0.035887666046619415
1724162925.012501,-0.24532221816283004,0.16721644591150914,-0.03587788864306176,0.9542370598485767,-0.50087113605066,0.350906921990151,0.015472966969660473,0.30152496695518494,0.48018985986709595,-0.8237113356590271,-0.002636678982526064,0.011070345528423786,0.00044163630809634924,0.07177885621786118,0.08667808026075363,0.017886625602841377
1724162925.099519,-0.24427753360295437,0.16891983206375383,-0.03477704887779689,0.9542457887699463,-0.4983201798149716,0.35508843674675267,0.018392635837649694,0.3053915798664093,0.47795069217681885,-0.8235891461372375,-0.0002093365474138409,6.804324220865965e-05,0.0013634136412292719,0.0412447415292263,0.0764177143573761,0.06687064468860626
1724162925.111732,-0.24293961606367193,0.16992655626058004,-0.034534204624156885,0.9544173912639274,-0.49549610096907215,0.3571776677783728,0.018920159045652012,0.3075822591781616,0.47546815872192383,-0.8242106437683105,0.004282327834516764,0.004392517264932394,0.0018372377380728722,0.07592801749706268,0.04739655926823616,0.05126100033521652
1724162925.172874,-0.24155008806562583,0.17069612084310393,-0.03448686910827515,0.9546344939972269,-0.4926445824897173,0.3586186036345115,0.0188626509740631,0.30924418568611145,0.47295764088630676,-0.8250327706336975,-0.0015608277171850204,0.001233409158885479,0.011589877307415009,0.07794670015573502,-0.011458169668912888,0.009741760790348053
1724162925.3133311,-0.24049663492692275,0.17082607316840515,-0.03472173277449305,0.9548686235100318,-0.49059198787561636,0.3585553160021565,0.01797810327580308,0.3095319867134094,0.47114813327789307,-0.8259596228599548,0.005637452472001314,0.0017496845684945583,0.007073523942381144,0.053369827568531036,-0.009036860428750515,-0.024929488077759743
1724162925.324267,-0.24073222142133494,0.17049489350094993,-0.03547750451220548,0.9548406948656426,-0.49135306404170537,0.35746992418525897,0.01626086854376839,0.3085097670555115,0.47181931138038635,-0.8259589672088623,0.003544003702700138,-0.0019102091901004314,-6.0002144891768694e-05,-0.05043944716453552,-0.009277048520743847,-0.07722894102334976
1724162925.331151,-0.24295393216413333,0.16947735521384152,-0.037584711572014984,0.954378416516345,-0.4966460654581152,0.35455353235987247,0.012068626369617733,0.3052283525466919,0.47647950053215027,-0.824501633644104,0.011972293257713318,-0.01563742384314537,-0.002977184485644102,-0.11769183725118637,-0.012863894924521446,-0.2160792350769043
1724162925.3328528,-0.2448553336092802,0.1675852057686075,-0.04161747831497418,0.9540591808007942,-0.5019796511170571,0.3485392673813389,0.003031138819768716,0.29939189553260803,0.4811619222164154,-0.8239221572875977,-0.00672087911516428,-0.002131644869223237,0.004670271184295416,0.022798174992203712,-0.06125250458717346,-0.16831153631210327
1724162925.4333758,-0.24385225444940536,0.1654925008699177,-0.0465320343752416,0.954454294318084,-0.501673006556867,0.3409941594576278,-0.00925441279278903,0.29321616888046265,0.480893075466156,-0.8262966275215149,0.005622135475277901,-0.027368763461709023,0.01132227387279272,0.17960268259048462,-0.07401030510663986,-0.35484081506729126
1724162925.446455,-0.24105262156661086,0.1616735264695385,-0.05159557772029647,0.9555590798369179,-0.49765161924925816,0.3292352177746368,-0.023515823232153947,0.2841027081012726,0.47736331820487976,-0.831510603427887,0.013276265002787113,-0.006582075729966164,-0.023513678461313248,0.17726677656173706,-0.0777844786643982,-0.21371711790561676
1724162925.499063,-0.23960693727890467,0.16067324360837934,-0.053883528704210995,0.9559650089486892,-0.49544930602030113,0.32555265758472907,-0.02958605561061874,0.2813742458820343,0.47542697191238403,-0.8335452675819397,0.0011569553753361106,0.003996477462351322,-0.01121341809630394,0.03242122009396553,-0.018024299293756485,-0.0542774423956871
1724162925.51208,-0.2394713266799518,0.1599546451319558,-0.055342027013129756,0.9560361911490104,-0.49563568558772775,0.32314594124975343,-0.03321057181172061,0.2793391942977905,0.47559094429016113,-0.8341360092163086,-0.001130987424403429,0.00766858970746398,-0.008950065821409225,-0.03480911999940872,-0.01745496690273285,-0.038048241287469864
1724162925.5142689,-0.2413167060839366,0.1600857279299036,-0.05558748959478273,0.955535809084353,-0.4994821696469841,0.3235672776595106,-0.03300660795001196,0.27910691499710083,0.47897103428840637,-0.8322775959968567,0.0023946238216012716,0.0043122111819684505,-0.011738620698451996,-0.12297266721725464,0.007585699204355478,-0.03464807942509651
1724162925.5163178,-0.24345932313433605,0.16169728637264288,-0.05227278456434635,0.9549078933293244,-0.502784372260474,0.3292987188362005,-0.02408004870474037,0.28335943818092346,0.4818671941757202,-0.8291630744934082,0.0015608693938702345,0.0009367536986246705,-0.0012060471344739199,-0.10761233419179916,0.08520447462797165,0.14989706873893738
1724162925.568073,-0.24441534535089118,0.16446710304312,-0.04798610083877429,0.95441548129371,-0.5033147302549223,0.3380050978989163,-0.0127868025243637,0.2904828190803528,0.48233187198638916,-0.8264234066009521,-0.011751706711947918,0.02648097462952137,0.004568315111100674,-0.09286274015903473,0.11208394169807434,0.32429012656211853
1724162925.609407,-0.24538619624543173,0.1666276129279211,-0.04275915188768663,0.954040028403003,-0.5034681281988507,0.34587654417763536,0.00021502929509913043,0.29695379734039307,0.4824662208557129,-0.8240417242050171,-0.003532753325998783,0.012821802869439125,0.0030145463533699512,-0.10382342338562012,0.03140592202544212,0.24269655346870422
1724162925.6383672,-0.24643695259067636,0.16732471193939086,-0.03926487887399846,0.9537973581441036,-0.504353795601142,0.3495532547927866,0.008645021318744036,0.29983508586883545,0.4832417964935303,-0.8225425481796265,0.004851134028285742,-0.01618681289255619,0.007148465607315302,-0.035500023514032364,-0.036301422864198685,0.07610123604536057
1724162925.683429,-0.24709640685926837,0.16743454550253523,-0.037012984357288274,0.95369753714276,-0.5048829224717482,0.35116479463604977,0.013878568827939178,0.30107226967811584,0.48370498418807983,-0.8218181133270264,0.012402216903865337,-0.00486191688105464,-0.002749467035755515,0.007492812816053629,0.03667597472667694,0.10144346207380295
1724162925.7657661,-0.2462006559787373,0.16827352991994404,-0.03546884202559177,0.9538401968561804,-0.5024898495486378,0.35369070162391364,0.01733899387719679,0.303547203540802,0.4816091060638428,-0.8221385478973389,0.01280249748378992,-0.006444173399358988,-0.00820484571158886,0.05066094174981117,0.06165940314531326,0.04387182369828224
1724162925.791798,-0.2450234060475201,0.16901689010860135,-0.03514563500013776,0.9540238367456223,-0.4999671978108621,0.3552729306627314,0.0179666367913788,0.3052692711353302,0.4793967604637146,-0.8227936625480652,0.0059570614248514175,0.006018334534019232,0.0013137600617483258,-0.0058390055783092976,0.019388070330023766,0.0233170073479414
1724162925.8021889,-0.24469204005207537,0.16942913451012903,-0.0346684676833439,0.9540532665953456,-0.4991121376118319,0.3563797034194603,0.019095284678119658,0.3063226342201233,0.4786461889743805,-0.8228391408920288,-0.005090030841529369,0.008237418718636036,0.009299512952566147,0.015762068331241608,-0.030067332088947296,0.044490210711956024
1724162925.858686,-0.24334982660551868,0.16880365626193058,-0.035714210121261275,0.9544687242399356,-0.4967796967245463,0.35412574838301797,0.015903457064551735,0.30485352873802185,0.47659698128700256,-0.8245723843574524,0.0007454660953953862,-0.003162696724757552,0.0016712475335225463,0.09780021011829376,-0.035465918481349945,-0.055959343910217285
1724162925.876944,-0.24197424013398214,0.16786593511320544,-0.0377127326476522,0.954906854470337,-0.49472209733537437,0.3506738813619714,0.010469641753932106,0.30234163999557495,0.4747870862483978,-0.8265389800071716,0.007940154522657394,0.0010012087877839804,-0.007924025878310204,0.09622228890657425,0.0233742855489254,-0.11509615182876587
1724162925.9171572,-0.2410216709328055,0.16741274613335158,-0.04050322487930079,0.9551130701686117,-0.4937909843557725,0.347988837811067,0.003781633558153745,0.3002718985080719,0.47396740317344666,-0.8277630805969238,0.0046494146808981895,-0.0037297087255865335,-0.00399632565677166,0.02122042141854763,0.0062683504074811935,-0.18591301143169403
1724162925.94446,-0.2420774247342068,0.16629863728539768,-0.04583327025334622,0.95479968533647,-0.49782415168579264,0.3428550789666076,-0.007977211757055477,0.2953733801841736,0.47751492261886597,-0.8274865746498108,-0.0004186730948276818,0.0001360864844173193,0.0027268272824585438,-0.01592441089451313,-0.010314770974218845,-0.29431089758872986
1724162925.9984221,-0.24288387672891693,0.16429268523556856,-0.05137650710014079,0.954659989827282,-0.501366842118289,0.3355118717003999,-0.020854005217915708,0.288730263710022,0.48062461614608765,-0.8280307054519653,0.005552672781050205,-0.01277642510831356,0.0035886019468307495,0.03186150640249252,-0.09317707270383835,-0.3332007825374603
1724162926.06724,-0.242990532792663,0.1623806886734329,-0.05494373860592323,0.9547613411477381,-0.5027528112610244,0.32930310990736805,-0.02967864411966952,0.28336799144744873,0.48183953762054443,-0.8291762471199036,0.00135149119887501,-0.0011653660330921412,-0.01022646389901638,0.050534438341856,-0.019539322704076767,-0.17592735588550568
1724162926.113429,-0.2427126564849533,0.15995897128433909,-0.056519008195119035,0.9551488362736977,-0.502633363603685,0.32297498595749957,-0.034606253358870985,0.27813348174095154,0.48173487186431885,-0.8310074210166931,0.0041832225397229195,0.006627091206610203,-0.011579529382288456,0.020777763798832893,-0.08113505691289902,-0.03612811118364334
1724162926.125095,-0.24274555255826327,0.15810575829084114,-0.05710070487730118,0.9554143454630847,-0.5028230300983905,0.3185093531430291,-0.036928936249696794,0.27439114451408386,0.481901079416275,-0.8321543335914612,0.001432203920558095,-0.004846109542995691,0.00046175095485523343,0.058943282812833786,-0.08074469119310379,-0.05127197131514549
1724162926.1947331,-0.24124207407255122,0.15587634271452508,-0.05904033504830936,0.9560434537654063,-0.500292025198096,0.3122646191752654,-0.04295891642257269,0.26956307888031006,0.4796817898750305,-0.8350096344947815,0.01024644821882248,-0.0033948973286896944,-0.01784265600144863,0.08424169570207596,-0.006082646083086729,-0.13924771547317505
1724162926.207574,-0.23959353380959383,0.15540363797786053,-0.06282208961053033,0.9562938649155553,-0.4981136007175285,0.3089602728865152,-0.05202814187110064,0.26711955666542053,0.47776922583580017,-0.8368893265724182,-0.0010651170741766691,-0.0032761169131845236,-0.0062953149899840355,0.12835034728050232,0.0346008837223053,-0.19605952501296997
1724162926.229803,-0.23721910767082482,0.1546723847385826,-0.0664863197467008,0.9567564811172655,-0.49438346858970567,0.30510418444312903,-0.061201786854529476,0.2644239664077759,0.4744890332221985,-0.8396071195602417,-0.013103239238262177,0.025476176291704178,0.004410948604345322,0.11261622607707977,0.00045886210864409804,-0.1338186264038086
1724162926.29464,-0.23612913356209797,0.154344193085758,-0.06716543996385373,0.9570316178929271,-0.49235137961818765,0.3039052284266759,-0.06321398994924701,0.2637051045894623,0.47269928455352783,-0.8408418297767639,-0.013705714605748653,0.01766105368733406,0.011003748513758183,0.04299060255289078,-0.031801845878362656,-0.008599572815001011
1724162926.408634,-0.2359506817661909,0.15306540859245352,-0.06690571926938925,0.9572992298866614,-0.49182199752756156,0.30117886419560913,-0.06342023184303545,0.26148590445518494,0.47223272919654846,-0.8417965173721313,-0.013690955005586147,0.02058468945324421,-0.0017304490320384502,0.008790568448603153,-0.07291445136070251,0.07493612915277481
1724162926.4208179,-0.2361601409276755,0.1522830139933419,-0.06480605995688002,0.9575168142963375,-0.491549316772648,0.3005776611722328,-0.05922162445934502,0.2610178589820862,0.4719923436641693,-0.8420765399932861,-0.002971130423247814,-0.00046226728591136634,-0.0018320635426789522,0.031031979247927666,-0.06144293025135994,0.10156069695949554
1724162926.423106,-0.23561167764046273,0.15159836345076136,-0.06247322524273655,0.957915488413214,-0.48966902007850416,0.30024292452083323,-0.05470385273257023,0.2609979808330536,0.47033384442329407,-0.8430101275444031,0.018355129286646843,-0.02139076218008995,-0.015000076033174992,0.039068553596735,-0.017489861696958542,0.06702626496553421
1724162926.469513,-0.23415911373590717,0.15199407033261111,-0.06229574773881777,0.9582204843768991,-0.4866747194278634,0.30107217155778415,-0.05456368649182549,0.26211342215538025,0.46768930554389954,-0.8441346287727356,0.015325311571359634,-0.018203582614660263,-0.009329051710665226,0.10303910076618195,0.048620618879795074,-0.007590268738567829
1724162926.474914,-0.23176149151048295,0.15309293787762573,-0.06349376154231114,0.9585497601296706,-0.48222403224581567,0.3026509286282467,-0.057326799705280915,0.2640635669231415,0.4637507498264313,-0.845698356628418,0.0093682911247015,-0.022051755338907242,-0.00025898078456521034,0.11646640300750732,0.063134104013443,-0.0580141507089138
1724162926.5233212,-0.22949695872010895,0.15374860418691766,-0.06537464726349136,0.9588631619573588,-0.47823721836807903,0.3029207332738286,-0.061765489203553466,0.2648411691188812,0.46021488308906555,-0.847385048866272,0.007344821467995644,-0.01627933979034424,-0.0015572181437164545,0.1315971463918686,0.04792219400405884,-0.07871398329734802
1724162926.622387,-0.2264823870467665,0.15442156431007356,-0.06735795366621662,0.9593344254365029,-0.4727627593261865,0.30313760610051305,-0.06664391714971789,0.26577305793762207,0.4553477466106415,-0.8497194051742554,0.0006464023026637733,0.001242040190845728,-0.001361688831821084,0.14173348248004913,0.04887125641107559,-0.050624966621398926
1724162926.634548,-0.22424131546515172,0.15513778610132092,-0.06917361037320391,0.9596160863294204,-0.4688201220445354,0.3036254742933692,-0.07088489801737241,0.26672226190567017,0.4518340229988098,-0.8512961864471436,0.0003783375141210854,0.0027893667574971914,-0.002879019360989332,0.0947612076997757,0.05290825664997101,-0.06083640083670616
1724162926.636466,-0.22259495938055615,0.15512156355752693,-0.07133342550088619,0.9598438887605736,-0.46614230763450076,0.30238808773099607,-0.07605975159071145,0.2660280466079712,0.449443519115448,-0.8527776002883911,-0.004877144005149603,0.00235158228315413,0.0026311876717954874,0.1027078628540039,0.013908905908465385,-0.09823952615261078
1724162926.6784859,-0.21991684477758305,0.15387869055202658,-0.07435489095239599,0.9604317718991872,-0.4615243813158318,0.2979838324825255,-0.0840241083395628,0.2628761827945709,0.4453135132789612,-0.8559158444404602,0.01149489264935255,-0.01402205415070057,-0.003131100907921791,0.23002125322818756,-0.008124862797558308,-0.14194411039352417
1724162926.743917,-0.21466704489262997,0.15377490640821162,-0.07873344702855835,0.9612867817498923,-0.45218018753415934,0.29537311382555237,-0.09502940395609519,0.2618406116962433,0.4369276463985443,-0.8605426549911499,0.0066805435344576836,0.005057098343968391,-0.004822463728487492,0.31629976630210876,0.09121772646903992,-0.14764438569545746
1724162926.7724628,-0.21025119463989908,0.15537339447517884,-0.07995152156116121,0.9619049855532905,-0.4437486074428432,0.2981350226553714,-0.09812204001597943,0.2652890682220459,0.4293280243873596,-0.8633071184158325,0.030595920979976654,-0.018891191110014915,-0.039125971496105194,0.20763923227787018,0.2744913399219513,-0.13010703027248383
1724162926.868408,-0.20831788984069086,0.15722369427660127,-0.0791114898052893,0.9620944089086737,-0.43975673224250444,0.3025047747515624,-0.09598633160021436,0.2695674002170563,0.42571935057640076,-0.8637687563896179,0.0013770260848104954,-0.009184620343148708,-0.007723905146121979,0.05147707089781761,0.10063431411981583,0.0910152941942215
1724162926.874075,-0.20723351262634163,0.15812861058472483,-0.07919026649807684,0.9621737988377531,-0.4376739375496911,0.30440409663697743,-0.09603656161603003,0.27147266268730164,0.42383381724357605,-0.8640992045402527,-0.012225558049976826,0.022278551012277603,-0.0008905135910026729,-0.03745239973068237,0.03129292279481888,0.09760919213294983
1724162926.918334,-0.208452734996496,0.15810066023195232,-0.07794554382251528,0.9620166408314451,-0.4397535583795422,0.3049684285362081,-0.09302927978630332,0.27169501781463623,0.42571648955345154,-0.8631032705307007,-0.0006499525625258684,0.00457575311884284,0.006666600704193115,-0.06928778439760208,-0.03522653877735138,0.08065252751111984
1724162926.923626,-0.2102523683199088,0.15800814086613094,-0.07466466376276859,0.9619004374484518,-0.44236602902683064,0.3063830839640875,-0.08552332079811262,0.2725793421268463,0.42807894945144653,-0.8616547584533691,0.0021888790652155876,0.0007326238555833697,-0.0052962880581617355,-0.20020858943462372,-0.05435779318213463,0.23637473583221436
1724162926.974324,-0.2114210175436481,0.15801949729738882,-0.07150035479152586,0.9618828640485785,-0.4437412827578312,0.30796008204461517,-0.0783978474728336,0.273759126663208,0.42932140827178955,-0.8606619834899902,0.015369197353720665,-0.02694682963192463,-0.014481771737337112,0.07819771021604538,0.04677146300673485,-0.04908376187086105
1724162927.028491,-0.2094277254616626,0.15768233599409204,-0.0746228540573442,0.9621370780802516,-0.44065255171052636,0.30564989707600126,-0.0858444715748914,0.2721678614616394,0.42652976512908936,-0.8625526428222656,-0.015479512512683868,0.02043997123837471,0.00849429052323103,0.12635114789009094,-0.0245287474244833,-0.1164732351899147
1724162927.041278,-0.20832066597004384,0.1575238981730251,-0.07682484396242466,0.9622299857722221,-0.43908151059490014,0.30422628756958536,-0.09095677630992594,0.27114003896713257,0.42510828375816345,-0.8635774254798889,-0.019467724487185478,0.030505521222949028,0.008778559975326061,0.02368803881108761,-0.007812260650098324,-0.06871852278709412
1724162927.084203,-0.20888949626189643,0.15619149031426127,-0.07661637633706349,0.9623405203150406,-0.44004403461829367,0.3014387093804578,-0.09099051326383674,0.2686100900173187,0.4259793162345886,-0.8639388084411621,-0.013940585777163506,0.025748349726200104,0.00986460316926241,-0.03232841566205025,-0.1071963757276535,0.04095570743083954
1724162927.134787,-0.2103031271845703,0.1545536894289137,-0.07369533879402601,0.9625251479645989,-0.44186254971196987,0.2992930464154497,-0.08513006922452135,0.2665269076824188,0.4276238679885864,-0.8637714982032776,-0.02112051472067833,0.024508081376552582,0.006725677754729986,-0.09854622930288315,-0.15519888699054718,0.20105843245983124
1724162927.141484,-0.21224991091382137,0.15205838275119532,-0.06733971777581238,0.962960777983548,-0.44366865817775825,0.2969394892450334,-0.07218788836951634,0.26426681876182556,0.42925581336021423,-0.8636564612388611,-0.00280572148039937,0.006042772904038429,-0.008426588028669357,-0.11062933504581451,-0.16590549051761627,0.33683469891548157
1724162927.202158,-0.21344894547975599,0.15007505958845585,-0.06083080380529407,0.9634399441821908,-0.44399313287011677,0.2957608333564198,-0.05888713913085821,0.2632080614566803,0.42954885959625244,-0.8638340830802917,0.0068893637508153915,-0.019035592675209045,-0.004287494346499443,-0.05309424549341202,-0.15007710456848145,0.2749311029911041
1724162927.317027,-0.21318602576103893,0.1482744528752031,-0.056747505656720584,0.9640259635845401,-0.4421261498754883,0.29373038517794264,-0.05112849826072403,0.2616852819919586,0.42786213755607605,-0.8651328086853027,0.010319503024220467,-0.021634863689541817,-0.0050300657749176025,0.033219434320926666,-0.1262737512588501,0.13311104476451874
1724162927.330365,-0.2117148040644237,0.14732851844668587,-0.053883637548935784,0.9646593306034063,-0.4382356621205115,0.2928795612382919,-0.04593041624770057,0.26142773032188416,0.4243425130844116,-0.866942286491394,0.01156837958842516,-0.012577700428664684,-0.012984555214643478,0.07283294945955276,-0.07975657284259796,0.10189797729253769
1724162927.3645148,-0.20970085578011358,0.14699094765877244,-0.05176138382191359,0.9652667064709886,-0.43350197884091674,0.2929456159428294,-0.04219302888532104,0.262062132358551,0.4200514256954193,-0.8688384294509888,0.028256908059120178,0.0008194270776584744,-0.04186774045228958,0.09034741669893265,0.08761361241340637,0.13120801746845245
1724162927.374384,-0.20675767376814672,0.1478840624794347,-0.04824610627586387,0.9659471053569315,-0.4265183848966932,0.29620897332393276,-0.03521557678027286,0.2657458484172821,0.4137036204338074,-0.8707631230354309,-0.006750438828021288,-0.01014908216893673,0.019754836335778236,0.1515653133392334,-0.10179607570171356,0.2088160514831543
1724162927.423513,-0.20396962256199655,0.14652148876747392,-0.042279354809797505,0.9670264666221592,-0.4190334480486828,0.2956260244872749,-0.024084499240364824,0.2661328911781311,0.406877726316452,-0.873855710029602,-0.021587181836366653,0.013010397553443909,0.011424688622355461,-0.014650206081569195,-0.17333348095417023,0.4568631947040558
1724162927.4359689,-0.20327571768114047,0.14486145969050368,-0.03555083005973246,0.967693230640634,-0.41557599093428277,0.29490455786912867,-0.01083323729982897,0.26590967178344727,0.40371695160865784,-0.8753882646560669,-0.005619493313133717,-0.019987836480140686,0.018321072682738304,-0.03677345812320709,-0.15707558393478394,0.3491327166557312
1724162927.483444,-0.20270878076117435,0.14288232901418405,-0.03147098216490109,0.968247520482324,-0.41319538613338935,0.2923308658435938,-0.0032935807109935517,0.2639320194721222,0.40153783559799194,-0.8769875764846802,0.0030400343239307404,-0.04032487794756889,0.0010802859906107187,0.054938748478889465,-0.14365941286087036,0.09394599497318268
1724162927.534556,-0.2015040924620076,0.141173450258911,-0.02987930334622216,0.9687998748964383,-0.4102849090510938,0.28917593405623543,-0.0010905856968345803,0.26149603724479675,0.3988706171512604,-0.8789322972297668,0.015270091593265533,-0.024712255224585533,-0.02789853699505329,0.04022131860256195,-0.03821072354912758,0.03186464682221413
1724162927.625982,-0.20013688466288676,0.14122047942389263,-0.030948171153686505,0.9690428753685771,-0.40783570451154444,0.28864842009535113,-0.0037619108303077026,0.2613096535205841,0.39662349224090576,-0.8800039887428284,0.009114986285567284,-0.01758079044520855,-0.014510509558022022,0.05360535532236099,0.011393669992685318,-0.12104158848524094
1724162927.6394072,-0.1996917940158035,0.14178582550176783,-0.033996924786492105,0.9689499837519281,-0.4078354972387905,0.288511208883572,-0.010082844805176292,0.26118892431259155,0.39662328362464905,-0.8800399303436279,-0.00025334703968837857,0.0023008007556200027,-0.02463535964488983,-0.029004134237766266,0.08705119788646698,-0.16128328442573547
1724162927.641829,-0.2005933927941605,0.14272780350363592,-0.03686808194027616,0.9685203484274971,-0.4105151894888566,0.28941345514687,-0.015437661715098264,0.2616785764694214,0.3990817666053772,-0.8787821531295776,-0.010308810509741306,0.006351647898554802,-0.000500837923027575,-0.05727635696530342,0.057113319635391235,-0.1151668056845665
1724162927.688587,-0.2014117607667813,0.1436339683026099,-0.03905691440905424,0.9681306753263093,-0.41283264950207677,0.29051391515279995,-0.01939585084569509,0.26237985491752625,0.4012055993080139,-0.8776051998138428,-0.004429344087839127,-0.009451387450098991,0.007485839072614908,0.004503965377807617,0.06126805394887924,-0.12687274813652039
1724162927.740829,-0.20154323398010524,0.14412190470419803,-0.04161644416016204,0.9679241444121852,-0.41386695848734406,0.2904708985844594,-0.02454397388299707,0.26222312450408936,0.40215280652046204,-0.8772184252738953,-0.0050757466815412045,-0.010693428106606007,0.008847528137266636,0.039796944707632065,0.03493692725896835,-0.1285335123538971
1724162927.754107,-0.20100139476646606,0.14397153443976618,-0.04353128021434366,0.9679749866063444,-0.41333223918474093,0.28925998545118936,-0.0288288278655716,0.2612219750881195,0.4016631841659546,-0.877741277217865,0.0021153499837964773,-0.0028818929567933083,-0.005826665088534355,0.021991796791553497,0.014617865905165672,-0.08828472346067429
1724162927.795823,-0.20061531560231527,0.1437830382929742,-0.04556139780837329,0.96798968689427,-0.4131420831804226,0.28793490125274446,-0.03332527751641386,0.26008036732673645,0.4014890193939209,-0.8781598806381226,-0.000591265968978405,0.0009263065876439214,-0.0008364861714653671,0.01466082502156496,-0.007717962842434645,-0.06451345235109329
1724162927.8617601,-0.20126921761820146,0.14342734126970144,-0.04643253638840416,0.9678652813970892,-0.41470763631530827,0.28684597484520175,-0.035130327417101544,0.2589457929134369,0.4029223620891571,-0.8778386116027832,0.00946423877030611,-0.0009543771157041192,-0.014587177895009518,-0.05354578420519829,0.022308215498924255,-0.05829793959856033
1724162927.9108481,-0.20323065996225922,0.14354371472600969,-0.04701272234763324,0.9674100124532329,-0.4188515114571279,0.28701854990170816,-0.03571001609843097,0.258622407913208,0.40671151876449585,-0.8761849999427795,0.007796688005328178,-0.009875454008579254,-0.0039058607071638107,-0.12339150160551071,-0.0009588657994754612,-0.07345657795667648
1724162927.924037,-0.20563235925401627,0.14332173925843128,-0.048274577952137486,0.9668731456525141,-0.42407555999260166,0.28619138559707036,-0.03776064640544192,0.257294237613678,0.4114784002304077,-0.8743484020233154,0.008233753964304924,-0.008565370924770832,-0.003904135897755623,-0.11740440875291824,0.03493138775229454,-0.099509596824646
1724162927.9672132,-0.20814183551424567,0.14350052365861898,-0.050039913542830466,0.966219637338349,-0.4296833584868044,0.286003858620806,-0.04066929362133609,0.2564752399921417,0.41658297181129456,-0.8721691370010376,0.0037165966350585222,-0.0027004291769117117,0.0035033111926168203,-0.12899576127529144,0.003831420559436083,-0.08015191555023193
1724162927.9788451,-0.21020984684153177,0.14341702992130437,-0.05167494993177628,0.9656981685814434,-0.434349798321595,0.28525239093649735,-0.0435674754722064,0.25526994466781616,0.4208206534385681,-0.8704867362976074,0.002005118876695633,-0.005048423074185848,0.008953515440225601,-0.06544578820466995,-0.017339950427412987,-0.1029127687215805
1724162928.090857,-0.21164571987546368,0.14274157815370192,-0.05282026483094056,0.9654226381168135,-0.4375642273886634,0.28337245692621604,-0.045906044476276914,0.2532535195350647,0.4237344264984131,-0.8696618676185608,0.0012708618305623531,0.006855703890323639,-0.00014701805775985122,-0.0726735070347786,-0.019363176077604294,-0.0521603561937809
1724162928.104504,-0.21324045913601422,0.14178978488381738,-0.05325763133112729,0.9651878929886664,-0.4408816736216315,0.2812253778701569,-0.04683018347482767,0.2509942054748535,0.4267370104789734,-0.8688483238220215,-0.001755405217409134,0.004225089680403471,0.00021909346105530858,-0.08219382911920547,-0.06428611278533936,-0.010810578241944313
1724162928.1068501,-0.21489246808291879,0.14041156852719838,-0.052484587459987304,0.9650653597515909,-0.443949489013871,0.2787203674507763,-0.04536717669584602,0.24845559895038605,0.4295094311237335,-0.8682116270065308,0.009640423581004143,-0.005392227787524462,-0.005944944452494383,-0.07984296977519989,-0.04472016170620918,0.013755012303590775
1724162928.184526,-0.2166813494899598,0.13911812202471155,-0.05116862540702618,0.9649233293995415,-0.4471513836824496,0.2766746867303537,-0.042665424894440175,0.24630206823349,0.4323987364768982,-0.8673906922340393,0.01333862729370594,-0.009538826532661915,-0.0051701851189136505,-0.09883081912994385,-0.07186726480722427,0.010795513167977333
1724162928.197361,-0.21889426929928846,0.13821549072400774,-0.05011841125546814,0.9646086471866407,-0.4513146065566313,0.2754021693928263,-0.040216610694692484,0.2447064369916916,0.43614888191223145,-0.8659635782241821,0.00021652039140462875,-0.007363303564488888,0.008794424124062061,-0.10983402281999588,-0.0783914253115654,0.013628545217216015
1724162928.217211,-0.22144613329688814,0.13705509704101476,-0.04934836787218032,0.9642314105572075,-0.4562419007156251,0.2734702176056084,-0.03840232116070802,0.24244964122772217,0.44057753682136536,-0.8643550276756287,-0.004267485346645117,0.002871445845812559,0.006196225993335247,-0.14647917449474335,-0.0836002379655838,-0.014121153391897678
1724162928.2788482,-0.22476418034073253,0.136069513895755,-0.0489689016445658,0.9636223587946989,-0.4628520992877198,0.27180906124332294,-0.037121394062484346,0.24022634327411652,0.4465019404888153,-0.8619323372840881,-0.010804562829434872,0.008691010065376759,0.007000523619353771,-0.1869802474975586,-0.07443809509277344,-0.027791636064648628
1724162928.3227072,-0.22842600676491753,0.13459867049483265,-0.04883822292747449,0.9629742774177917,-0.4702216129855725,0.2689942464569835,-0.036541395169340324,0.23691827058792114,0.453083872795105,-0.859409511089325,-0.014300571754574776,0.02223498933017254,0.005088343285024166,-0.19265088438987732,-0.08272776007652283,-0.03524333983659744
1724162928.354259,-0.23198178080294365,0.13291117270725109,-0.04883705827688477,0.9623584879810957,-0.4774110589758401,0.2656221504768907,-0.036409790232198154,0.23315776884555817,0.45948126912117004,-0.857038140296936,-0.014561019837856293,0.03617137670516968,-0.00893719308078289,-0.17328107357025146,-0.05426874756813049,-0.01970011368393898
1724162928.390722,-0.23519635092643654,0.1317946564425176,-0.048859532935594405,0.9617304961566379,-0.4839394520744339,0.26346073623205973,-0.03614126725896112,0.23051871359348297,0.46526986360549927,-0.8546257019042969,-0.007388749159872532,0.022852420806884766,-0.003673893166705966,-0.13208885490894318,-0.03156345337629318,-0.05787612497806549
1724162928.421773,-0.23739258274825048,0.13135631401092845,-0.04919975214088571,0.9612334112128633,-0.4885032846650598,0.2625289770710437,-0.03649455418949085,0.2291688323020935,0.46930477023124695,-0.8527805805206299,-0.009676692076027393,0.026524534448981285,-0.00141054205596447,-0.04395284131169319,0.029306864365935326,-0.06416908651590347
1724162928.471963,-0.23860523632511474,0.13155710087509026,-0.05032417864118584,0.960847316051745,-0.4912941988997549,0.26249295669401046,-0.038487886610719016,0.22879734635353088,0.4717674255371094,-0.8515205383300781,-0.01681983657181263,0.028176605701446533,0.0009076371206901968,-0.030055539682507515,0.04066673666238785,-0.050011686980724335
1724162928.503011,-0.23908054142034338,0.13204358651738818,-0.0517579525476838,0.9605862414787607,-0.4926740089502682,0.2628474823752625,-0.041209069547951886,0.22892986238002777,0.47298356890678406,-0.8508099913597107,-0.02371685765683651,0.032652974128723145,0.00731950718909502,-0.006286413874477148,0.04870520159602165,-0.014587517827749252
1724162928.558497,-0.2391343074079774,0.13229714522430147,-0.05218894449385976,0.9605146733045408,-0.4929116329195897,0.26318334429010154,-0.041992647538194525,0.22918635606765747,0.4731929302215576,-0.8506245017051697,-0.021704597398638725,0.018139127641916275,0.016047028824687004,0.03695347160100937,-0.003604298457503319,0.00865156203508377
1724162928.589209,-0.23886676189199058,0.13227758841019482,-0.05228377512010372,0.9605787927350775,-0.4923892253023661,0.26306315741903286,-0.04228641359817998,0.22914837300777435,0.47273263335227966,-0.8508906364440918,-0.0069849188439548016,0.015452371910214424,-0.014434183947741985,0.007221898064017296,0.0747290775179863,0.018363632261753082
1724162928.623334,-0.23894746394661423,0.13287124096692204,-0.05226556998027717,0.9604777533020401,-0.49257533643998747,0.26439953794667514,-0.041892393997603965,0.23026227951049805,0.47289663553237915,-0.8504986763000488,-0.004667807370424271,0.0022835389245301485,0.0012677740305662155,0.023093989118933678,0.03597746789455414,-0.0038454937748610973
1724162928.655571,-0.23867898058032683,0.1334132928345205,-0.05259540412869116,0.9604513932840442,-0.49213996549381395,0.26540009432172273,-0.04238618027289724,0.23116712272167206,0.47251299023628235,-0.8504664897918701,-0.0019208142766728997,-0.002279950538650155,0.00681361835449934,0.04591524600982666,0.02693042904138565,-0.020874304696917534
1724162928.733169,-0.2378920128236512,0.13394480627839078,-0.05329474269244865,0.9605340945370993,-0.49074589656736456,0.26612938143656606,-0.043840395555344504,0.23196031153202057,0.471283882856369,-0.8509323596954346,-0.0010247398167848587,-0.004031407181173563,0.00424070842564106,0.0639696791768074,0.026741836220026016,-0.029284443706274033
1724162928.750423,-0.23683472276145234,0.13471262959291877,-0.05396949805378667,0.9606502862315387,-0.4888053055842191,0.2673732207148876,-0.04518767374257687,0.23325973749160767,0.46957144141197205,-0.8515236377716064,0.00015420018462464213,-0.002236390020698309,0.0008347614202648401,0.06361747533082962,0.044298186898231506,-0.005033588036894798
1724162928.773264,-0.2356633389206441,0.1355208211337836,-0.05411513631567154,0.9608165033259627,-0.48648988554668565,0.26897930480010657,-0.04539544325837049,0.2349153757095337,0.4675258994102478,-0.8521937727928162,5.51363336853683e-05,0.0021683466620743275,-0.002198175061494112,0.03872431814670563,0.02779955044388771,0.03533521294593811
1724162928.837246,-0.23495386019053735,0.13633420670198138,-0.05381189486105747,0.9608921968769829,-0.4849944683851467,0.27087625071222704,-0.044494575808904854,0.2367183268070221,0.4662034809589386,-0.8524193167686462,0.0007858017343096435,-0.0060881501995027065,0.0018234397284686565,0.019685402512550354,0.01669095642864704,0.027370592579245567
1724162928.8654308,-0.23465970796745936,0.1372057873950298,-0.053358405390781224,0.9608653386706072,-0.48430672404295616,0.27301868617418845,-0.04311757747970397,0.23863042891025543,0.46559491753578186,-0.8522188067436218,0.0015312677714973688,-0.009250846691429615,0.0034946873784065247,0.0005658975569531322,0.015773598104715347,0.03986925259232521
1724162928.897191,-0.2345000206097889,0.13772010549241,-0.05290097022674233,0.9608560041169888,-0.4838747227957422,0.2743835201680758,-0.04188949453464697,0.2398478239774704,0.46521255373954773,-0.8520858287811279,0.00478881411254406,-0.011059898883104324,-0.0008111973293125629,-0.001725678564980626,0.020923178642988205,0.026669850572943687
1724162928.9533448,-0.23447875389399386,0.1380967062092714,-0.052592424015803954,0.9608240944586216,-0.4837603947397841,0.2753781464343906,-0.04101976029310769,0.24070966243743896,0.4651113748550415,-0.8518980145454407,0.006331291049718857,-0.011569315567612648,-0.0047457958571612835,-0.0025998936034739017,0.01396268606185913,0.005898740142583847
1724162928.981972,-0.23446967243841454,0.13844823690432229,-0.05245948192978938,0.9607829872162805,-0.4837190920894998,0.27622599513861795,-0.04054164833659766,0.24143710732460022,0.4650748074054718,-0.8517121076583862,0.007741551846265793,-0.012043801136314869,-0.001707685412839055,0.0007566750282421708,0.005578733514994383,-0.005758038721978664
1724162929.013274,-0.2344252310226328,0.13864853089445026,-0.052492995615110644,0.9607631034065324,-0.483646334140926,0.27664761107553737,-0.04051829002951661,0.24180541932582855,0.4650103747844696,-0.8516427874565125,0.004116876982152462,-0.004282685462385416,-0.0019520679488778114,-0.010745875537395477,0.0050415643490850925,-0.0005025627324357629
1724162929.0719361,-0.23439786769950927,0.13894494494086,-0.05249402216929671,0.9607269247904665,-0.4836032589401105,0.2773010205744337,-0.040366801195109034,0.24236732721328735,0.46497225761413574,-0.8515039086341858,0.00283887330442667,-0.0016729659400880337,-0.0015790574252605438,-0.001990276388823986,0.012312386184930801,-0.0009200525237247348
1724162929.1159558,-0.23411051858859144,0.13937096857341202,-0.05269953354448188,0.9607240547388038,-0.4830933904777151,0.27810753585868137,-0.04066673646421267,0.2431190460920334,0.46452078223228455,-0.851535975933075,0.0022072717547416687,0.0021787940058857203,-0.002567735966295004,0.013383587822318077,0.031937386840581894,-0.0037358389236032963
1724162929.171616,-0.23401599999861153,0.13975775677541027,-0.05286415149398387,0.9606818249351652,-0.48296398885240677,0.2788683182338049,-0.04084157659833644,0.2437833547592163,0.46440619230270386,-0.8514085412025452,0.0003415938117541373,0.0020671901293098927,0.002047707559540868,-0.0041939979419112206,0.004315799102187157,-0.0036572283133864403
1724162929.184269,-0.23408776247442245,0.13977775447562973,-0.0529644909026779,0.9606559247705895,-0.4831400548141984,0.2788672941223916,-0.04102688726612624,0.24375997483730316,0.4645621180534363,-0.8513302206993103,0.0019024631474167109,0.003003943944349885,0.0008416604832746089,-0.006816392298787832,-0.0035447017289698124,-0.00366757670417428
1724162929.2271252,-0.23456866373932572,0.13972146233440189,-0.05296355978405259,0.9605468045526375,-0.4841188563527716,0.27879224055712837,-0.04091074515819469,0.24357081949710846,0.4654286503791809,-0.8509109020233154,-0.003966227173805237,0.007864088751375675,0.008091741241514683,-0.03486815467476845,-0.02914951555430889,0.012888551689684391
1724162929.258184,-0.23504940534342647,0.13909254535891072,-0.05256782517933112,0.9605423356112739,-0.48496047781953694,0.27765612745245644,-0.04025080222888122,0.24249647557735443,0.4661734104156494,-0.8508101105690002,0.010224547237157822,0.0031468889210373163,-0.004882465582340956,-0.023336004465818405,-0.01842474564909935,0.0029323408380150795
1724162929.32227,-0.23563012626646063,0.13912215661936508,-0.05218010284570333,0.9604169007852006,-0.4860365606701644,0.2779869440848081,-0.03921713987737784,0.24264012277126312,0.46712514758110046,-0.8502469658851624,0.006382877007126808,-0.0035831753630191088,-0.0016390597447752953,-0.0143894599750638,-0.01266813650727272,-0.0015771148027852178
1724162929.39065,-0.23597271988324878,0.1392584376736984,-0.0522906180187146,0.9603070076636588,-0.48677320143887726,0.2782666909531302,-0.03927901655391669,0.24278338253498077,0.4677763283252716,-0.8498479127883911,0.004399742465466261,-0.0007362122414633632,-0.0027851045597344637,-0.016357317566871643,0.017127109691500664,-0.017355740070343018
1724162929.403151,-0.2359719200146963,0.1394119453849128,-0.05291186914713264,0.9602508727940708,-0.4869556456251708,0.27827788777790285,-0.04054549241433541,0.24276944994926453,0.4679375886917114,-0.8497631549835205,0.0020821981597691774,-0.0072516994550824165,0.004178981296718121,0.02360745146870613,0.002378973411396146,-0.04825524240732193
1724162929.441462,-0.23532012479267908,0.13929947055858324,-0.054041913321140646,0.9603642343944517,-0.48594264068497317,0.2773636695086519,-0.04325980115386424,0.24212215840816498,0.46704208850860596,-0.8504402041435242,0.003713004756718874,0.0009472009260207415,-0.0015756080392748117,0.04869882017374039,0.014408466406166553,-0.06179051101207733
1724162929.512106,-0.2344393375497083,0.13923609012758908,-0.05552949938667606,0.9605039810805127,-0.4845647435697942,0.27635201094881434,-0.04678937971964765,0.24143703281879425,0.4658232629299164,-0.8513030409812927,-0.0022879429161548615,0.003672112710773945,0.0022633513435721397,0.04421788826584816,-0.00302906078286469,-0.05741140991449356
1724162929.525063,-0.23377221436235066,0.13869812703155257,-0.05702566463040182,0.9606567056816256,-0.48359891381606507,0.2743107219592009,-0.050530097180642115,0.23982053995132446,0.46496841311454773,-0.8522267937660217,0.0021669361740350723,0.005104247480630875,-0.0027199280448257923,0.03978179395198822,0.01449913065880537,-0.08274944871664047
1724162929.572116,-0.23364660566005546,0.13782044865475926,-0.05814724922093405,0.9607463709778427,-0.48360978044697134,0.2717653496735272,-0.05348281851506649,0.23764917254447937,0.46497800946235657,-0.8528295755386353,0.009027214720845222,-9.429780766367912e-05,-0.004205070901662111,0.009606979787349701,-0.024953177198767662,-0.06862612068653107
1724162929.584529,-0.23339712853024938,0.13702541904206245,-0.05935383473983958,0.9608469541570516,-0.4833904281583614,0.26934899597952183,-0.05661014505273136,0.23561488091945648,0.46478381752967834,-0.8534996509552002,0.00283887330442667,-0.0016729659400880337,-0.0015790574252605438,0.03231086581945419,-0.026701316237449646,-0.07064875215291977
1724162929.632226,-0.2328543071789654,0.13640735623875785,-0.06092768570259489,0.9609680543867277,-0.4826782041967199,0.2671112296026997,-0.060519846030887975,0.23379166424274445,0.46415308117866516,-0.854343831539154,0.005846747197210789,-0.0004885219968855381,-0.004673720803111792,0.06370491534471512,0.009450390003621578,-0.09840967506170273
1724162929.684608,-0.23135674241277904,0.13597400957021938,-0.06346043018730159,0.961227279447989,-0.4802836605932926,0.2647219236825889,-0.06666927915492042,0.23203985393047333,0.4620307683944702,-0.8559702634811401,0.002460535615682602,-0.004462332930415869,0.0012999619357287884,0.10577023029327393,-0.013273435644805431,-0.13278546929359436
1724162929.697058,-0.22967165345097168,0.1357576844298986,-0.06624927616372335,0.9614737325293722,-0.47758329093732094,0.2626905510486091,-0.07329371557804217,0.23062372207641602,0.4596342146396637,-0.8576415777206421,0.0003967302036471665,0.00423553679138422,-0.0001504674437455833,0.09370306879281998,0.031486064195632935,-0.1088930293917656
1724162929.7309752,-0.22825294318565603,0.13566401094471214,-0.06883433518548696,0.9616432027843599,-0.47537563757219464,0.26107295131906494,-0.07932630141872245,0.22949746251106262,0.45767247676849365,-0.8589917421340942,-0.0016599332448095083,0.0034679831005632877,-0.0018268893472850323,0.09202837198972702,0.032030411064624786,-0.09798571467399597
1724162929.790804,-0.22699484914539195,0.13572380016568308,-0.07048139996661885,0.9618132473003967,-0.4732543000468242,0.26030147198971804,-0.08319168427676342,0.2290840595960617,0.4557853043079376,-0.8601047992706299,-0.008597291074693203,0.010869803838431835,0.004432788118720055,0.061817023903131485,0.0027067423798143864,-0.027016500011086464
1724162929.843377,-0.2260238173513717,0.13565902553903467,-0.07085149415239927,0.9620238498065986,-0.47136616880093096,0.2599310047045968,-0.08427663944106038,0.22898617386817932,0.45410388708114624,-0.8610197305679321,-0.004862342961132526,0.0074453819543123245,0.0002808202407322824,0.03820239007472992,0.007623027544468641,0.011080903932452202
1724162929.875701,-0.22605258506058964,0.13574396707173048,-0.06972597328429671,0.9620873139726913,-0.47113105606532224,0.2606952089619372,-0.08178572260676045,0.22967161238193512,0.45389440655708313,-0.8609476089477539,-0.007759944535791874,0.010597631335258484,-0.0010208662133663893,-0.02824237383902073,-0.006729296408593655,0.10371874272823334
1724162929.909935,-0.22671373097174302,0.13576177350436675,-0.06723004502991668,0.9621069260513941,-0.4718110784662404,0.2620417829173175,-0.07619734488075201,0.23075072467327118,0.4545002579689026,-0.8603392839431763,-0.005795203149318695,0.006304498761892319,-0.0026033734902739525,-0.06203802302479744,-0.02904713898897171,0.1849796026945114
1724162929.975193,-0.22730766701288624,0.13564503858356813,-0.06449004897409828,0.9621708190287294,-0.4722746509342807,0.26321980593489086,-0.07016655683295904,0.23170922696590424,0.45491310954093933,-0.85986328125,-0.001619597664102912,0.0005425296840257943,-0.001674697152338922,-0.0330980084836483,-0.028433658182621002,0.12643961608409882
1724162929.9872751,-0.2274799304551989,0.135206173676107,-0.06269904489436419,0.9623101822619948,-0.47211069352094287,0.2631807069114516,-0.06647358688784646,0.2316949963569641,0.454767107963562,-0.8599443435668945,0.003969818819314241,-0.011511718854308128,-0.0030128215439617634,0.018354779109358788,-0.03673475608229637,0.028433630242943764
1724162930.016756,-0.2273110573900069,0.1347434042463013,-0.06211287147769399,0.9624529848341743,-0.4715761985251587,0.26245103536233505,-0.06549429357724854,0.23113049566745758,0.4542910158634186,-0.8603478074073792,-0.0036175327841192484,-0.0017043075058609247,-0.0004703747690655291,-0.011326841078698635,-0.02682950347661972,0.026179920881986618
1724162930.058562,-0.227182751698527,0.13437931598915623,-0.06147455055949151,0.9625752320441697,-0.471118022999765,0.26196765980868475,-0.06433897724153856,0.23076848685741425,0.4538828134536743,-0.8606603741645813,0.0062689706683158875,-0.006442401558160782,-0.01270546019077301,-0.0006535028805956244,0.010393546894192696,0.011971511878073215
1724162930.113033,-0.22720679767869495,0.13434225681303202,-0.06072095319661505,0.9626225256145308,-0.4709617511407143,0.2622726316072154,-0.06272065883900767,0.2310493290424347,0.4537435472011566,-0.8606584668159485,-0.0001322572643402964,-0.0021352332551032305,-0.0034111212007701397,-0.002953129354864359,-0.01653025485575199,0.033946361392736435
1724162930.141968,-0.22707143305566577,0.13418115719785,-0.059958686681463445,0.9627247225050288,-0.4704699374467555,0.26229824993896134,-0.061192248300989745,0.2311292141675949,0.4533052146434784,-0.860867977142334,0.0001506083062849939,0.001411240198649466,-0.004244157578796148,-0.013655036687850952,-0.015891611576080322,0.04905874282121658
1724162930.1807652,-0.2271740629275621,0.1339041594466391,-0.059169679917570946,0.962787839564896,-0.4704494814356206,0.26209768589795274,-0.05960304300512147,0.230958953499794,0.4532869756221771,-0.8609232306480408,-0.0030666023958474398,0.0002948392939288169,0.0002139191492460668,-0.02529754489660263,-0.035293400287628174,0.04264364019036293
1724162930.281636,-0.22827349777018427,0.13323694614578768,-0.059542490758598736,0.9625973464413105,-0.47275119406159705,0.2605107758609352,-0.06046682619730094,0.2293231040239334,0.4553374648094177,-0.8602782487869263,-0.0034668827429413795,0.0018770955502986908,0.005669298581779003,-0.12386979162693024,-0.042899616062641144,-0.16516658663749695
1724162930.294386,-0.23479126871860026,0.1297370700209829,-0.05939886557128871,0.9615160608500717,-0.48580867472713224,0.25328934276823756,-0.060314528774921,0.2215958833694458,0.46692362427711487,-0.8560827374458313,0.014193766750395298,-0.03672980144619942,-0.02676456607878208,-0.37493976950645447,-0.25922691822052,-0.03343899920582771
1724162930.300874,-0.23747565022636224,0.12747821791195457,-0.06025676342208934,0.9611055280219143,-0.4913778575555527,0.2479976440758549,-0.0627396900778391,0.2164210081100464,0.4718411862850189,-0.854709267616272,0.04522324353456497,-0.046322956681251526,-0.050200071185827255,0.07507588714361191,0.0405576266348362,-0.06743933260440826
1724162930.329845,-0.2346702615240103,0.12972620140044375,-0.06038513893395153,0.9614856010311739,-0.4858172726173125,0.25273298813399075,-0.06250084216313193,0.22111855447292328,0.46693122386932373,-0.8562019467353821,0.011561237275600433,-0.0031122767832130194,-0.012758562341332436,0.15556791424751282,0.21300071477890015,0.05522407591342926
1724162930.393039,-0.23168506812198142,0.13421367717708768,-0.05926824644004467,0.9616631122555755,-0.4797024005955406,0.26304455993672765,-0.05842538412010532,0.23067355155944824,0.4615151882171631,-0.8566174507141113,-0.002089856890961528,-0.007307523861527443,-0.0020546065643429756,0.06215965747833252,0.22666069865226746,0.07937119901180267
1724162930.422081,-0.23044367893178824,0.13785331626571304,-0.05913946994853165,0.9614543890083819,-0.4773503341977158,0.2710605823363608,-0.05653099220978225,0.23782271146774292,0.4594273269176483,-0.8557843565940857,-0.015722041949629784,0.013968045823276043,0.009479518979787827,-0.006534078624099493,0.14764443039894104,0.09515069425106049
1724162930.452671,-0.2302951558930044,0.1399444855120315,-0.05889163866501243,0.9612030883600867,-0.4770988722830141,0.2757974472203095,-0.05491319792269283,0.24190522730350494,0.45920395851135254,-0.8547593951225281,-0.010808154009282589,0.012338641099631786,0.001921604503877461,-0.0007096059853211045,0.13416622579097748,0.009982687421143055
1724162930.529149,-0.23123394262845184,0.14053842451410326,-0.0582473969047319,0.9609302414012718,-0.47886413503088027,0.27752342918168044,-0.05292370524533682,0.24315768480300903,0.460771381855011,-0.8535596132278442,-0.0054607512429356575,0.01783711276948452,-0.00032967323204502463,-0.055249664932489395,0.03436659276485443,0.06114840880036354
1724162930.541379,-0.23111798740909836,0.140257764324601,-0.058305759367188424,0.9609956376769597,-0.478628723302746,0.27686254181131575,-0.053235510274017475,0.24262318015098572,0.46056243777275085,-0.8538244962692261,-0.0021153499837964773,0.0028818929567933083,0.005826665088534355,0.0647907555103302,-0.04635775089263916,-0.005924924276769161
1724162930.597619,-0.23041380494806502,0.14022418010903734,-0.057313179918291705,0.9612292939780095,-0.4769080013873141,0.2772419787746536,-0.05130807028332546,0.24316367506980896,0.45903438329696655,-0.8544933199882507,0.01168990321457386,0.0026705863419920206,-0.01442636176943779,0.031371962279081345,0.03603015094995499,0.07016829401254654
1724162930.617519,-0.23011066627633087,0.14255125688298106,-0.05631487531262169,0.9610186309212725,-0.47612294726526644,0.28287245797303007,-0.04798779752774109,0.24807152152061462,0.45833680033683777,-0.853456437587738,-0.005314168054610491,0.003211661707609892,0.013013293966650963,-0.023554231971502304,0.08202143758535385,0.06643449515104294
1724162930.6492372,-0.22941504705115007,0.1445821559282357,-0.05551297958612948,0.9609281476814023,-0.474569006090405,0.28770540046177334,-0.045377899886915825,0.2523950934410095,0.4569551348686218,-0.8529294729232788,-0.0060602338053286076,-0.021990614011883736,-0.007527232635766268,0.12218300253152847,0.1587790995836258,-0.06330869346857071
1724162930.704272,-0.2279071059998723,0.14536022180517943,-0.05724088007109147,0.9610682208271253,-0.4720461828956341,0.28839579543506033,-0.0491614740375452,0.2533109784126282,0.45470964908599854,-0.8538575172424316,-0.0006351934280246496,0.007499390281736851,-0.006067597307264805,0.07133838534355164,0.09567897766828537,-0.07216304540634155
1724162930.736751,-0.22699557720754915,0.1449432470832108,-0.06070260668407606,0.9611345282095451,-0.47118608219861524,0.2856334570903448,-0.05713776168112955,0.25106146931648254,0.4539434313774109,-0.8549289107322693,0.004333872348070145,0.01020849496126175,-0.005439856089651585,0.04413056746125221,0.032124441117048264,-0.19627636671066284
1724162930.76947,-0.2273722917223969,0.14410725011226128,-0.06511335252893997,0.960882482255126,-0.4731839754229204,0.28156692901236346,-0.06700790177291148,0.24733032286167145,0.45572271943092346,-0.8550698757171631,0.0023247282952070236,-0.0007797728758305311,0.00319375260733068,0.010885785333812237,0.005448109470307827,-0.2616032361984253
1724162930.863399,-0.22843682553151837,0.14271262962592854,-0.06963414147186202,0.9605210838289577,-0.4765452918416801,0.27622853797636054,-0.07724271693669267,0.2423429638147354,0.4587121307849884,-0.8548994660377502,-0.004271035548299551,0.00868923868983984,0.011501138098537922,-0.029829509556293488,-0.040727030485868454,-0.21099106967449188
1724162930.88606,-0.22878940485658464,0.14147909356347277,-0.07304121873405826,0.9603665547098583,-0.4781202092871228,0.27175446729042146,-0.08520061942448887,0.2383214682340622,0.46011099219322205,-0.8552781343460083,-0.004425277467817068,0.008755465969443321,0.0002825451665557921,0.08631264418363571,-0.02424594573676586,-0.1380232721567154
1724162930.896037,-0.22640147147269732,0.14128200932721854,-0.07622111395817348,0.9607143199966608,-0.47411541763318,0.2695802040521136,-0.09283962399223168,0.23695014417171478,0.45655161142349243,-0.8575635552406311,-0.008971519768238068,0.028457455337047577,0.010492343455553055,0.09492861479520798,-0.01847843825817108,-0.06704068928956985
1724162930.949117,-0.22402154350808784,0.14143538525512458,-0.07807871707794324,0.961100362535596,-0.46979169814082145,0.26889484490425086,-0.09740353479607071,0.23688456416130066,0.45270055532455444,-0.8596207499504089,0.01857926696538925,-0.01636500470340252,-0.018713854253292084,0.2135639488697052,0.14151817560195923,-0.15613596141338348
1724162930.979299,-0.22104947478104822,0.14221831388352327,-0.08082367736236255,0.9614460328523542,-0.46457568077823225,0.26916141116236314,-0.10369740717024277,0.23773840069770813,0.44804349541664124,-0.8618221879005432,0.003992278594523668,0.00814130436629057,-0.007487563882023096,0.19040389358997345,0.10982207953929901,-0.06997618824243546
1724162931.0110521,-0.21697150153771508,0.14471646808829566,-0.08118946579569933,0.9619712195612735,-0.45664525339070755,0.2743878771831745,-0.10425710705574293,0.2431945502758026,0.4409395754337311,-0.8639610409736633,0.005269807297736406,-0.016322899609804153,0.004421638790518045,0.3330990970134735,0.1391809731721878,0.08057022839784622
1724162931.064094,-0.20728863120232427,0.1487701410049637,-0.07913852540713039,0.9636575652456381,-0.43681691918847637,0.2840345098608209,-0.1004312698910716,0.2539179027080536,0.4230574071407318,-0.8697977662086487,-0.02893776446580887,0.10214844346046448,-0.03402257338166237,0.49355676770210266,0.26270708441734314,0.5075355172157288
1724162931.099246,-0.1953819705502865,0.1553518463148414,-0.06905635386348385,0.9658792921370385,-0.41030263541584755,0.30242711753735857,-0.07935730591708433,0.2731175124645233,0.39888685941696167,-0.8753833770751953,-0.01623527891933918,0.05640004202723503,-0.02069592848420143,0.4777931869029999,0.23109273612499237,0.8690211772918701
1724162931.131206,-0.1849472249863245,0.16284663019503007,-0.05377088851664158,0.9676694094314288,-0.3848804765856115,0.32423118341833884,-0.04730591915092402,0.2952738404273987,0.3754483759403229,-0.8785510063171387,-0.02620292827486992,0.045134562999010086,0.0035169855691492558,0.21277794241905212,0.16359193623065948,0.9701958894729614
1724162931.170933,-0.17911260310088384,0.16766070932887078,-0.041892800348533724,0.9685315943211934,-0.36933996368230054,0.33859412134994854,-0.022615569568012986,0.3097623288631439,0.3609999716281891,-0.8796171545982361,0.006967000663280487,0.004955941811203957,-0.0005765810492448509,0.12486341595649719,0.14269442856311798,0.4163466989994049
1724162931.218027,-0.17935744674386817,0.17038934324693855,-0.035326243845023995,0.9682718227632611,-0.3675948003433088,0.34692630650533046,-0.00781154717738112,0.3172943592071533,0.35937196016311646,-0.8775967359542847,-0.017960982397198677,-0.0944969430565834,0.024341518059372902,-0.01933901757001877,0.03845854848623276,0.01749459281563759
1724162931.2456632,-0.18032157695084003,0.16963835227478652,-0.03729744645764497,0.9681507000577314,-0.3702098540208419,0.34469861508263766,-0.011842776629651006,0.3150199055671692,0.3618110716342926,-0.8774139285087585,-0.002043371321633458,-0.06557752937078476,0.012052187696099281,-0.013933883048593998,-0.009606178849935532,-0.23108787834644318
1724162931.293392,-0.18286023838457,0.1669592679856181,-0.041707367483207754,0.9679602950320858,-0.3767816262257324,0.33757409380156705,-0.021168062146654044,0.3079666495323181,0.36792975664138794,-0.877373456954956,-0.00808409508317709,-0.03373235464096069,0.024224404245615005,-0.11447762697935104,-0.15357235074043274,-0.3148837089538574
1724162931.324261,-0.18610434586345,0.16332051220375865,-0.04525789634929749,0.9678032430892326,-0.38440525819398325,0.3287277277042991,-0.02892694490536086,0.2992788553237915,0.37500786781311035,-0.8773831725120544,0.009037948213517666,-0.013207350857555866,0.0006478559807874262,-0.12679563462734222,-0.15836183726787567,-0.19063040614128113
1724162931.396255,-0.1880165061905983,0.16123665773374626,-0.04786818996964598,0.9676575502841791,-0.3890476411467889,0.32339995719640635,-0.034601887527991246,0.29404371976852417,0.3793073892593384,-0.8773050904273987,0.015961455181241035,0.018005995079874992,-0.02782587893307209,-0.05728544294834137,-0.023009350523352623,-0.07619579136371613
1724162931.424552,-0.1862367555365677,0.16183867037494262,-0.049044632978558544,0.9678423033345824,-0.38587534082594593,0.32405592386683885,-0.03741344479857431,0.2950007915496826,0.37637025117874146,-0.8782482147216797,0.03420216217637062,-0.03026864118874073,-0.051993973553180695,0.26712632179260254,0.20939865708351135,-0.0435805507004261
1724162931.473737,-0.1828595953868638,0.1648135673009283,-0.049086631011564796,0.9679821029849304,-0.3792134535873654,0.33011321862857573,-0.0374211322541058,0.30112123489379883,0.370189905166626,-0.878797709941864,-0.0025998936034739017,0.01396268606185913,0.005898740142583847,0.04588639736175537,0.05580577254295349,0.17073538899421692
1724162931.5072188,-0.18033723583650355,0.16612005313647574,-0.04921968139837642,0.968225133888873,-0.37424172244046,0.33263192307287726,-0.038037502406216964,0.30393093824386597,0.36556684970855713,-0.8797652125358582,0.0030038487166166306,-0.014852246269583702,0.014492461457848549,0.06011281535029411,-0.002596186939626932,0.009359202347695827
1724162931.535548,-0.1802242957243084,0.1659642970207362,-0.051057481163386514,0.9681777349227556,-0.3746273379284508,0.33158325259863086,-0.04196588212348319,0.3029622733592987,0.36592572927474976,-0.8799501061439514,0.013551597483456135,-0.011084336787462234,0.008929151110351086,-0.0828099325299263,-0.024652564898133278,-0.10101703554391861
1724162931.565603,-0.18303295653499804,0.16526157827850285,-0.054079062394662994,0.9676068214664707,-0.3812513433264597,0.3291383963212793,-0.04759167653795596,0.3000199496746063,0.37208226323127747,-0.8783751130104065,0.0253507811576128,-0.04995618760585785,0.004287036135792732,-0.12567578256130219,-0.002798833418637514,-0.30873918533325195
1724162931.62178,-0.18642852127652454,0.16409046673686614,-0.0601998814004661,0.9667960312648473,-0.39004838050160345,0.3244436913430923,-0.05973958651769802,0.2948380708694458,0.38023316860198975,-0.8766374588012695,0.0008664727793075144,-0.01193905621767044,0.0021278243511915207,-0.17772448062896729,-0.04216057062149048,-0.34974002838134766
1724162931.650735,-0.19380826831515885,0.1620541377878753,-0.060719487902529574,0.9656551750086106,-0.4049617484964404,0.32036374892499364,-0.05927992824411455,0.28944095969200134,0.3939836025238037,-0.8723536133766174,-0.016040660440921783,0.05557852238416672,0.0010586874559521675,-0.6369929909706116,-0.23472078144550323,0.2062917798757553
1724162931.706743,-0.20102923199600645,0.15973552118027867,-0.05721679750667004,0.9647787186517546,-0.4182660164596471,0.31742460854295573,-0.050558142839813254,0.285214364528656,0.4061765670776367,-0.868143618106842,-0.00802030973136425,0.028874346986413002,0.00572125893086195,-0.23827937245368958,-0.09658549726009369,-0.06394068896770477
1724162931.7749739,-0.207280700857778,0.15553993556597295,-0.053191316724733505,0.9643716621602247,-0.42941393294998886,0.31067362768400836,-0.04192949569871901,0.27794554829597473,0.4163380265235901,-0.8656840920448303,-0.005115607287734747,0.014086509123444557,-0.003586877603083849,-0.24689847230911255,-0.2424662858247757,0.12947572767734528
1724162931.788152,-0.2096741137493956,0.15136284567155922,-0.04998358983828613,0.9646904303818307,-0.43308452104172773,0.3032763274984694,-0.036324532366996426,0.2710760533809662,0.41967254877090454,-0.8662521243095398,-0.006335399113595486,-0.00880770105868578,0.0015652591828256845,0.002410967368632555,-0.25999021530151367,0.027334891259670258
1724162931.808975,-0.20937237085498883,0.1475812278981794,-0.04960351913209767,0.9653612770978598,-0.4322127070084223,0.295188145671401,-0.03742088297320614,0.2641671895980835,0.41888105869293213,-0.8687660098075867,0.00815710797905922,0.013322225771844387,-0.021795645356178284,0.05830543115735054,-0.35913676023483276,0.3500329852104187
1724162931.89463,-0.20879027620642268,0.14811297260073428,-0.04992152204001644,0.9653894907764928,-0.43115009878972804,0.29614391579301913,-0.03802663505109716,0.26512715220451355,0.417915940284729,-0.8689383268356323,-0.047797687351703644,0.04792606085538864,0.03783370926976204,-0.18249472975730896,-0.18240174651145935,0.11398335546255112
1724162931.906394,-0.20937232101813122,0.14786569284005197,-0.049801606022606276,0.9653075684674157,-0.4322834263395806,0.29571655754118387,-0.037706439926718696,0.26461759209632874,0.4189452826976776,-0.8685979247093201,-0.0020786479581147432,0.0014339062618091702,-0.00948389247059822,0.004393940791487694,0.0699523314833641,-0.060173410922288895
1724162931.936029,-0.20903612378036845,0.14846664737244,-0.051874420493943876,0.9651790244071808,-0.43225318073467733,0.2960449718386558,-0.04193454437654658,0.26490652561187744,0.41891780495643616,-0.868523120880127,0.0012376265367493033,-0.001854429254308343,-0.010909033007919788,0.10958535969257355,0.12524674832820892,-0.15310226380825043
1724162931.9699101,-0.2065916992478236,0.15015469223286818,-0.05583754209119769,0.9652230069949295,-0.4285833082318518,0.2977018810027329,-0.05032046192476191,0.2667943835258484,0.41558265686035156,-0.8695468902587891,-0.0007490580901503563,0.006810326594859362,-0.006750166416168213,0.14213234186172485,0.14935822784900665,-0.17448949813842773
1724162932.003263,-0.20634135257729205,0.150937435346825,-0.05881855257526137,0.9649774303058302,-0.42902607380198665,0.2980339218863213,-0.056363132575432934,0.2670290470123291,0.4159853458404541,-0.8692823052406311,-0.001689534867182374,-0.006719617173075676,0.0028738449327647686,0.04836956784129143,0.07145501673221588,-0.18080095946788788
1724162932.073452,-0.20488099348623262,0.15064345608377464,-0.06341171405442143,0.9650436191098702,-0.4274409051946408,0.295217576121987,-0.06670903376928052,0.26477131247520447,0.4145433008670807,-0.870660662651062,0.008736731484532356,-0.016029831022024155,0.009136171080172062,0.18554742634296417,0.04471444711089134,-0.2549319565296173
1724162932.1030931,-0.20167615794453747,0.15110937680555075,-0.06854431438209639,0.9652949836695758,-0.42253009192551666,0.29375368746353453,-0.07834370837149447,0.26408272981643677,0.4100693464279175,-0.8729853630065918,-8.4263039752841e-05,0.009498536586761475,-0.005383303388953209,0.22702699899673462,0.1108747124671936,-0.19730597734451294
1724162932.132005,-0.1978765590498894,0.15219945343648486,-0.07283374777139863,0.9655958660117108,-0.4162222042273491,0.2940686332211847,-0.08804341410923498,0.2651021480560303,0.4043080806732178,-0.875360369682312,-0.0006351934280246496,0.007499390281736851,-0.006067597307264805,0.20346343517303467,0.09975248575210571,-0.15420344471931458
1724162932.176806,-0.1946552398293097,0.15352603938120185,-0.07635372394031968,0.9657686398802143,-0.41089328824535426,0.2953146995358348,-0.0958208414979467,0.2668159604072571,0.39942842721939087,-0.8770781755447388,0.001572078326717019,0.009678184054791927,-0.008635333739221096,0.16613543033599854,0.10777060687541962,-0.10297791659832001
1724162932.2121701,-0.19231185176782095,0.15499212538931328,-0.07856886080081789,0.9658262987199154,-0.40697671995213086,0.29748061542769483,-0.1005197523564216,0.26917150616645813,0.3958348035812378,-0.8779872059822083,-0.002346671186387539,0.0051513961516320705,-0.0006173927104100585,0.1056695431470871,0.0885545015335083,-0.042754169553518295
1724162932.263391,-0.19104470822940794,0.15628311203887305,-0.07928530995452722,0.9658111644343991,-0.404770846161919,0.29993835950018705,-0.10182501849161442,0.2715858817100525,0.39380812644958496,-0.8781550526618958,-0.0022879429161548615,0.003672112710773945,0.0022633513435721397,0.03165162727236748,0.06073841080069542,0.031206466257572174
1724162932.303391,-0.19105268756284619,0.15698161863755256,-0.0777865545835117,0.9658181856595565,-0.4043991413241699,0.3020791723743566,-0.09835057135597784,0.2735087275505066,0.39346644282341003,-0.877711296081543,0.00045545841567218304,0.0027562533505260944,0.002730276668444276,-0.02667778916656971,-0.0029296872671693563,0.1387431025505066
1724162932.368487,-0.19357756447296304,0.1584158812735517,-0.07043140718598749,0.9656455967676538,-0.40734127767947487,0.3083780538370427,-0.08143814526446817,0.2786793112754822,0.3961695432662964,-0.8748642802238464,-0.012516082264482975,0.004172853659838438,0.002066897926852107,-0.30744898319244385,-0.09167305380105972,0.4623909890651703
1724162932.4145598,-0.1947378897088369,0.15896438160733958,-0.06322805966092392,0.9658206617352669,-0.4074460761466366,0.3126900723682112,-0.065637804163433,0.2824363708496094,0.39626577496528625,-0.8736149668693542,0.012115242891013622,-0.028785405680537224,-0.0050969673320651054,0.049491994082927704,0.013893181458115578,0.12861427664756775
1724162932.426697,-0.19531339979091178,0.15901531581703696,-0.06103041561774076,0.9658374639190961,-0.4079098505335065,0.3137733061228431,-0.06079801347881852,0.28332579135894775,0.39669153094291687,-0.8731335997581482,-0.015112425200641155,0.012317745946347713,0.00266072666272521,-0.13375698029994965,-0.06466203182935715,0.07082408666610718
1724162932.487166,-0.1966146139088227,0.15789629617447612,-0.061519587916776725,0.9657259800156212,-0.4106213582117778,0.3112345978353067,-0.061915834770823366,0.28077781200408936,0.3991791009902954,-0.8728229403495789,-0.0015353345079347491,-0.008956007659435272,0.0037086065858602524,-0.05651456490159035,-0.040701791644096375,-0.10317347198724747
1724162932.492604,-0.1987947674475668,0.15562170160602865,-0.06317624679164244,0.9655418859571122,-0.4153962782507041,0.3057393193879208,-0.06576096762943666,0.275400310754776,0.4035525321960449,-0.8725250363349915,0.015104766003787518,-0.026876969262957573,-0.0005363515228964388,-0.02039150707423687,-0.06435015052556992,-0.14121340215206146
1724162932.520798,-0.20018525045659447,0.15571474793194953,-0.06411949252976593,0.9651773883592513,-0.4185075454347356,0.30561546064728745,-0.06728290149172478,0.27491316199302673,0.4063972532749176,-0.8713575601577759,-0.006489166058599949,0.013113008812069893,-0.021935544908046722,-0.13875603675842285,0.07255978882312775,-0.047308821231126785
1724162932.594551,-0.2013835030675018,0.15562054038970016,-0.06532847333836318,0.9648621319807599,-0.4213004526707717,0.304951380489788,-0.06951691012131749,0.2739925682544708,0.40894752740859985,-0.8704538941383362,0.009398326277732849,0.00782016571611166,-0.027625760063529015,-0.02995133586227894,0.10468830913305283,-0.047594983130693436
1724162932.608097,-0.20180012994420682,0.15597058877844933,-0.06600570431870181,0.964672458300683,-0.42237945640762037,0.3054355473504098,-0.07066164321493414,0.2742811441421509,0.4099319577217102,-0.8698997497558594,0.008075961843132973,-0.0026813512668013573,-0.009817817248404026,0.0026528635062277317,0.05741674080491066,-0.05002247169613838
1724162932.664616,-0.20161631502719293,0.15639393995362652,-0.0670510802272219,0.9645702682882044,-0.4223652251244639,0.3058790830099211,-0.07273841876121488,0.27466869354248047,0.40991896390914917,-0.8697835803031921,0.0012560609029605985,0.0017619036370888352,0.002203349256888032,0.00041945616248995066,0.03489222750067711,-0.0688265711069107
1724162932.692296,-0.2016374532638215,0.15685961604849252,-0.06875300824586972,0.9643704302686696,-0.42297549556532543,0.30613424111404736,-0.07612498780686244,0.274815171957016,0.41047555208206177,-0.8694748282432556,-0.0031104881782084703,0.009038085117936134,0.0053666383028030396,-0.00905611552298069,0.020594686269760132,-0.07796160876750946
1724162932.73301,-0.20216142066436854,0.15684872366071725,-0.0703347983234127,0.9641483861851351,-0.4245283688502813,0.30543244871955333,-0.07932616899465135,0.2740129232406616,0.41189107298851013,-0.8690584897994995,-0.004421685356646776,0.005107835400849581,0.005361464340239763,-0.012758903205394745,-0.017490213736891747,-0.06963469088077545
1724162932.762296,-0.20149953127465614,0.15642946059685828,-0.07211444711502493,0.9642236014268205,-0.4237074292247784,0.3036953536087769,-0.08350024864695695,0.2726038992404938,0.41114285588264465,-0.869855523109436,-0.00553072988986969,0.008404802531003952,-0.006164961960166693,0.1307811737060547,0.017627937719225883,-0.08432213962078094
1724162932.819258,-0.19766575420155366,0.15731060400975383,-0.07383144514960585,0.9647437180264136,-0.41656602204230747,0.3046878432854657,-0.0878861188853609,0.2743409276008606,0.40462252497673035,-0.872363269329071,0.012813706882297993,0.0022972566075623035,-0.01563413254916668,0.2434009164571762,0.18393631279468536,-0.12569275498390198
1724162932.848696,-0.19622408984901044,0.15816102096951157,-0.07542644077689896,0.9647755780605479,-0.41422813619945636,0.3057814491735696,-0.09130738215206707,0.2755787968635559,0.4024834632873535,-0.8729624152183533,-0.003077811561524868,-0.008446590974926949,0.00764320557937026,0.0990205630660057,0.013623102568089962,-0.05262603238224983
1724162932.8817968,-0.19197022684361728,0.15971317156913362,-0.07860984833134967,0.9651214882506405,-0.40678555410313055,0.30764406722200327,-0.09860922862432417,0.2781037390232086,0.3956592381000519,-0.8752782940864563,-0.004428827669471502,0.01457325927913189,0.005587456747889519,0.22606439888477325,0.0950530394911766,-0.10013656318187714
1724162932.9226398,-0.18941740482943636,0.16108999269472069,-0.07969352433765592,0.9653081838883184,-0.4021177022790712,0.3100991519345747,-0.10104959462782923,0.2808122932910919,0.39136800169944763,-0.8763421177864075,-0.00472246902063489,0.02196967415511608,-0.008816264569759369,0.10288622230291367,0.11409743130207062,0.060465019196271896
1724162933.020792,-0.18720097620482087,0.16248952888198265,-0.07950232569966684,0.9655217331793974,-0.3977335583161625,0.31314783786772177,-0.10070370282858948,0.2840085029602051,0.3873298168182373,-0.8771058917045593,-0.009324364364147186,0.01547867152839899,0.005490092094987631,0.06185431033372879,0.03164103999733925,0.10304656624794006
1724162933.0262852,-0.1862647733315571,0.16269915738758173,-0.07881694200836344,0.9657236866068877,-0.3956494061603666,0.31386173749516094,-0.09945499768398024,0.2848832309246063,0.3854075074195862,-0.8776688575744629,-0.006930215749889612,-0.002063601743429899,0.006033684592694044,0.032178591936826706,-0.026819240301847458,0.05244448035955429
1724162933.063003,-0.18626075835225137,0.16051994863443428,-0.07846039849662063,0.9661180822350409,-0.39530392372200684,0.309319537682918,-0.09964353673277267,0.28093427419662476,0.3850886821746826,-0.8790805339813232,0.0055159288458526134,-0.01349860243499279,0.008515329100191593,-0.03907260298728943,-0.17036698758602142,-0.031071539968252182
1724162933.091912,-0.18674208131215048,0.1567575073864236,-0.07958629774658114,0.9665507355908399,-0.3962296837169681,0.3007715055436307,-0.1034904379500378,0.27330395579338074,0.38594290614128113,-0.8811089396476746,0.025494247674942017,-0.03907952457666397,0.000268871255684644,0.06201952323317528,-0.14855952560901642,-0.19010820984840393
1724162933.128097,-0.18654628247892752,0.15371771778313376,-0.0823422548256218,0.9668458809756004,-0.3963327134325499,0.2930958692173552,-0.11065984820719611,0.2665213942527771,0.3860379457473755,-0.8831427097320557,0.005920276511460543,0.0031259949319064617,-0.004143344238400459,-0.004262950271368027,-0.1309046894311905,-0.1214260384440422
1724162933.174355,-0.18698208142094047,0.15176714078043188,-0.08292284547398437,0.9670202012785146,-0.39715985272828846,0.28866374437657255,-0.11260475423749483,0.2625136077404022,0.3868008255958557,-0.8840088844299316,0.0005105947493575513,0.004924600012600422,0.0005321016651578248,-0.02685614675283432,-0.10311821103096008,-0.019961440935730934
1724162933.203155,-0.18788097180914107,0.15041877398064418,-0.08264572966706045,0.9670804158806225,-0.398737242395946,0.28587957020616156,-0.11236069470003378,0.2598789930343628,0.38825497031211853,-0.8841498494148254,-0.0005652563995681703,0.014761537313461304,-0.010616139508783817,-0.08138591796159744,-0.0660652369260788,0.02997182309627533
1724162933.289113,-0.18983647278685464,0.14916432568963175,-0.08130392997733887,0.9670065545046203,-0.4021541260124428,0.2837434675435579,-0.10955068535628212,0.2576168477535248,0.3914015293121338,-0.8834242224693298,-0.0024498016573488712,-0.008650721050798893,0.0035529648885130882,-0.08323743939399719,-0.09161817282438278,0.0029837898910045624
1724162933.301753,-0.19160446370069237,0.14708326944154615,-0.08058390800666292,0.9670368963892093,-0.40528671120794957,0.27957149259151204,-0.10847457909590084,0.2535894215106964,0.3942822515964508,-0.883308470249176,-0.0072314320132136345,-0.004886081907898188,0.014522000215947628,-0.0926404744386673,-0.14818033576011658,0.008559733629226685
1724162933.319495,-0.19396438264406565,0.14412724771124782,-0.07967608252674113,0.9670867725145651,-0.4094749802828095,0.27359611893306474,-0.1072512375904536,0.247858464717865,0.3981277644634247,-0.883210301399231,-0.006757580675184727,-0.0006836585234850645,0.01998082920908928,-0.1318497657775879,-0.1845833957195282,-0.004037356004118919
1724162933.3793101,-0.19737921613173168,0.14020127222119846,-0.0780760090635317,0.967103429886083,-0.41551913551864916,0.2658319583867626,-0.1047589997476971,0.24035710096359253,0.4036649465560913,-0.8827701210975647,-0.0018033577362075448,-0.00523851765319705,0.01257510669529438,-0.17826531827449799,-0.24923580884933472,0.04382381588220596
1724162933.432369,-0.19998831213575055,0.13653934679094037,-0.07581931815766206,0.9672709052746078,-0.41981375944575705,0.25893291913213273,-0.10098917951587251,0.23381511867046356,0.407590389251709,-0.8827233910560608,0.007451544050127268,-0.006124851759523153,-0.0006486563361249864,-0.09058468043804169,-0.1867814064025879,0.05556824058294296
1724162933.445323,-0.2029923367775202,0.13391142857494068,-0.0723894758252468,0.967275295384456,-0.4247428574350133,0.2548155214539633,-0.09416931354509589,0.22966940701007843,0.41208651661872864,-0.8817237019538879,-0.010579908266663551,0.037741415202617645,0.0013883599312976003,-0.2672736644744873,-0.22561407089233398,0.2332255095243454
1724162933.487102,-0.20663068232328155,0.13082322927471426,-0.06846091174165903,0.9672135298305884,-0.43082938150682276,0.24997687354323359,-0.08635730350911537,0.2247757464647293,0.4176245331764221,-0.8803780674934387,-0.005655328743159771,0.020828792825341225,-0.011700457893311977,-0.1612604707479477,-0.2127312570810318,0.0767887681722641
1724162933.518116,-0.20989387213939578,0.12722626990801716,-0.06626097647474156,0.9671439698898643,-0.4365940474873641,0.2432632692582437,-0.08259222957342073,0.21827669441699982,0.4228554666042328,-0.879516065120697,-0.00233191205188632,0.008075033314526081,-0.013351590372622013,-0.13365715742111206,-0.20585860311985016,0.026124874129891396
1724162933.5736089,-0.212966480037866,0.12381100125146564,-0.06416554338048913,0.9670568297993998,-0.44204653575773134,0.23690327317692056,-0.07904012114706863,0.21213431656360626,0.42779019474983215,-0.8786322474479675,0.0004410906694829464,0.01734677329659462,-0.017585400491952896,-0.15074129402637482,-0.1711016595363617,0.07212942093610764
1724162933.6019,-0.21525075248746334,0.12190634866259036,-0.06184176988622616,0.9669443533424571,-0.4459872891319468,0.23393200772180256,-0.07445953277883309,0.20913033187389374,0.4313488006591797,-0.8776119351387024,-0.006324190180748701,-6.627113907597959e-05,-0.005864026956260204,-0.09087664633989334,-0.10080056637525558,0.06662086397409439
1724162933.663032,-0.21635918759389713,0.12022371479951242,-0.06048886232705163,0.9669932496511189,-0.4477962722592845,0.23095340050572288,-0.07212973971657746,0.2063363939523697,0.43298014998435974,-0.8774698972702026,-0.004818457178771496,-0.001297864131629467,-0.004871899262070656,-0.025908280164003372,-0.08603272587060928,0.0324915386736393
1724162933.692037,-0.21605931044828794,0.11912420426899469,-0.059809478362607096,0.9672386272582683,-0.4469435495248948,0.22887768569594621,-0.0712804156369204,0.20459826290607452,0.43221133947372437,-0.8782556056976318,0.006548244506120682,0.0007517016492784023,-0.01861741580069065,0.05660192295908928,0.0015136675210669637,-0.010970273055136204
1724162933.72944,-0.21572675796815488,0.11883921379291634,-0.05872661658805721,0.9674142514275321,-0.4459911929559758,0.2287685671856558,-0.06916783223518196,0.204595685005188,0.4313523471355438,-0.8786784410476685,-0.004873593803495169,-0.0034662107937037945,-0.0026737239677459,0.04432651028037071,-0.07308932393789291,0.04962408170104027
1724162933.758463,-0.21438756157798564,0.11890551473743792,-0.05857681135896139,0.9677128269154399,-0.44323200624844644,0.22894097130226587,-0.06911566107215439,0.20501649379730225,0.4288614094257355,-0.8797988891601562,-0.017763862386345863,0.02046445570886135,0.0158365610986948,0.018110867589712143,-0.10659997165203094,0.07664932310581207
1724162933.811634,-0.21371585237628646,0.11892918167058547,-0.05747538571779342,0.9679245228193043,-0.44160675627893786,0.22949493891536668,-0.06689185273406673,0.20566213130950928,0.4273926317691803,-0.8803627490997314,-0.01783790811896324,-0.0071747079491615295,0.017204567790031433,0.06730209290981293,-0.07786226272583008,0.06458152085542679
1724162933.873773,-0.21149321595267484,0.11887898676007744,-0.056515204979385544,0.96847528732334,-0.43685160904012316,0.22976176237541024,-0.06536353060559881,0.20635755360126495,0.42308884859085083,-0.8822768330574036,-0.006158739794045687,0.008608932606875896,-0.0020747212693095207,0.10925937443971634,-0.00014354463201016188,0.06854385882616043
1724162933.887107,-0.20961568098435138,0.11935677410964259,-0.054701150454174945,0.9689287571017978,-0.4326336242572755,0.23157416297108108,-0.061683682124618375,0.20836398005485535,0.41926324367523193,-0.8836304545402527,-0.01287961844354868,0.0064772870391607285,0.002595549914985895,0.10281698405742645,-0.030109399929642677,0.13340193033218384
1724162933.9628072,-0.20671891975457174,0.11986489041813911,-0.05335196695583574,0.9695634259340112,-0.4264531956438502,0.23317782357743372,-0.05923637897382287,0.21037550270557404,0.4136442542076111,-0.8857994079589844,-0.0012887795455753803,0.013552610762417316,-0.014863746240735054,0.15227368474006653,0.046607743948698044,0.10359194129705429
1724162933.974112,-0.20366531945546335,0.12179223026102239,-0.051348970642227376,0.9700774853995308,-0.4198791389932953,0.23811134454382765,-0.05480035234581222,0.21537978947162628,0.40765008330345154,-0.8873741626739502,-0.00022772920783609152,-0.0013781266752630472,-0.001365138334222138,0.18734107911586761,0.11933740228414536,0.11374016106128693
1724162933.9931731,-0.19975973455519033,0.12373079863784076,-0.05036580581988919,0.970695559093844,-0.41181732692527245,0.2425378182670419,-0.05278218113272165,0.22008775174617767,0.4002753794193268,-0.8895734548568726,0.00628329673781991,-0.023203084245324135,-0.0027736134361475706,0.24428889155387878,0.14995862543582916,0.023029102012515068
1724162934.0642471,-0.1950905015351642,0.1261865981092293,-0.05102695564001963,0.9712943898849659,-0.4026507298366329,0.2473096859830239,-0.05425203849747592,0.22521892189979553,0.39185845851898193,-0.8920332789421082,0.005420374218374491,-0.017081821337342262,-0.010206349194049835,0.264305979013443,0.2190282940864563,-0.008121448568999767
1724162934.0932631,-0.19150872050853868,0.12852264573387212,-0.05185462851281734,0.9716569890210073,-0.39573941556840986,0.2518080633847344,-0.055889883825188544,0.2298986166715622,0.3854905664920807,-0.8936126828193665,-0.007293710485100746,0.002410994842648506,0.01694616675376892,0.11961089074611664,0.09985177218914032,0.007785827852785587
1724162934.124269,-0.18924317897959694,0.12956864241202032,-0.05384601667812011,0.9718536788014999,-0.3917288443103375,0.2531283119480609,-0.0602158930331689,0.23146353662014008,0.38178688287734985,-0.8947979807853699,0.007359147537499666,-0.03304002434015274,0.00837462767958641,0.1564023494720459,0.0732266828417778,-0.1503126621246338
1724162934.175494,-0.1870323774879866,0.13004115653904785,-0.05830815692848043,0.9719610009820664,-0.38843587147430897,0.25223747454356416,-0.06996794996986819,0.2309788316488266,0.3787412643432617,-0.8962163925170898,-0.001483748434111476,-0.0009698672220110893,0.006815343163907528,0.08801788836717606,0.029106276109814644,-0.1781957447528839
1724162934.204572,-0.18670417463875422,0.1297324794880647,-0.0621251590957853,0.9718288640620875,-0.3887244233762628,0.2500128588700368,-0.0782160804592193,0.22895747423171997,0.37900832295417786,-0.8966220617294312,0.00849060993641615,-0.018854128196835518,0.0050424812361598015,0.015321962535381317,-0.00773975346237421,-0.21549752354621887
1724162934.235945,-0.18703972359683962,0.1289514196238163,-0.06737289108812759,0.9715186047846847,-0.39066219569173266,0.24619651906820442,-0.08952561372556417,0.22535458207130432,0.3808008134365082,-0.8967753648757935,0.010246015153825283,-0.023079218342900276,0.00482338760048151,-0.000660901190713048,0.000633206102065742,-0.31349799036979675
1724162934.285736,-0.18928166110635605,0.1266342974806041,-0.07268232712905012,0.9710064106143962,-0.39628678015840474,0.23902891100329463,-0.10121429199422459,0.21841056644916534,0.3859955668449402,-0.8962724208831787,-0.013966594822704792,0.011913119815289974,0.019644256681203842,-0.17598703503608704,-0.1957801878452301,-0.22009792923927307
1724162934.342061,-0.19312165347692736,0.12247016823426338,-0.0755814844817135,0.970562972587922,-0.4043120888223063,0.22881685653979267,-0.10833971674757473,0.20853717625141144,0.3933863937854767,-0.8954101800918579,0.018076414242386818,-0.0023900559172034264,-0.000602670363150537,-0.21487243473529816,-0.19885694980621338,-0.1937389373779297
1724162934.382834,-0.19723451059490651,0.11877571740317924,-0.07599653198306311,0.9701625032286162,-0.41233764329233374,0.22061091367639665,-0.11002990536618461,0.2004852145910263,0.40075212717056274,-0.8939817547798157,0.008799443021416664,-0.003642587922513485,-0.015954039990901947,-0.14595955610275269,-0.17254328727722168,-0.04457630589604378
1724162934.4021301,-0.19923355189857622,0.11649331597565933,-0.07527851473826389,0.9700867746057193,-0.4159800049106304,0.21597130035806097,-0.10914009050248298,0.19602122902870178,0.40408656001091003,-0.8934705853462219,0.009336047805845737,0.015117242932319641,-0.025201592594385147,-0.081635981798172,-0.08058589696884155,0.06423292309045792
1724162934.4715629,-0.20140626930981662,0.11553355431686267,-0.07188009935820663,0.9700106790858093,-0.41954131596224953,0.21537916889538067,-0.10190960146091031,0.19518335163593292,0.4073415994644165,-0.892175018787384,-0.0023972659837454557,0.04304438829421997,-0.017904724925756454,-0.22983992099761963,-0.09551936388015747,0.3052258789539337
1724162934.476742,-0.20534841043140617,0.11483083603595003,-0.06326208481162839,0.9698679370285769,-0.4255815807486341,0.21774672297602085,-0.08304577094861014,0.19675995409488678,0.412850558757782,-0.8892918229103088,0.0018288925057277083,-0.0027807357255369425,-0.010072547011077404,-0.16025257110595703,-0.13186728954315186,0.32751691341400146
1724162934.5328832,-0.2061523438846887,0.11515584499674299,-0.058059234881054765,0.9699842308989511,-0.4260759400653125,0.22083494716043764,-0.07161201413738355,0.19946061074733734,0.4133007824420929,-0.8884806632995605,-0.011627149768173695,0.011886821128427982,-0.0002800197689794004,0.007206297479569912,0.036624278873205185,0.2133180946111679
1724162934.586732,-0.20365499956186742,0.11464856074672782,-0.05737816259272085,0.9706122168606501,-0.4208064804113826,0.21999625384005622,-0.07092847035733349,0.19918787479400635,0.4084967076778412,-0.8907607197761536,-0.017793981358408928,-0.013747790828347206,0.02243567816913128,0.2586592733860016,-0.04536217451095581,-0.12589602172374725
1724162934.621791,-0.19946466590770995,0.11293196609399758,-0.06144402768550447,0.9714344119988643,-0.4130576236077395,0.21443650140999596,-0.08124010995179624,0.19490016996860504,0.40141168236732483,-0.8949204683303833,-0.002519222442060709,0.008111778646707535,0.006203124299645424,0.20733234286308289,0.005380422808229923,-0.22724087536334991
1724162934.6508,-0.19918356787003838,0.11224248699243514,-0.06419527142289728,0.9713940475731794,-0.4130255980501005,0.21174119464155905,-0.08746069786854797,0.19249007105827332,0.40138232707977295,-0.8954550623893738,-0.03255663812160492,0.03922101482748985,0.02312135510146618,-0.13192135095596313,-0.09860982745885849,-0.04331275448203087
1724162934.681839,-0.2038486114217024,0.11053229053544512,-0.06419055631943031,0.9706224292469778,-0.4223557482221967,0.20804798527289023,-0.0873202519970088,0.18839992582798004,0.40991032123565674,-0.8924567103385925,-0.004840400069952011,0.0030737589113414288,-0.0022955392487347126,-0.271758496761322,-0.08696241676807404,0.0045831031166017056
1724162934.7370281,-0.2080210866135804,0.1089031672633898,-0.06450183950290399,0.9699003459012382,-0.4307675508024981,0.20437569628541366,-0.08795002015872729,0.18441495299339294,0.4175683557987213,-0.88973468542099,0.006397594697773457,-0.0028297007083892822,-0.024757087230682373,-0.14484015107154846,-0.03464730083942413,-0.013514671474695206
1724162934.7731318,-0.20959844686871498,0.10961102563859602,-0.06314739655053503,0.969570107688029,-0.43375836937772977,0.20653631033939013,-0.08441107349445735,0.1860799491405487,0.42028409242630005,-0.8881078362464905,0.008795851841568947,5.042442353442311e-06,-0.02103295922279358,-0.010120275430381298,0.06723231822252274,0.15457117557525635
1724162934.803031,-0.20757804519373774,0.11262535912276558,-0.059144202306553414,0.9699117081720467,-0.4290279295140161,0.2148957374522068,-0.07481621145864362,0.19391922652721405,0.4159870445728302,-0.8884537816047668,-0.002867999952286482,0.01333985012024641,-0.006002421025186777,0.09662115573883057,0.13627082109451294,0.2878243923187256
1724162934.850641,-0.20532196779075157,0.11562877657966238,-0.05409112060165667,0.9703333767670521,-0.42351835849248043,0.22363876508399322,-0.06310408998145643,0.20218472182750702,0.4109705090522766,-0.8889457583427429,-0.020991848781704903,0.030290944501757622,0.005057879723608494,0.012142236344516277,0.03915104269981384,0.3608396649360657
1724162934.880609,-0.20349843870927165,0.11605185087740214,-0.05052909886959252,0.9708590090126524,-0.4190190648386335,0.2260891082196357,-0.0557279774926276,0.20477478206157684,0.40686458349227905,-0.8902407288551331,-0.004297128412872553,-0.00948631763458252,0.0005131293437443674,0.0668255016207695,-0.03703110292553902,0.13521604239940643
1724162934.909497,-0.20315258956071733,0.11529678029048536,-0.046950082611978715,0.9712009281400161,-0.4174495632277571,0.22604302164363635,-0.048535617382152556,0.2048766165971756,0.4054303467273712,-0.8908713459968567,-0.0012345928698778152,-0.02798801101744175,0.007502504158765078,0.05657801777124405,-0.08168549835681915,0.15685546398162842
1724162934.9542809,-0.20107763050542501,0.11455760332440909,-0.04447263160686074,0.9718366412064878,-0.4126284716084676,0.22544418062562013,-0.04408331807243025,0.20477764308452606,0.40101858973503113,-0.8928886651992798,-0.006533526815474033,1.7719867173582315e-06,-0.004500613547861576,0.07837202399969101,-0.04089685156941414,0.14557549357414246
1724162934.9942598,-0.19986013830062915,0.1146667716357016,-0.04194288300161903,0.9721873001992017,-0.4095775846477389,0.22671892165356414,-0.03894854364782925,0.20618973672389984,0.398221880197525,-0.8938149213790894,-0.007664514239877462,0.007670362014323473,-0.013450680300593376,-0.01359645090997219,-0.02186407521367073,0.1472923457622528
1724162935.075962,-0.20031695906910138,0.11533625387040093,-0.03925596327014626,0.9721263231046313,-0.4099048359437028,0.2293549993474449,-0.03284198045576597,0.20851553976535797,0.3985220491886139,-0.8931413292884827,-0.0015941044548526406,-0.009646886959671974,-0.009555968455970287,-0.06799378246068954,0.023987485095858574,0.11566770076751709
1724162935.088206,-0.20151596778083972,0.11627879880114748,-0.037480800197944766,0.9718362087752255,-0.4119505658610539,0.23223846425062944,-0.028362582143146953,0.21090193092823029,0.40039747953414917,-0.8917410969734192,0.005365237593650818,-0.019250167533755302,-0.008008173666894436,-0.07613898068666458,0.05009468272328377,0.04316665232181549
1724162935.133585,-0.2033116400008847,0.11708370791434039,-0.036437208541519654,0.9714051627235033,-0.4153698520420344,0.23456346525164026,-0.02533872944609766,0.2126552164554596,0.4035283625125885,-0.8899115920066833,-0.0009772621560841799,-0.01642228290438652,0.004166908096522093,-0.11127883940935135,0.02396996133029461,0.03907512500882149
1724162935.200378,-0.20467644388060371,0.11774793714130731,-0.03589881596415489,0.9710582162553074,-0.41802850122942836,0.23634116820017223,-0.02354899026677428,0.2139849066734314,0.40595951676368713,-0.8884859681129456,-0.003665527328848839,-0.013338077813386917,0.0015018079429864883,-0.07032965868711472,0.016178684309124947,0.0037827189080417156
1724162935.212246,-0.2057888035220667,0.11863009538343816,-0.03588459147376345,0.9707162220348536,-0.4203051298917898,0.2383415265002193,-0.02283093265249035,0.2155430167913437,0.40803906321525574,-0.8871557712554932,-0.0006647949339821935,-0.0026882102247327566,-0.0013668631436303258,-0.08527663350105286,0.037171635776758194,0.010232752189040184
1724162935.2319012,-0.20717735217137062,0.11969488977174703,-0.03588045941060785,0.9702902475165298,-0.4231490002628187,0.2407599392676012,-0.02197234367489526,0.21741032600402832,0.41063374280929565,-0.8855013847351074,0.005527138244360685,-0.0047571719624102116,0.0010860427282750607,-0.08528381586074829,0.04446689411997795,7.491279393434525e-05
1724162935.288072,-0.2085807201289117,0.12104883780329218,-0.03640351277902372,0.9698020929656477,-0.4261599282497053,0.2435723518036173,-0.022088755067726472,0.21960067749023438,0.4133772552013397,-0.8836825489997864,0.0036175327841192484,0.0017043075058609247,0.0004703747690655291,-0.10096513479948044,0.07302364706993103,-0.023343250155448914
1724162935.317019,-0.21081275506358238,0.1217988259764049,-0.03696495724049244,0.9692040882938011,-0.4308527209719264,0.24513770781738187,-0.022343330692567238,0.22051046788692474,0.41764575242996216,-0.8814460635185242,0.004366590641438961,-0.005106019321829081,0.007220541592687368,-0.11217477172613144,0.030214596539735794,-0.053704824298620224
1724162935.3770661,-0.2132397084288191,0.12201259121278879,-0.03767110938756751,0.9686188448249522,-0.4359687120479195,0.24549298407137546,-0.023105118654812604,0.22030143439769745,0.422288715839386,-0.8792834877967834,0.011168615892529488,0.013029202818870544,-0.00942755863070488,-0.10406453907489777,0.08429267257452011,-0.056557390838861465
1724162935.4319239,-0.21533843571477684,0.12227784399841439,-0.03766076468987292,0.9681213850554983,-0.44024116100580973,0.24626685599470466,-0.022395249137412115,0.22053995728492737,0.4261576533317566,-0.8773549795150757,0.006849544122815132,0.007914507761597633,-0.006338069681078196,-0.06557711958885193,0.026251092553138733,-0.0043839639984071255
1724162935.444277,-0.2157138667088395,0.12322173150049893,-0.037874976736733616,0.9679097538512473,-0.44108088845360643,0.248253724653438,-0.02229318033776276,0.22219471633434296,0.426917165517807,-0.8765679001808167,-0.0005248792585916817,0.014006245881319046,-8.011696627363563e-05,0.027435045689344406,0.03889070078730583,0.0008724877843633294
1724162935.4821038,-0.2146337891753389,0.12400163194408592,-0.03825967096860927,0.9680351797402548,-0.4390001547288431,0.2496669085861347,-0.023029059773696074,0.22365224361419678,0.42503464221954346,-0.8771118521690369,-0.004998150747269392,0.011127942241728306,0.002174610737711191,0.12298703193664551,-0.022176222875714302,0.05496375635266304
1724162935.550811,-0.21056121797771707,0.1270118728918867,-0.03958339955715478,0.9684859531361765,-0.43113948807684377,0.255212160260432,-0.025522457502090794,0.22934897243976593,0.4179062843322754,-0.8790639042854309,-0.005045586731284857,0.025688983500003815,0.012632240541279316,0.188106507062912,0.1876775175333023,-0.014059538953006268
1724162935.563329,-0.20736588916721274,0.1272151586317713,-0.039458704204702745,0.96915355948765,-0.4246240744005243,0.2554228880117503,-0.026037932511874848,0.23021726310253143,0.41197827458381653,-0.8816313743591309,0.010396664962172508,-0.019497815519571304,0.010963060893118382,0.3023284375667572,0.056406158953905106,-0.023545589298009872
1724162935.64587,-0.20209970372432742,0.12834340253192128,-0.040590881940322725,0.9700700943867924,-0.4142690310727683,0.25690744873630583,-0.029363360021417744,0.23259738087654114,0.40252089500427246,-0.8853673934936523,-0.008457374759018421,0.027564261108636856,0.005719534121453762,0.2160962074995041,0.06178022548556328,0.05247907713055611
1724162935.677187,-0.1996760500894413,0.1292119803288121,-0.03969175735628679,0.9704937961029543,-0.4091460820578803,0.258969852649739,-0.02773240275228458,0.23494786024093628,0.39782604575157166,-0.8868674635887146,-0.0013255230151116848,0.012830433435738087,-0.009937020018696785,0.041874874383211136,0.004832339007407427,0.09432213753461838
1724162935.6929479,-0.19915400880498463,0.12923657255970875,-0.038759590945659166,0.9706354442260232,-0.4078430221983235,0.259380667837233,-0.025893372608128296,0.23544493317604065,0.396630197763443,-0.8872711658477783,0.0036690772976726294,0.007520284503698349,-0.006806719582527876,0.008276939392089844,-0.04799661040306091,0.07781055569648743
1724162935.743318,-0.20195260237420412,0.12989268395681502,-0.03209394295855502,0.9702127864576656,-0.4117476568752956,0.2639424772383661,-0.010706591175433844,0.2390841692686081,0.40021154284477234,-0.8846860527992249,-0.004535033833235502,0.028443418443202972,0.0027805122081190348,-0.37577366828918457,-0.08503597229719162,0.5704801082611084
1724162935.756835,-0.2057456492751507,0.13092077881527106,-0.024010443118172988,0.9695111301865205,-0.4172329426000099,0.27014604525599584,0.008002565999174817,0.24397821724414825,0.40523234009742737,-0.8810569643974304,-0.005160009488463402,-0.0011948911705985665,0.003464224049821496,-0.12750478088855743,0.005880971904844046,0.19696694612503052
1724162935.798387,-0.20688925626773044,0.12899991393310672,-0.021488143790060137,0.9695844553311408,-0.41887957658417585,0.26726386086945847,0.012816631722073585,0.241261288523674,0.40673714876174927,-0.881111741065979,0.007330020889639854,-0.021373137831687927,0.0007931491127237678,0.03313210979104042,-0.09112025052309036,-0.0057539064437150955
1724162935.828309,-0.20662930825662343,0.1275204989183763,-0.021356075794041137,0.9698384306950971,-0.418336277696634,0.2640920183112393,0.012339422016799538,0.2385229766368866,0.4062407612800598,-0.8820856809616089,-0.002328278496861458,0.006597566418349743,0.0021111592650413513,-0.028479604050517082,-0.10993172973394394,0.03748630732297897
1724162935.8742828,-0.2062606702262223,0.12602893708034804,-0.02097271316754166,0.9701202636997747,-0.4175056779536283,0.2609924677588188,0.012359442453067145,0.23587475717067719,0.4054816663265228,-0.8831464648246765,0.0027765945997089148,0.005624110344797373,0.0008451098692603409,0.016062168404459953,-0.07963447272777557,0.019030997529625893
1724162935.915566,-0.20461806575669417,0.12557451129887795,-0.020956446797163325,0.9705272970375729,-0.41417850145716556,0.25980464605341136,0.011701673321202002,0.23517084121704102,0.40243804454803467,-0.8847249746322632,0.011825193651020527,-0.02503661997616291,-0.014421768486499786,0.24570471048355103,0.06375730037689209,-0.10535181313753128
1724162935.975352,-0.20070641469207373,0.12657074082214675,-0.02369529171882416,0.9711515053715492,-0.4069725137502912,0.2602750110943207,0.0052091718451381455,0.2363271266222,0.3958309292793274,-0.887393593788147,-0.000976745504885912,0.007602363359183073,0.0022685255389660597,0.18507014214992523,0.05485761910676956,-0.09743000566959381
1724162936.0043411,-0.19600609383975973,0.12724517535963037,-0.02869164024524163,0.9718883243540801,-0.3987794090616499,0.25907917204172454,-0.006389900434954732,0.23608872294425964,0.3882938027381897,-0.8907805681228638,-0.0027949458453804255,-0.00490011740475893,0.006810168735682964,0.2736598253250122,0.03137196600437164,-0.2841048836708069
1724162936.033296,-0.19152405542807907,0.12742834093473582,-0.03470954105026101,0.9725614440276029,-0.3912927597317779,0.25655250015293113,-0.020233745089843,0.23456835746765137,0.3813837766647339,-0.8941611051559448,0.005174810066819191,0.00628869142383337,-0.00581459142267704,0.2338504046201706,0.09844350069761276,-0.22501587867736816
1724162936.0667849,-0.18837248220345437,0.12826756186746294,-0.03948202344062373,0.9728845236543151,-0.38618580105175476,0.2561561919867251,-0.03076932432751973,0.23470439016819,0.3766578733921051,-0.8961265087127686,-0.0075873518362641335,0.009807411581277847,0.002542446833103895,0.13206757605075836,0.06243559345602989,-0.16330310702323914
1724162936.130542,-0.18745888764790164,0.12877998329160742,-0.04095857784320661,0.9729322872151699,-0.3847408006432457,0.2565914521986005,-0.033902367473878384,0.23523230850696564,0.3753189146518707,-0.8965497612953186,-0.004179197363555431,0.009409599006175995,-0.006007595453411341,-0.0021156168077141047,-0.008121775463223457,0.07002803683280945
1724162936.184527,-0.18525805654765037,0.13072123779173409,-0.04059260638252751,0.9731102737959291,-0.38026404718553397,0.260730789280721,-0.03292532967607419,0.2393721342086792,0.3711656630039215,-0.897182822227478,-0.0052186958491802216,0.0024545551277697086,0.010967310518026352,0.1297832429409027,0.06866485625505447,0.10743169486522675
1724162936.197598,-0.18488140753632445,0.13277687319633408,-0.035864657190497654,0.9730893288589956,-0.3782946618912986,0.26695725687541655,-0.022280088157483297,0.24514609575271606,0.36933624744415283,-0.8963783383369446,0.02180820144712925,0.01751747354865074,-0.03249960020184517,-0.07337546348571777,0.1375843584537506,0.3455948531627655
1724162936.28824,-0.18433601781661021,0.1368374560194822,-0.031501665066865595,0.9727812897668462,-0.37605979844708765,0.2772808667364218,-0.011655028605798888,0.2546120584011078,0.3672584891319275,-0.8945915102958679,0.010848489589989185,-0.015264094807207584,-0.0017694123089313507,0.06741059571504593,0.1870371252298355,0.093346506357193
1724162936.2938318,-0.18434280870869574,0.13995933508607877,-0.029143653823079544,0.9724091944373856,-0.37542841303475927,0.28486071091838244,-0.005458313410667671,0.2614506483078003,0.3666711449623108,-0.8928582072257996,-0.015017344616353512,-0.005953517742455006,0.03366462141275406,-0.04190364480018616,0.028383323922753334,0.11805521696805954
1724162936.328673,-0.18414800921533078,0.1404703602421042,-0.027040765412605708,0.9724332158897112,-0.37442790854715474,0.2867459765627769,-0.0009197238991664532,0.2632370889186859,0.3657401502132416,-0.8927151560783386,0.0007965774857439101,-0.01703104004263878,0.01706019788980484,0.020206380635499954,-0.00684148957952857,0.076189324259758
1724162936.361685,-0.18382783803376548,0.1410900661055537,-0.025902633495900763,0.9724349912755981,-0.3734506979346024,0.28847144113725626,0.0016060055297127322,0.2648785710334778,0.36483046412467957,-0.8926018476486206,0.021253205835819244,-0.002688527340069413,-0.025980601087212563,0.010623718611896038,0.1230124831199646,0.08082801848649979
1724162936.4005141,-0.18378105130382874,0.14458259841313703,-0.023933620832555735,0.971981209031685,-0.37275672747763117,0.29667499213518667,0.0071050025182375935,0.2722660303115845,0.3641842305660248,-0.8906407952308655,0.004704426508396864,-0.00807185098528862,-0.03734599053859711,-0.05858748033642769,0.23337817192077637,0.14023679494857788
1724162936.42944,-0.18324273147130216,0.14978606991359303,-0.022163960500134357,0.9713366824017505,-0.3710782234722831,0.3083860662343313,0.012701932691708826,0.2828626334667206,0.36262047290802,-0.8879724740982056,-0.014914813451468945,-0.020516373217105865,0.010624982416629791,0.016059618443250656,0.1458999216556549,0.11829207092523575
1724162936.485527,-0.18281344589271462,0.1523392522488584,-0.02142909236937921,0.9710369331189275,-0.36994719453411457,0.31405566676376717,0.015104881639427085,0.2880190312862396,0.3615662157535553,-0.8867440223693848,-0.004333872348070145,-0.01020849496126175,0.005439856089651585,-0.006910065654665232,0.08230733126401901,0.05498624965548515
1724162936.51444,-0.1817411155902619,0.15412168784273939,-0.02284463386844863,0.9709246799133466,-0.3682202773166047,0.3171744414658825,0.012497687869937673,0.29097747802734375,0.3599555790424347,-0.8864333629608154,-0.009658816270530224,0.003946057520806789,0.003216392360627651,0.03596378117799759,0.08415203541517258,-0.046242229640483856
1724162936.571784,-0.18115713857008608,0.15542759135539053,-0.0238093871579052,0.9708025087206831,-0.36734290989256224,0.31951724328695097,0.010806353042852067,0.29315251111984253,0.3591368794441223,-0.8860487341880798,0.0016930850688368082,0.0009018240962177515,-0.008178756572306156,0.038344163447618484,0.10956525802612305,-0.04714503511786461
1724162936.62322,-0.1805033507893117,0.1569769110179444,-0.024154056856038365,0.9706664238439046,-0.36612541218716893,0.32260414745003363,0.010472964557090835,0.2960246503353119,0.35800033807754517,-0.8855535984039307,-0.0038743470795452595,0.010754612274467945,0.000966839084867388,0.02498229220509529,0.06442274153232574,0.02859964407980442
1724162936.628388,-0.17986282202468865,0.1584714665310358,-0.023795740753950023,0.9705513146551246,-0.36470540265998824,0.3258381817695141,0.011578016263521758,0.299049437046051,0.35667410492897034,-0.8850723505020142,-0.002941487357020378,0.011895495466887951,0.0038510323502123356,0.015403715893626213,0.04283357411623001,0.05478646606206894
1724162936.6682181,-0.17942865621062995,0.15947453572302506,-0.022444337469987606,0.9704995452694489,-0.36337348761362315,0.3284189998200435,0.01461924263524337,0.3014855980873108,0.355429470539093,-0.8847464919090271,0.0031620743684470654,-0.0010519458446651697,-0.0022599019575864077,0.03715287894010544,0.04865649715065956,0.07322365045547485
1724162936.711773,-0.17779935866020735,0.16076617749104027,-0.021004500511147457,0.9706185585880277,-0.35960480171520515,0.33146860920016286,0.017514678150732432,0.3046160936355591,0.35190433263778687,-0.8850832581520081,0.016750331968069077,-0.01575443148612976,-0.019025137647986412,0.15924708545207977,0.17687278985977173,0.024017170071601868
1724162936.770495,-0.17637456786269362,0.16300420007224187,-0.0210548558415946,0.9705041200016845,-0.356726346721522,0.33601028583097553,0.0177502841282668,0.30896541476249695,0.3492085635662079,-0.8846433162689209,-0.008450707420706749,-0.003755645826458931,0.017775755375623703,0.035852644592523575,0.040446698665618896,0.0034862095490098
1724162936.7993531,-0.17459305772231246,0.16287105897521043,-0.0234896160431242,0.9707926815631682,-0.35398543442694436,0.3345945216522053,0.01201013294862052,0.3080258071422577,0.34663888812065125,-0.8859805464744568,0.017653632909059525,-0.02263098582625389,-0.0010563801042735577,0.13475437462329865,-0.008382226340472698,-0.13417519629001617
1724162936.867848,-0.17174115837139625,0.16271502269314794,-0.026281288427704417,0.9712558644436174,-0.34921674646905254,0.33288640796258717,0.005148821050339568,0.3070486783981323,0.3421619236469269,-0.8880575895309448,0.0009110001847147942,0.009852833114564419,0.02622821554541588,0.18526628613471985,-0.04571011662483215,-0.06300293654203415
1724162936.880148,-0.16879627991355076,0.16175992748008258,-0.02530160569487481,0.9719574762956361,-0.3429971681098241,0.33082856134751853,0.005760343083043734,0.30590590834617615,0.3363111913204193,-0.890683114528656,0.0027286838740110397,-0.0016693334328010678,0.02358495444059372,0.11132106930017471,-0.1071101650595665,0.06720399111509323
1724162936.925935,-0.16838509307692334,0.15858605395328196,-0.021487900967566444,0.9726433925199163,-0.34093949614163693,0.325368623922332,0.012316123050874941,0.3012588620185852,0.3343726694583893,-0.8929938673973083,0.006320556625723839,0.0015437385300174356,-0.00959872268140316,-0.06074216589331627,-0.22605550289154053,0.20760111510753632
1724162936.958502,-0.17182349193902643,0.15453732855180696,-0.013404623610661436,0.972838688292325,-0.34527569105622424,0.32008038675810196,0.028724168660160806,0.296073317527771,0.3384561240673065,-0.8931897878646851,0.019208308309316635,0.03148015961050987,-0.02660086192190647,-0.43231332302093506,-0.2656668722629547,0.5973937511444092
1724162936.986968,-0.17593599682710562,0.15175580183388798,-0.0034570073509962674,0.9726277348355372,-0.3504172192570091,0.31835966916230773,0.049714241497988386,0.29398736357688904,0.34328970313072205,-0.8920333981513977,0.042681727558374405,-0.049183547496795654,0.00201311893761158,0.013034600764513016,-0.14131803810596466,0.08739524334669113
1724162937.046741,-0.17503069471911867,0.14963777654786575,0.0007587613410627571,0.9731249572432543,-0.34737034217262125,0.31520876268811543,0.057311810810347495,0.2914981245994568,0.34042638540267944,-0.893945574760437,-0.02023201622068882,0.012537728995084763,0.027044804766774178,0.06822989881038666,-0.30844005942344666,0.24410538375377655
1724162937.0786738,-0.1703744267857047,0.1478974524435687,0.0016466827783735917,0.9742156572501692,-0.3378673695217892,0.31102118501327575,0.05684714365846974,0.28872913122177124,0.33147579431533813,-0.8981978297233582,-0.015974747017025948,0.04680398479104042,0.014097269624471664,0.1654977798461914,-0.1659754365682602,0.08685367554426193
1724162937.108447,-0.16834170836098516,0.14554643509784487,0.0040328640120493075,0.9749159027968952,-0.33319511067504054,0.3065215393048618,0.06021240619218855,0.28514885902404785,0.32706406712532043,-0.9009546041488647,-0.012864260002970695,0.03776589781045914,0.008730631321668625,0.04727703705430031,-0.17466498911380768,0.15167398750782013
1724162937.161264,-0.1682546942069808,0.1424606749209101,0.008006067712139155,0.97536203858764,-0.3320030883840604,0.3013437070483087,0.06727897057974547,0.2805955708026886,0.3259373903274536,-0.9027906060218811,0.013037368655204773,-0.014531470835208893,-0.007065700367093086,-0.0020449794828891754,-0.1378043293952942,0.13386785984039307
1724162937.1916451,-0.16861109997153412,0.1404478293977514,0.01060470821120768,0.9755676047065217,-0.33207380481226606,0.29804455084043546,0.07204838394732827,0.27760884165763855,0.3260042369365692,-0.903689444065094,0.005112015176564455,-0.010438879020512104,-0.0014920416288077831,-0.012570307590067387,-0.12408937513828278,0.12457258999347687
1724162937.221884,-0.16707671543300814,0.14024191777051828,0.011021698042648203,0.9758565070209223,-0.3288917642944146,0.29747296300778586,0.07230881829044254,0.2773949205875397,0.3229943811893463,-0.9048351645469666,0.006742305587977171,-0.026264624670147896,-0.005348247941583395,0.14842428267002106,0.018960820510983467,-0.038312289863824844
1724162937.327084,-0.163546905618572,0.14122817869472937,0.008298389274054336,0.976339155292065,-0.3225758080024037,0.2980246734331145,0.0658399452093747,0.27848753333091736,0.3170105516910553,-0.9066140055656433,0.006892913952469826,-0.024853384122252464,-0.009592406451702118,0.23159483075141907,0.07145710289478302,-0.166658416390419
1724162937.339134,-0.1582915717994611,0.14298035197089734,0.00177757555418137,0.9769836660652245,-0.31391875184114537,0.2987492843140685,0.05126513474313551,0.2799416780471802,0.3087882399559021,-0.909000813961029,0.008170916698873043,-0.02746310457587242,-0.009965416975319386,0.3205757439136505,0.13808666169643402,-0.33818525075912476
1724162937.358386,-0.15369151084396285,0.14523926250309507,-0.006815305286778411,0.977362817523456,-0.3072141902197724,0.3001363235648338,0.03286648971511182,0.2818079888820648,0.3024044334888458,-0.9105689525604248,0.0008225038181990385,-0.007536136545240879,-0.013487118296325207,0.22562618553638458,0.20479854941368103,-0.40925315022468567
1724162937.421574,-0.15086471679599006,0.14697570955046563,-0.01518265193707543,0.9774494254075851,-0.30405140268106745,0.30085198096340987,0.015372019780723358,0.28274157643318176,0.29938822984695435,-0.9112759828567505,-0.007499538362026215,-0.005508918780833483,0.002620839048177004,0.14018528163433075,0.11820477247238159,-0.34670355916023254
1724162937.4268909,-0.1500289893136725,0.14780773240795703,-0.020677407296541914,0.977351753214798,-0.30403728439566985,0.30082238414674084,0.004121741190798866,0.2827158570289612,0.2993747591972351,-0.9112883806228638,-0.015288610011339188,0.016755597665905952,-0.00598150584846735,0.00786866620182991,0.08929780125617981,-0.15293611586093903
1724162937.4779859,-0.15020612918516754,0.14750032098368251,-0.021600546314599595,0.9773510483087444,-0.30467211888693074,0.29991220792789847,0.0021890908347418267,0.2818301022052765,0.29998040199279785,-0.9113635420799255,-0.013467292301356792,0.0037559636402875185,0.006837982684373856,-7.44375865906477e-05,-0.04515331983566284,0.034417878836393356
1724162937.513029,-0.15076562220153086,0.14546927755775554,-0.018255163089864187,0.9776375252050439,-0.30479684509106436,0.2967413344737718,0.00856452379859894,0.2789279520511627,0.3000994026660919,-0.91221684217453,-0.01496177539229393,0.01589914970099926,0.008800399489700794,-0.125481516122818,-0.17837494611740112,0.3016017973423004
1724162937.5467029,-0.15322518288946116,0.14201681462653631,-0.010174702352276757,0.9778802670241797,-0.3073792076943471,0.2922817187459232,0.02478596553813837,0.27463284134864807,0.3025617301464081,-0.9127065539360046,0.008112230338156223,-0.023813657462596893,-0.0024623298086225986,-0.16990678012371063,-0.25533974170684814,0.35038304328918457
1724162937.63169,-0.15474570933869997,0.1395425647705104,-0.005288043602675824,0.9780355795127523,-0.3090664297584156,0.2888120093930549,0.03448386320509178,0.27131858468055725,0.3041694462299347,-0.9131633043289185,0.019593272358179092,0.0007794557022862136,-0.027807490900158882,-0.09898456186056137,-0.04575907811522484,0.12418288737535477
1724162937.6439428,-0.15731396270287124,0.13872083331926377,-0.003132800865714993,0.9777520040384508,-0.3136128265606204,0.2881119066989036,0.03945330446058533,0.27028346061706543,0.30849725008010864,-0.9120177030563354,0.014186665415763855,-0.02509421668946743,-0.01615474373102188,-0.1428857147693634,-0.006143059581518173,-0.04261615127325058
1724162937.664526,-0.15916761009021138,0.13846101524058427,-0.005123222756338425,0.97748041797743,-0.3179133733574579,0.287179770475745,0.035865869832315316,0.26905494928359985,0.31258517503738403,-0.910988450050354,0.005196277983486652,-0.019937416538596153,0.003891262225806713,-0.0689273327589035,-0.016063472256064415,-0.19024597108364105
1724162937.7165608,-0.16121715283475385,0.13800308559990204,-0.008468284624278214,0.9771859327525085,-0.32300286780533294,0.2853967767680828,0.029475056264143474,0.2669788897037506,0.3174155652523041,-0.9099283814430237,-0.003430097596719861,0.004769435618072748,0.011126401834189892,-0.12183617055416107,-0.08596258610486984,-0.04099652171134949
1724162937.751976,-0.16325718634718703,0.13797355353186397,-0.010245546141891606,0.9768343115920841,-0.32760641685978137,0.2850056391420685,0.02644324118371004,0.26620927453041077,0.32177767157554626,-0.9086207747459412,0.003823318984359503,0.007454057689756155,0.00441187247633934,-0.0920199602842331,0.013369658030569553,-0.10712658613920212
1724162937.7806978,-0.16426634792783454,0.13789210583305678,-0.012281295812165327,0.9766531649447165,-0.3302182397057503,0.2842771895022183,0.022532109868547468,0.26531070470809937,0.3242494761943817,-0.9080047011375427,-0.004976207856088877,0.006756318733096123,-0.00040174886817112565,-0.017341889441013336,0.0014895987696945667,-0.05449816212058067
1724162937.846784,-0.16467439866020528,0.13847174020712358,-0.013528413735235762,0.976485968191287,-0.331382990023421,0.28512701522959144,0.020290124113023816,0.26597586274147034,0.3253510892391205,-0.9074158668518066,-0.004006604198366404,0.008619379252195358,-0.0024442821741104126,-0.028094865381717682,0.01816674880683422,-0.044390901923179626
1724162937.859441,-0.16541520966297552,0.1390761168649215,-0.014247172403752706,0.9762646209554317,-0.3330647832692499,0.2862466472469836,0.019251694300330992,0.2668367922306061,0.3269409239292145,-0.9065912961959839,0.0003415938117541373,0.0020671901293098927,0.002047707559540868,-0.03351528197526932,0.033078406006097794,-0.04456838220357895
1724162937.9131088,-0.16555190035809048,0.13959209467445569,-0.0154403676974436,0.9761496527779675,-0.33367503033225443,0.28694484579063056,0.017014460719020408,0.2674131691455841,0.327517569065094,-0.9062132239341736,-0.00689343037083745,0.0008287380915135145,0.011490789242088795,0.03656414896249771,-0.006301588844507933,-0.05562533065676689
1724162937.941908,-0.1656195592175472,0.14000694034649752,-0.016493557992063246,0.9760615799847085,-0.33410966960186067,0.2874686893657159,0.015008798030279834,0.26784747838974,0.32792821526527405,-0.9059364199638367,-0.004781630355864763,0.0037646382115781307,0.01096903532743454,0.0037975762970745564,0.004622495733201504,-0.050009842962026596
1724162937.9917269,-0.16491147704382617,0.1404635912246139,-0.017938482869777148,0.9760902753761654,-0.3331023148334833,0.2878579738612599,0.011967026710669286,0.2682937681674957,0.32697638869285583,-0.906148374080658,0.008160225115716457,-0.012179887853562832,-0.004434512462466955,0.13738523423671722,0.053253285586833954,-0.06550078839063644
1724162938.020657,-0.16188809888010108,0.14238640714592454,-0.021605598994062405,0.9762435534281371,-0.3280917065274261,0.2903450653449772,0.004137379226316657,0.27101224660873413,0.322237104177475,-0.9070367217063904,0.001219833386130631,0.0250643752515316,0.005231693387031555,0.09161168336868286,0.12392476201057434,-0.12362008541822433
1724162938.07675,-0.16081617427183534,0.1439165351764875,-0.024637598300855403,0.9761245593462374,-0.3268324275083709,0.292448909131667,-0.0019117160221966225,0.2730366885662079,0.3210447430610657,-0.9068523645401001,0.06357387453317642,-0.10560488700866699,-0.03533080965280533,0.20426122844219208,0.3050667643547058,-0.3811648190021515
1724162938.10567,-0.15439865277322978,0.1473498936050115,-0.04183526444523312,0.976062934243926,-0.3191235132939059,0.2935322979290679,-0.03809878095722532,0.274726927280426,0.3137344419956207,-0.908898115158081,-0.0027040988206863403,-0.05005888640880585,0.0034820321016013622,0.48142367601394653,0.28319987654685974,-0.9250776171684265
1724162938.140547,-0.14818318424606775,0.147956487553604,-0.06405101582168492,0.9757295164967127,-0.31322354900335353,0.2874880139348416,-0.08539730057049036,0.2697484493255615,0.30812692642211914,-0.912301242351532,-0.017066432163119316,0.003497825935482979,0.009096160531044006,0.4375337064266205,0.15973719954490662,-1.0809383392333984
1724162938.207473,-0.14465995149683492,0.14633269801348187,-0.08432665123639049,0.9749610751235205,-0.3117819231453636,0.2777135783725501,-0.12863235730286698,0.26093998551368713,0.3067551255226135,-0.9153205156326294,-0.00446509663015604,0.03570556640625,-0.001768029178492725,0.22203175723552704,0.07122286409139633,-0.8829787969589233
1724162938.223386,-0.14438251845287026,0.14436197197946246,-0.09847394882614513,0.9739692020817652,-0.3148565112623495,0.26907612658615504,-0.1585601303278531,0.25277239084243774,0.3096800446510315,-0.9166266322135925,-0.01321299560368061,0.04516412690281868,0.006908916402608156,0.08170738816261292,-0.026477904990315437,-0.5932778716087341
1724162938.276657,-0.1446976254886134,0.14187168436214562,-0.10867483442548782,0.9732033014815763,-0.31779862533352715,0.26052575515327975,-0.1804319240679335,0.24469000101089478,0.31247615814208984,-0.917870044708252,-0.013345211744308472,0.045199062675237656,0.013881626538932323,0.058568112552165985,-0.11508810520172119,-0.41054490208625793
1724162938.321735,-0.14454270555812662,0.13997546447647474,-0.11521632945815868,0.9727483450935257,-0.3188368803487437,0.2544363641480763,-0.19466434935303567,0.23901444673538208,0.3134622573852539,-0.9190285801887512,-0.00026348140090703964,0.04377882555127144,-0.010619006119668484,0.053641725331544876,-0.007415617350488901,-0.21942278742790222
1724162938.350733,-0.1449501551950663,0.13949008734794593,-0.11786201136507461,0.9724404819198443,-0.32023746513877716,0.25249877186097475,-0.20023676521686673,0.23712338507175446,0.3147919476032257,-0.919063925743103,0.012972014956176281,0.020437883213162422,-0.011618834920227528,0.004730827175080776,0.023277537897229195,-0.08017551898956299
1724162938.381772,-0.14607551973290572,0.1399519512789807,-0.11807821715472563,0.972179395016272,-0.3226424584340316,0.2532464791436179,-0.2003024810518453,0.23762013018131256,0.3170737624168396,-0.918150782585144,0.011341208592057228,0.012238983064889908,-0.005864244885742664,-0.09865295886993408,0.0022793172392994165,0.04489409178495407
1724162938.435711,-0.14791011315593683,0.14013349790488216,-0.11741863914590175,0.9719557285688126,-0.3261862724140316,0.25361200309003756,-0.19849586667299882,0.23767229914665222,0.32043272256851196,-0.916970431804657,0.008755124174058437,-0.014583662152290344,0.011864723637700081,-0.07069829851388931,-0.047773025929927826,0.01531143020838499
1724162938.466807,-0.14967093276341994,0.13946319046341432,-0.11664096998595898,0.971876272548491,-0.32938114158166254,0.25224994693035696,-0.19674955009871004,0.23616640269756317,0.3234575092792511,-0.9162972569465637,0.00788099318742752,-0.01720382831990719,0.011861274018883705,-0.07775765657424927,-0.07747397571802139,0.03529512509703636
1724162938.518444,-0.15016319643642703,0.13880736021024723,-0.11590853629884978,0.9719817815188884,-0.33004933212601645,0.2510642703352618,-0.19535149558245196,0.2350260615348816,0.3240897059440613,-0.9163670539855957,0.008847004733979702,-0.0116931376978755,0.004739821422845125,-0.008954593911767006,-0.037829991430044174,0.03968370705842972
1724162938.587044,-0.14996103466456626,0.1388630509277844,-0.11486601389587042,0.9721288541469827,-0.32938820928372153,0.2515612226839109,-0.1932027592865214,0.2355346977710724,0.32346418499946594,-0.91645747423172,0.01672843098640442,-0.009212645702064037,-0.006064948625862598,-0.00392213324084878,0.009971655905246735,0.05485817790031433
1724162938.598933,-0.1491531495893212,0.13991033708904474,-0.11405760587810856,0.972198115729018,-0.3277657203058313,0.25412705809366926,-0.1913255551945935,0.2380170226097107,0.3219285011291504,-0.9163568615913391,0.009893687441945076,-0.012033354490995407,-0.002077246317639947,0.028118399903178215,0.051705729216337204,0.046503227204084396
1724162938.6407151,-0.14834072900845738,0.1407850059440747,-0.11335932510965308,0.9722778460532114,-0.3261257440657239,0.25629072558925736,-0.18974303333390005,0.240132674574852,0.32037538290023804,-0.9163492321968079,0.00022772920783609152,0.0013781266752630472,0.001365138334222138,-0.005075063556432724,0.02201187238097191,0.04848446696996689
1724162938.665698,-0.1491680931188098,0.1407579489353379,-0.11215567669236844,0.9722948175874805,-0.32746559287133337,0.25654479613308795,-0.1870761015534706,0.24025635421276093,0.3216443359851837,-0.9158721566200256,-0.004421685356646776,0.005107835400849581,0.005361464340239763,-0.11417482793331146,-0.06828368455171585,0.07121355086565018
1724162938.700777,-0.15128642060644265,0.14002910262671056,-0.10978829878288404,0.9723429033689873,-0.3309606230466514,0.25558732105232823,-0.18195745841695524,0.23909364640712738,0.3249516785144806,-0.915008544921875,-0.003456148784607649,-0.011235957965254784,0.010522224940359592,-0.09658382833003998,-0.09896158427000046,0.11601503938436508
1724162938.7645679,-0.15228043486149279,0.13874665166049094,-0.10651439626060141,0.9727356698937413,-0.3318728487751756,0.2539138498057129,-0.17538260028470729,0.23748750984668732,0.32581424713134766,-0.9151200652122498,-0.0035332697443664074,-0.01120284479111433,0.004912928678095341,-0.023058686405420303,-0.09880143404006958,0.16226975619792938
1724162938.815796,-0.1518811341831131,0.13778090566416332,-0.10347539481029162,0.9732631888387325,-0.33011783302998826,0.2529654419899304,-0.1694827823694463,0.23676224052906036,0.32415449619293213,-0.9158970713615417,-0.006107669789344072,-0.007429575081914663,0.002930397866293788,-0.0049890256486833096,-0.07421190291643143,0.12884320318698883
1724162938.827859,-0.15132790075040708,0.13634938430170793,-0.10083611323031123,0.9738278656549884,-0.3280868727584999,0.25091095533401137,-0.16461010291727374,0.2350430190563202,0.32223254442214966,-0.9170174598693848,-0.004686200059950352,0.0008373690070584416,-0.0014607779448851943,0.012088099494576454,-0.09299294650554657,0.1142161414027214
1724162938.869591,-0.15109538686383814,0.1345544622858305,-0.09818548126868658,0.9743843338305913,-0.32665060270352214,0.24806401218384685,-0.15977095528696073,0.23254476487636566,0.32087254524230957,-0.9181305766105652,-0.004440119955688715,0.0014915026258677244,-0.007750918623059988,-0.02009127475321293,-0.10120201855897903,0.12787140905857086
1724162938.915563,-0.15174599290887564,0.1333928168906464,-0.09631666094318703,0.9746293902319242,-0.32730060668309846,0.2462040333046373,-0.15615217131286185,0.2307857871055603,0.3214881122112274,-0.9183590412139893,-0.005861589685082436,-0.006775441113859415,-0.003359742695465684,-0.05683068558573723,-0.05094108358025551,0.013401899486780167
1724162938.964236,-0.15451599840163846,0.13168878007458015,-0.09589101897137244,0.9744678953735552,-0.3324896141668187,0.24254430293625798,-0.1552829911938213,0.22701957821846008,0.3263972997665405,-0.9175657629966736,-0.021506551653146744,0.00498932832852006,0.0013452420243993402,-0.18553440272808075,-0.12875019013881683,-0.05703498050570488
1724162939.013259,-0.15993903320067954,0.1288448305782268,-0.09571722696449932,0.9739900639879079,-0.34290395379798994,0.23618145394214204,-0.15483684403625708,0.22036932408809662,0.33622339367866516,-0.9156370162963867,-0.026464367285370827,0.01319181639701128,0.0036720449570566416,-0.3489956557750702,-0.2140108048915863,-0.035909008234739304
1724162939.025022,-0.168624813385366,0.12499963126890101,-0.09282457675185671,0.9733058351866876,-0.35912277461149156,0.22845004625215296,-0.14852292182671528,0.21202068030834198,0.35145309567451477,-0.9118815064430237,-0.029941942542791367,0.03035212866961956,0.014872247353196144,-0.578526496887207,-0.28331494331359863,0.18411900103092194
1724162939.0732799,-0.1814016633988033,0.1204085880629146,-0.08363179293649603,0.9724200944475814,-0.38217260896053745,0.22148869620796485,-0.12856968049462336,0.20383356511592865,0.37293723225593567,-0.9051904082298279,-0.01882898062467575,0.017188338562846184,0.009541246108710766,-0.7807626128196716,-0.34591972827911377,0.5632869601249695
1724162939.1147761,-0.19077628538353503,0.1192963189379134,-0.07044948943587508,0.9718074161390359,-0.39803135574631454,0.22424410674171585,-0.09932388547935403,0.20498590171337128,0.38760435581207275,-0.898745596408844,0.0969170331954956,-0.11603859066963196,-0.006607952527701855,-0.1830320507287979,0.1116378977894783,0.2894836664199829
1724162939.1429682,-0.18823538356968225,0.12728942704758955,-0.07456942617684417,0.9709810228137274,-0.3946983718950861,0.23965622774242015,-0.10515406054424851,0.21911802887916565,0.3845297694206238,-0.8967297077178955,-0.035677097737789154,-0.07541968673467636,-0.024097084999084473,0.40495067834854126,0.5235058665275574,-0.4088171124458313
1724162939.181713,-0.18079763432378468,0.13180355875232827,-0.08380430160140982,0.9710390098578237,-0.38247149260757246,0.2457101683981477,-0.12437925775287102,0.22566954791545868,0.3732145130634308,-0.899880051612854,-0.010580525733530521,0.17902643978595734,-0.04623234272003174,0.14749929308891296,0.38470011949539185,-0.03852073475718498
1724162939.238461,-0.18262539339144218,0.14274521106783217,-0.07208999943111853,0.9700900157520606,-0.3842966129411791,0.2737444201644293,-0.09477382701098395,0.2506204843521118,0.37490713596343994,-0.8925435543060303,-0.06258288770914078,0.07690151780843735,0.022226467728614807,-0.5329246520996094,0.21994155645370483,1.1606587171554565
1724162939.26688,-0.18607137156028347,0.14538693229413305,-0.05875843220978577,0.9699419612694707,-0.38768072768107276,0.28485926764279873,-0.06472502902434603,0.2601672410964966,0.3780422806739807,-0.8884801864624023,0.08784019201993942,-0.2039923369884491,-0.015503214672207832,0.09723687916994095,0.07090102881193161,0.021183842793107033
1724162939.299096,-0.18558542167003278,0.14907385962768382,-0.06245700097906033,0.9692440351421967,-0.38804180851814646,0.2912443164540273,-0.07108037265185325,0.26579567790031433,0.3783765435218811,-0.8866700530052185,0.01052768062800169,-0.0762626901268959,-0.03374820947647095,0.03797449544072151,0.33282962441444397,-0.3423311114311218
1724162939.355701,-0.18554873074547323,0.15328134486154055,-0.07068209726922757,0.9680291331867742,-0.39077126053111916,0.296932447619241,-0.08658988269927265,0.27053165435791016,0.38090163469314575,-0.8841530084609985,-0.10946263372898102,0.11436416953802109,0.034143246710300446,-0.1593746840953827,0.03721379116177559,-0.04451373219490051
1724162939.419054,-0.19394615457836872,0.15159203690324438,-0.06381105431087403,0.9671260271499784,-0.4055097736272489,0.2964836453533326,-0.07038695402671483,0.26846539974212646,0.3944872319698334,-0.8788095116615295,-0.009709285572171211,0.0483495369553566,0.017080551013350487,-0.620364248752594,-0.2638590335845947,0.4313333332538605
1724162939.431097,-0.20836375196885445,0.14377772371405723,-0.05269530833265714,0.9659894632874877,-0.4309203592958377,0.28541455068341914,-0.046121277660403706,0.25581595301628113,0.4177072048187256,-0.8718250393867493,0.011564521118998528,-0.01993373967707157,0.046137891709804535,-0.9872826337814331,-0.8432109355926514,0.44587916135787964
1724162939.495346,-0.22491657308581695,0.13817258405764912,-0.0496655952720091,0.9632518319600077,-0.46343950216107765,0.2760973036011057,-0.03748847286705242,0.2438487559556961,0.44702744483947754,-0.8606417775154114,0.1672227680683136,-0.393441379070282,-0.08758987486362457,-0.1183122768998146,0.48804762959480286,-1.227433443069458
1724162939.508198,-0.2287951804611547,0.13435238487771767,-0.06844806459674457,0.9617260099863695,-0.47627156816412647,0.2584040242634182,-0.07904863988723711,0.22709918022155762,0.45846888422966003,-0.8592044115066528,-0.12887537479400635,0.3101775348186493,-0.019179290160536766,-0.5496675968170166,-0.2945175766944885,0.2744449973106384
1724162939.553419,-0.23600080063938164,0.1356826414733031,-0.05957380537660256,0.9603878314234303,-0.48869139101717046,0.26646102252530046,-0.05709609133034544,0.232496976852417,0.4694708585739136,-0.8517876863479614,0.03180567920207977,-0.11982862651348114,0.019257331266999245,-0.024494383484125137,0.07964801043272018,-0.10426338016986847
1724162939.583706,-0.23729848984249496,0.12919492526596263,-0.057663028871578176,0.9610790364165804,-0.4904521074671445,0.2531912038290481,-0.05616921317787002,0.2209663689136505,0.471024751663208,-0.853996217250824,-0.041448622941970825,0.17908793687820435,-0.011804243549704552,-0.27181994915008545,-0.5433476567268372,0.5435630083084106
1724162939.626692,-0.23993509377245492,0.12738034039526827,-0.04418658394833704,0.961380700954041,-0.4922329761802692,0.2566648053870796,-0.027048320041562973,0.22371816635131836,0.4725949466228485,-0.8524107933044434,0.06089270859956741,-0.11415626853704453,-0.04860572889447212,0.026743274182081223,-0.019324395805597305,0.16035406291484833
1724162939.661985,-0.2411972034825412,0.12599652340211911,-0.045560597989658905,0.9611831008793392,-0.4951348444348337,0.2529820655041665,-0.030467259360333267,0.2202332764863968,0.47515031695365906,-0.8518975973129272,-0.04454294964671135,0.08479295670986176,-0.03765084594488144,-0.44054895639419556,-0.013288694433867931,0.08690650016069412
1724162939.712988,-0.2498605034581078,0.1298746945178083,-0.04093340051633749,0.9586587712252495,-0.5117391623564033,0.26523601633736305,-0.015577307168249654,0.22855573892593384,0.48969435691833496,-0.8414046168327332,0.03500963747501373,-0.051732081919908524,0.011454475112259388,-0.21529358625411987,0.031153850257396698,-0.07098336517810822
1724162939.741941,-0.2522633718275046,0.12935092430079753,-0.047642062231100804,0.9577899724842501,-0.5184745500266168,0.26053771415846094,-0.029939878411739274,0.22374533116817474,0.4955557584762573,-0.8392630815505981,-0.06496937572956085,0.10900301486253738,0.01955850049853325,-0.20637066662311554,-0.03730234503746033,-0.09837280958890915
1724162939.775801,-0.2575124333696123,0.13096823046604467,-0.04585087817444462,0.9562595310653602,-0.5288114028416523,0.2658767913636121,-0.023442744082087734,0.22686488926410675,0.5045074820518494,-0.8330693244934082,0.032131295651197433,-0.007765022572129965,-0.03245075047016144,-0.14446866512298584,0.16043132543563843,-0.09873665869235992
1724162939.8279018,-0.2595473166347658,0.1326201746645738,-0.05059786537853457,0.9552417509514769,-0.5343496568987495,0.26705275965533937,-0.0323365277831086,0.2271035760641098,0.5092814564704895,-0.8300941586494446,-0.04030698537826538,0.15396596491336823,-0.018768910318613052,-0.13979443907737732,-0.05382579565048218,0.005004578270018101
1724162939.863772,-0.26479863935795894,0.1393720673269773,-0.03972766116113444,0.9533513553802222,-0.5421351278043461,0.2896981204714112,-0.0022621445062097597,0.24470143020153046,0.5159661173820496,-0.8209142088890076,-0.049630895256996155,0.019478965550661087,-0.007193433586508036,-0.36485692858695984,0.3477199077606201,0.8527321815490723
1724162939.8968291,-0.2629438248085531,0.13493082434259335,-0.034745320185649416,0.9546972472659649,-0.5368596097098229,0.28228490771449344,0.005371640950198989,0.23936402797698975,0.5114399194717407,-0.8253084421157837,0.02371295727789402,-0.042179178446531296,0.04141911119222641,0.26410865783691406,-0.4241088330745697,-0.23905770480632782
1724162939.970693,-0.2627501208820242,0.13053183831488566,-0.030307667737063403,0.9555130322577285,-0.5352249693849536,0.27494069500340285,0.012411783287469034,0.23352305591106415,0.5100345611572266,-0.8278476595878601,0.024007856845855713,0.007307205814868212,-0.022559132426977158,-0.10796953737735748,-0.1288049817085266,0.2346670776605606
1724162939.976438,-0.26296277136803486,0.1321682592919373,-0.027420855664726507,0.9553168018013067,-0.5348056551169198,0.2804067644518753,0.019899149230110123,0.23810377717018127,0.5096738338470459,-0.8267642855644226,0.002129035070538521,-0.05017771199345589,-0.025147927924990654,0.04547750577330589,0.16675251722335815,0.047623783349990845
1724162940.0192308,-0.26216326141160273,0.13497902966062464,-0.027361707202682654,0.9551452047498974,-0.533087073995691,0.286643441022965,0.02148721874332148,0.243502676486969,0.5081945061683655,-0.8261021971702576,-0.012435452081263065,-0.003848215565085411,-0.008012548089027405,0.01623602770268917,0.15029557049274445,0.05234910547733307
1724162940.051295,-0.2624710368900231,0.13705964724475503,-0.026926827796953632,0.954776693222324,-0.533538973403611,0.291672078620129,0.02384646422567022,0.2475876808166504,0.5085836052894592,-0.8246472477912903,-0.005758934188634157,-0.014827808365225792,0.0047521130181849,-0.12950178980827332,0.04315562918782234,0.03671865910291672
1724162940.1117969,-0.26421169480595913,0.1364639708835646,-0.027796695610933404,0.9543568390841177,-0.5373845839700765,0.29016382088493914,0.022183079958440658,0.24578221142292023,0.5118910074234009,-0.8231395483016968,0.02525530941784382,-0.04919908195734024,0.0063330186530947685,-0.05395768955349922,-0.00655258959159255,-0.14925158023834229
1724162940.144198,-0.26542436289460836,0.13528943996967088,-0.031892720176000054,0.9540594550867251,-0.5411135130958779,0.2852772655913505,0.01279076823589463,0.24121811985969543,0.5150907635688782,-0.8224933743476868,0.016676411032676697,-0.03688310459256172,0.013494359329342842,-0.00557470740750432,0.006602935027331114,-0.2851724326610565
1724162940.1829681,-0.2650725642991629,0.13380254102998404,-0.036920316149007044,0.9541856216732418,-0.5418675679263389,0.2787916910560033,0.0005568688542789464,0.2357717901468277,0.5157369375228882,-0.8236668109893799,0.015615486539900303,-0.01544188056141138,0.031147241592407227,0.06501860171556473,-0.04467391595244408,-0.23680083453655243
1724162940.211818,-0.2644657000804948,0.13299523825386989,-0.040473034643097934,0.9543227704022855,-0.541633906951895,0.27470119784670066,-0.008056548407659415,0.23243330419063568,0.5155367255210876,-0.8247403502464294,0.027088869363069534,-0.005407990887761116,0.00792645663022995,0.030072174966335297,0.04548736661672592,-0.1487395465373993
1724162940.263401,-0.2646118803319811,0.13377692598530672,-0.04325333115431719,0.9540510284148291,-0.5427340300556553,0.2748104091654659,-0.013703389272793085,0.2323693335056305,0.5164790749549866,-0.8241685628890991,0.00031203386606648564,-0.005950246937572956,0.017132272943854332,-0.003480676095932722,0.04064511880278587,-0.13266529142856598
1724162940.3154302,-0.2646811534288584,0.13350135677527766,-0.04545300040617639,0.95396813990289,-0.5434953649374917,0.2728546378378258,-0.018754135275720507,0.23065097630023956,0.5171308517456055,-0.8242425322532654,-0.008057569153606892,0.004127521067857742,0.01254636887460947,0.019713470712304115,-0.04721269756555557,-0.09813934564590454
1724162940.350337,-0.264774609020563,0.13204517857496606,-0.04643588558153354,0.9540975045186726,-0.5439323949945725,0.2689585865146973,-0.02183735012771833,0.22737786173820496,0.517504870891571,-0.8249169588088989,-0.009192148223519325,0.015443741343915462,-0.0014826174592599273,-0.011834735050797462,-0.07895784825086594,-0.06082935631275177
1724162940.380793,-0.265679038627301,0.12811171047204292,-0.04623195924570213,0.9543922797951088,-0.5456452547542432,0.26026800038799447,-0.023602837811001663,0.2199719250202179,0.5189697742462158,-0.8260040879249573,-0.03635801374912262,0.027395334094762802,0.01613312028348446,-0.06377816200256348,-0.34554868936538696,-0.045707400888204575
1724162940.4167628,-0.2685589617401341,0.11897424637859101,-0.044143132911787834,0.9548677949874547,-0.5508132824002834,0.24115168002648704,-0.02394141700571829,0.20349927246570587,0.5233803987503052,-0.8274424076080322,-0.03673583269119263,0.04863061383366585,0.017113760113716125,-0.19493962824344635,-0.629391610622406,-0.027897978201508522
1724162940.471709,-0.2755155513912305,0.10683827400861928,-0.03987468930933029,0.9545086457023497,-0.5638973884902709,0.21701962192272758,-0.02041161550618319,0.18198390305042267,0.5344842672348022,-0.8253535628318787,-0.009610263630747795,0.04177463799715042,0.009729658253490925,-0.4326750338077545,-0.7016443610191345,0.08749514073133469
1724162940.500824,-0.282789496537134,0.09665025937506688,-0.03301853135614051,0.9537287824044967,-0.5773333808522769,0.1990411130038597,-0.009927221348570022,0.16568167507648468,0.5457914471626282,-0.8213776350021362,0.024580255150794983,-0.016919752582907677,-0.012168983928859234,-0.23309515416622162,-0.501915693283081,0.17671914398670197
1724162940.538063,-0.28587670764784845,0.09089298594083457,-0.026917495182789374,0.953566086825373,-0.5824814526634535,0.19029105145924083,0.0007581774465160941,0.15795475244522095,0.5500978827476501,-0.8200259804725647,0.0235743410885334,0.0001793297124095261,-0.02786576747894287,-0.14460255205631256,-0.2533835470676422,0.19329127669334412
1724162940.627887,-0.28736001200855876,0.08986580240454636,-0.021994373573917477,0.9533438617974379,-0.5845916514846856,0.191476408214572,0.011645349528340438,0.15870539844036102,0.5518589019775391,-0.8186967372894287,0.019266003742814064,-0.018048418685793877,-0.01992335170507431,-0.04857487976551056,-0.05535028502345085,0.16457724571228027
1724162940.638138,-0.2871728663784676,0.090758892690416,-0.01991547265005533,0.9533613404391794,-0.5837706365544034,0.19492274143392868,0.016963737886153123,0.16161365807056427,0.5511740446090698,-0.8185891509056091,0.006327698938548565,-0.007921685464680195,-0.009824716486036777,0.0002503969008103013,0.031881965696811676,0.04880954697728157
1724162940.671865,-0.2868079749721044,0.09219562116830997,-0.01956658794365213,0.9533405889841637,-0.5829142590464517,0.1984144606805675,0.01866001530115038,0.16456393897533417,0.5504592657089233,-0.8184823393821716,0.0022256227675825357,0.0014548006001859903,-0.01022301521152258,-0.014431197196245193,0.0965140238404274,0.016749735921621323
1724162940.700655,-0.28700335567030666,0.09368221596158495,-0.0198010331681399,0.9531319376667112,-0.5833393748850233,0.2017144151891933,0.019205219187926042,0.16721709072589874,0.550814151763916,-0.8177054524421692,-0.006853094324469566,-0.0020967149175703526,0.011642981320619583,-0.030232034623622894,0.03193075209856033,-0.004836385138332844
1724162940.738968,-0.28734325310066644,0.093910542076971,-0.01933780642830503,0.9530165659203234,-0.5839429616943829,0.20261122816919808,0.020510509358482653,0.16788341104984283,0.5513178110122681,-0.8172293305397034,-0.008920450694859028,0.012418946251273155,0.015497461892664433,-0.029410704970359802,-0.028147855773568153,0.08082612603902817
1724162940.781698,-0.28871156301802714,0.09315521142031365,-0.016726036314615795,0.95272654476186,-0.5862517813142869,0.20287845347384945,0.026316080433886554,0.16784487664699554,0.553242564201355,-0.815935492515564,-0.014201466925442219,0.020000416785478592,0.01850511133670807,-0.12009631842374802,-0.12612231075763702,0.16412268579006195
1724162940.810658,-0.29045912545458585,0.09106856337241571,-0.011802974978416286,0.9524707604768587,-0.5889129354032746,0.2017442329217643,0.036589966606057615,0.16662371158599854,0.5554574131965637,-0.8146800398826599,0.0009583944920450449,-0.006878369953483343,0.005386753007769585,-0.06515559554100037,-0.17802347242832184,0.2297074794769287
1724162940.850543,-0.28802611070875894,0.09093914350329357,-0.004789742716097445,0.9532827463096948,-0.5823783595223319,0.20574825739944333,0.051814334785652026,0.17062227427959442,0.5500118136405945,-0.8175420761108398,-0.03360486775636673,-0.03251270949840546,0.035633571445941925,0.4665195941925049,-0.0630459263920784,0.4440981149673462
1724162940.9190922,-0.27112502876804667,0.08998172021133655,0.006687483150792287,0.9583055948165624,-0.5450230036904662,0.20740485133591197,0.07211112145718093,0.17608624696731567,0.5184378027915955,-0.8367890119552612,-0.07602205872535706,0.19276146590709686,0.022075096145272255,0.9143187999725342,-0.34876662492752075,1.1496448516845703
1724162940.9634829,-0.2542636636174301,0.0954731768219936,0.0391417987964512,0.961614627698456,-0.5024033986936344,0.23435643704575843,0.14176309035195803,0.2035214751958847,0.48153334856033325,-0.8524697422981262,-0.020563410595059395,0.1429828256368637,0.0029969802126288414,0.5750198364257812,-0.1493397355079651,2.0025103092193604
1724162940.991632,-0.2408752450625926,0.10260140893319322,0.07800670014367432,0.961959938308761,-0.46387556852932604,0.26586279397610907,0.22497393449345038,0.2349766492843628,0.4474174976348877,-0.8629041314125061,-0.03252759203314781,0.023213805630803108,0.009935171343386173,0.39543601870536804,-0.23207105696201324,1.9762682914733887
1724162941.009089,-0.2297252998027231,0.10627776349138215,0.11409728131294755,0.9606836286432362,-0.430290304222465,0.28625251950753744,0.29938986138943813,0.2566206753253937,0.41713467240333557,-0.8718626499176025,-0.020137576386332512,-0.036268673837184906,0.02879558503627777,0.30074694752693176,-0.3529801666736603,1.6949687004089355
1724162941.0729918,-0.22032750909880627,0.10591398560614763,0.14467028404753662,0.9588057417343796,-0.4026495272587453,0.29427684222359635,0.3599901072169271,0.266851544380188,0.3918573558330536,-0.8804760575294495,-0.011125163175165653,-0.04145677015185356,0.026940884068608284,0.19000881910324097,-0.46991559863090515,1.356447458267212
1724162941.103261,-0.21486847665318673,0.10248932363025737,0.168890297242514,0.9564535751175683,-0.385912345477376,0.294180480367147,0.4074370762211672,0.2686309516429901,0.3764045536518097,-0.8866549730300903,0.02607114613056183,-0.025415310636162758,-0.019210318103432655,-0.06364751607179642,-0.3950086236000061,0.9962013959884644
1724162941.134253,-0.21510025854638237,0.09962318483319167,0.1855148638778972,0.9536200776519183,-0.38254712375036976,0.2951010284708674,0.44182138986906155,0.2698139250278473,0.3732846975326538,-0.8876141905784607,0.034737858921289444,-0.05304761603474617,-0.02629327028989792,-0.20739547908306122,-0.2008972018957138,0.567141056060791
1724162941.2583718,-0.2175253530462706,0.09692903083501439,0.1935331274536313,0.9517522049970333,-0.3860612736825007,0.29427844976718426,0.45914123327332595,0.26870155334472656,0.3765425384044647,-0.8865749835968018,0.03344860300421715,-0.06134948879480362,-0.028874803334474564,-0.16698792576789856,-0.1279362291097641,0.15421564877033234
1724162941.2710981,-0.2194310696651141,0.09478733927429381,0.19529458975003275,0.9511704851868762,-0.3902393756357627,0.291773737713188,0.46307259186953476,0.26602521538734436,0.3804098069667816,-0.8857307434082031,-0.010331228375434875,-0.011131213046610355,0.0143577354028821,-0.06383290141820908,-0.15636542439460754,0.03157765045762062
1724162941.2728791,-0.2187148173815549,0.09047689925865586,0.20013404670172005,0.9507491706904182,-0.3894404756778883,0.28441591085582846,0.47140318113105656,0.2595862150192261,0.3796708583831787,-0.8879555463790894,-0.01594921387732029,0.038784727454185486,0.016599830240011215,-0.02230019122362137,-0.34541046619415283,0.3971267342567444
1724162941.298172,-0.2158488485716254,0.08685459458814916,0.21199576380217103,0.9491697502791151,-0.382163518816792,0.27997561084539746,0.49398620214565925,0.2563975751399994,0.37292879819869995,-0.8917310833930969,-0.00040335545781999826,0.029254533350467682,-0.0015219227643683553,-0.019302887842059135,-0.316227525472641,0.6941069960594177
1724162941.336813,-0.21408271319559574,0.0833781358063264,0.22633545882210615,0.9465668633491995,-0.3763671688401966,0.2774752262390423,0.5225808826908522,0.2547549605369568,0.36754435300827026,-0.8944333791732788,-0.0023727226071059704,-0.010853997431695461,-0.0012215697206556797,0.010121244937181473,-0.3463791608810425,0.6581610441207886
1724162941.38334,-0.21337104058533707,0.08009874648132004,0.23915340999159693,0.9438551573405655,-0.37306459750955634,0.275436903531059,0.5486147537779382,0.2532600462436676,0.3644709587097168,-0.8961139917373657,0.01131866592913866,-0.011754365637898445,-0.02215716429054737,-0.11502363532781601,-0.2491845190525055,0.5669462084770203
1724162941.414361,-0.2145924031348722,0.07775358473593125,0.24939355284178044,0.9411202466132939,-0.37377461600409806,0.2756570971315793,0.5705305323069044,0.25338685512542725,0.36513203382492065,-0.8958089351654053,0.01584300771355629,-0.024914568290114403,-0.019406773149967194,-0.17622151970863342,-0.15575186908245087,0.3990024924278259
1724162941.4884691,-0.21727844733275756,0.07623306631835644,0.25545570148029856,0.9389999396071442,-0.3780410539747568,0.277016148427985,0.584567850961653,0.25417572259902954,0.36910057067871094,-0.8939571976661682,0.027580387890338898,-0.03463485836982727,-0.03390693664550781,-0.23395168781280518,-0.026997843757271767,0.16967354714870453
1724162941.5654778,-0.22144874340426654,0.07639610753336677,0.2566655668265058,0.93768158499346,-0.38556240881558745,0.28098769024435116,0.5895583192666282,0.25694698095321655,0.37608033418655396,-0.89024817943573,0.013176685199141502,-0.026201985776424408,-0.024648234248161316,-0.24409987032413483,0.10040921717882156,-0.03549506887793541
1724162941.5793881,-0.22582919293193557,0.07725674651784009,0.25535996138527944,0.9369225329277688,-0.39381304140363715,0.28552705865390554,0.5895121508700817,0.26010262966156006,0.38371238112449646,-0.8860651254653931,-0.014583954587578773,-0.005336130503565073,0.007819762453436852,-0.24022257328033447,0.055471841245889664,-0.06063609942793846
1724162941.585737,-0.2295818048871091,0.07735925746820359,0.2549571002227389,0.9361114019094484,-0.4010461603582213,0.2884564928803974,0.590838871628998,0.26190078258514404,0.39038172364234924,-0.8826155066490173,-0.009097151458263397,-0.007167849689722061,0.008753613568842411,-0.20210890471935272,0.036872394382953644,-0.014685328118503094
1724162941.628339,-0.23249175980643672,0.0772215038741499,0.25552848605806094,0.9352483963262964,-0.4065147335830701,0.2906939341422955,0.5937412697766067,0.26325908303260803,0.3954105079174042,-0.8799688220024109,-0.00557154044508934,-0.01052422821521759,0.005965059157460928,-0.12770245969295502,0.03235745429992676,0.04173067957162857
1724162941.698494,-0.2339532908756793,0.07743098121617004,0.2569900813196127,0.9344657785711431,-0.4087304756859973,0.29291643049434485,0.5978844989246282,0.26496055722236633,0.3974447250366211,-0.878540575504303,-0.004561601206660271,-0.011586621403694153,0.0040747178718447685,-0.050358109176158905,0.019594650715589523,0.08921673148870468
1724162941.7482982,-0.23409250363418524,0.07802659471396568,0.25841163861069666,0.9339892396000625,-0.408195568816184,0.29486814361990227,0.6013043280350565,0.2667364478111267,0.396953821182251,-0.8782250881195068,0.002140884753316641,-0.01090114563703537,-0.0033241051714867353,0.010386655107140541,0.02849069982767105,0.05613090470433235
1724162941.761013,-0.2338125561409155,0.0789099037706664,0.2592226645357218,0.9337603583247276,-0.40687275430029124,0.29679887627719653,0.6032455787553057,0.2685849070549011,0.39573934674263,-0.8782098293304443,-0.0036726691760122776,-0.003872654167935252,0.001727800234220922,0.017048805952072144,0.03210163116455078,0.04857989028096199
1724162941.861001,-0.23329367189941896,0.07943052708733767,0.25975683457095944,0.9336975626732515,-0.4053998381968004,0.2976778870329869,0.6042976349361036,0.269527405500412,0.3943862318992615,-0.8785297274589539,0.0033714110031723976,-0.0011199892032891512,-0.003623315365985036,0.016277680173516273,0.036773089319467545,0.013254590332508087
1724162941.873146,-0.23324118490932705,0.07999191445949168,0.25971819565730336,0.9336735324865433,-0.40497037380398615,0.2987586959391682,0.6043937655839753,0.27052661776542664,0.3939915597438812,-0.878399670124054,0.00509007228538394,-0.006067255511879921,0.0010843179188668728,0.0081755006685853,0.014768395572900772,-0.01906709372997284
1724162941.875122,-0.2334415625256509,0.08077161470570113,0.2586025316416666,0.9338659411337145,-0.40523067178874034,0.30001186737239083,0.602372678459233,0.27159687876701355,0.39423078298568726,-0.8779619932174683,0.010933227837085724,-0.002908147405833006,-0.008668321184813976,-0.002995364600792527,0.0666099488735199,-0.07233275473117828
1724162941.8964381,-0.23454838509930132,0.08227901751366055,0.2559520028206811,0.9341871628504566,-0.40727121580352516,0.30278975382312606,0.59782879254386,0.2737942636013031,0.39610522985458374,-0.8764344453811646,0.013243155553936958,-0.008781720884144306,-0.003124202135950327,-0.030765647068619728,0.14879100024700165,-0.16463497281074524
1724162941.936801,-0.23626438601930203,0.08411931071769346,0.2512775175567416,0.9348596923808905,-0.41094248050633814,0.305827131237361,0.5893781607174153,0.27601534128189087,0.39947354793548584,-0.8742061853408813,0.0028424651827663183,-0.005320596043020487,0.0034998615738004446,-0.05261719971895218,0.16202412545681,-0.2553853690624237
1724162941.971261,-0.23831285761159213,0.08531740854541238,0.245542609013928,0.935754571851682,-0.4160018901532648,0.3073189057630524,0.578583505004539,0.27670422196388245,0.40410658717155457,-0.8718558549880981,0.004249134100973606,-0.002147452440112829,0.0014590532518923283,-0.06849057972431183,0.13970546424388885,-0.2916824519634247
1724162942.029111,-0.24027076865330738,0.08613471240645934,0.2392362151107096,0.9368119606997791,-0.4213184655314988,0.3076599149043901,0.5663448025793998,0.27634698152542114,0.40896397829055786,-0.8697015643119812,0.0047668712213635445,-0.006688275840133429,0.0017651624511927366,-0.03374817967414856,0.12671919167041779,-0.3374612331390381
1724162942.074226,-0.24162220895441772,0.08705690352837822,0.23214815793083912,0.9381614359675803,-0.42568097143768663,0.30734549567543273,0.5520790576015803,0.275531142950058,0.4129410982131958,-0.8680796027183533,-0.005600625649094582,0.0033128184732049704,0.00876741111278534,0.0032195791136473417,0.10418404638767242,-0.3292616903781891
1724162942.114517,-0.24219665300332066,0.08751271760650733,0.226078002824337,0.939452431586052,-0.4284870084704031,0.30591464968434545,0.5393770527023672,0.27393874526023865,0.4154950976371765,-0.8673645853996277,-0.0028643663972616196,0.011862382292747498,0.009460329078137875,0.014464014209806919,0.05812716484069824,-0.26508182287216187
1724162942.132123,-0.24271190183568958,0.08829709733557571,0.22106235625030105,0.940439202350706,-0.4306628799339423,0.30559061490297096,0.5290822148869472,0.27338501811027527,0.4174732565879822,-0.8665891289710999,0.004888394381850958,0.00856001116335392,0.0003233568277209997,0.015236176550388336,0.10150500386953354,-0.23355327546596527
1724162942.186785,-0.24352250737266457,0.08954821494849073,0.21550387558938686,0.9414009981959869,-0.43334470613220544,0.3061850357257132,0.5179867682072864,0.27356162667274475,0.41990870237350464,-0.8653557896614075,0.01539169903844595,-0.005123642738908529,-0.008572682738304138,0.020401079207658768,0.15810520946979523,-0.2999367117881775
1724162942.2157888,-0.24465095272279636,0.0920293403640627,0.20772926457605115,0.9426159966864724,-0.43674188976538436,0.308511029187943,0.5027988039852632,0.2751389741897583,0.42298945784568787,-0.8633530139923096,0.028311612084507942,-0.016696546226739883,-0.02139987237751484,0.02771941013634205,0.2737688422203064,-0.4346878230571747
1724162942.246842,-0.24606635558621529,0.09732235701718839,0.1949715076155345,0.9444393707364996,-0.4409948371572589,0.31454232243898284,0.478222396328429,0.2797819674015045,0.42683935165405273,-0.8599594235420227,0.0508749820291996,-0.06350411474704742,-0.043578531593084335,0.1366843432188034,0.5770713090896606,-0.7618476748466492
1724162942.301729,-0.24628456796060533,0.10592975349410214,0.17313041618980618,0.9477069653044321,-0.44463885220861127,0.3224275525303612,0.4348736238136069,0.2860594093799591,0.4301318824291229,-0.8562455773353577,0.018233047798275948,-0.06283386051654816,-0.02204371616244316,0.2648022174835205,0.7270146012306213,-1.1469618082046509
1724162942.334303,-0.2457054301703299,0.1161923149907062,0.1432858091205518,0.9516287265963951,-0.44930905568533114,0.3296188410108477,0.3748674751148396,0.29155609011650085,0.43434327840805054,-0.8522563576698303,0.010226980783045292,-0.05506052449345589,-0.02715827338397503,0.3862959146499634,0.9329692721366882,-1.4813292026519775
1724162942.412,-0.24378020793881644,0.1282279146088321,0.10666636446650274,0.9553799827500984,-0.4538736186413795,0.33681018200482515,0.3008529798285332,0.2970190644264221,0.43845027685165405,-0.8482576012611389,-0.014753596857190132,-0.03872867301106453,-0.019917741417884827,0.5011103749275208,1.0274572372436523,-1.7132326364517212
1724162942.424413,-0.24045451159806386,0.14087323059708837,0.06737316464659324,0.9580172763399756,-0.45753389741121747,0.34370573893433154,0.2212028700054356,0.3023183345794678,0.44173702597618103,-0.8446727395057678,-0.05027725547552109,0.020407088100910187,0.004552086349576712,0.5022409558296204,1.002274513244629,-1.6712327003479004
1724162942.480782,-0.23735666239133615,0.15175340023007677,0.031800500287563135,0.9589688941722883,-0.4618260963162409,0.3490176949046404,0.1491501828728312,0.3061496913433075,0.44558364152908325,-0.8412654399871826,-0.049075815826654434,0.04402529075741768,0.007055226713418961,0.4107614755630493,0.8781619668006897,-1.4384647607803345
1724162942.49247,-0.23426381130635918,0.16102139282129094,0.0017962100720819558,0.9587435928062173,-0.46521996464319154,0.35374558920430377,0.0883830765451514,0.30959802865982056,0.44861939549446106,-0.8383851647377014,-0.06976328790187836,0.053806766867637634,0.031369760632514954,0.3679494857788086,0.6838732957839966,-1.1513547897338867
1724162942.5308762,-0.23089688862251578,0.16617961417092025,-0.02032321405790367,0.9584664153196197,-0.4660582468506542,0.35339046695428217,0.042305810291600805,0.3091700077056885,0.4493684470653534,-0.838141918182373,-0.055146098136901855,0.06785303354263306,0.03431200608611107,0.3041575849056244,0.39167237281799316,-0.7982279658317566
1724162942.578218,-0.22731669841051427,0.16780200434678588,-0.03420524484756217,0.9586446292727255,-0.46375682818406505,0.34939751826249743,0.011971782057397908,0.3061741292476654,0.44731128215789795,-0.8403392434120178,-0.03269954398274422,0.054539162665605545,0.035624969750642776,0.27498355507850647,0.1010793000459671,-0.4860314726829529
1724162942.630714,-0.22358407486849297,0.16703629685269705,-0.043701840231066935,0.959270128162791,-0.45956093112562685,0.3424116972960247,-0.010209890268483129,0.30092379450798035,0.4435546398162842,-0.8442180752754211,0.0007976103224791586,0.031018253415822983,0.013263433240354061,0.25224927067756653,0.05761152133345604,-0.41320836544036865
1724162942.6705952,-0.22070627209311103,0.1660058744743332,-0.05220037049982889,0.9596904695755425,-0.4566574676917588,0.3355969749689597,-0.02999266308983298,0.29558661580085754,0.44095054268836975,-0.8474615812301636,0.00853912066668272,0.016804289072752,0.0011719162575900555,0.19043225049972534,0.05490478500723839,-0.38619184494018555
1724162942.713076,-0.2192724450898297,0.16551131582854586,-0.061016783041266,0.9595845496399514,-0.4567335543912613,0.3300679415754572,-0.04962202182442797,0.2908855974674225,0.44101884961128235,-0.8490511775016785,0.0020714642014354467,0.005861354060471058,-0.0006739454111084342,0.17467017471790314,0.08497211337089539,-0.43068206310272217
1724162942.745493,-0.21771392533658163,0.16520992787266991,-0.06968763691462027,0.9594007732975783,-0.4564629962925043,0.32505183942258775,-0.06888084049279061,0.2866611182689667,0.440775990486145,-0.8506126403808594,-0.016625259071588516,0.02518492564558983,0.01227842178195715,0.1482851505279541,0.031089894473552704,-0.36909133195877075
1724162942.777931,-0.21684355778886327,0.1637156429681839,-0.07500906987263377,0.959452760233058,-0.45633668882386946,0.31911589731774775,-0.08133747112676594,0.28162437677383423,0.4406626224517822,-0.8523521423339844,-0.025156162679195404,0.049134667962789536,0.017467578873038292,0.04948269575834274,-0.08328508585691452,-0.1477264016866684
1724162942.806292,-0.21765278924405998,0.1608040098508042,-0.07429178594161907,0.9598176757125276,-0.45750025860271054,0.31311393401239596,-0.08102659291214687,0.276345431804657,0.4417068362236023,-0.8535386919975281,-0.009977392852306366,0.04772670194506645,0.005179391708225012,-0.07053963840007782,-0.1819210946559906,0.1311488002538681
1724162942.8527951,-0.22065771351800975,0.15701671400879236,-0.06820722095722191,0.960210168587069,-0.4613695824717184,0.3079770914064888,-0.06895079183743458,0.2714371979236603,0.445174902677536,-0.8533118367195129,-0.0014025609707459807,0.01720387302339077,0.005221344996243715,-0.20734642446041107,-0.3170689344406128,0.32673102617263794
1724162942.8843179,-0.2261131756286434,0.15318441346128175,-0.06124257031962125,0.960029458397005,-0.47003045008238503,0.3034715356271907,-0.05421877860160368,0.266427606344223,0.45291343331336975,-0.8508147597312927,0.0680370107293129,-0.06124856323003769,-0.02356918528676033,-0.2926647663116455,-0.1747497320175171,0.10228192806243896
1724162942.9383302,-0.23380764180903182,0.15352711443598235,-0.06284720040392992,0.9580259167868216,-0.4862174480233998,0.3041538989144469,-0.05502889897307529,0.26477760076522827,0.46728506684303284,-0.8435268402099609,0.0584363229572773,-0.08714675903320312,-0.03634132444858551,-0.4575563669204712,0.16333158314228058,-0.3735824525356293
1724162942.971737,-0.2448360384086686,0.15468262022726234,-0.07247816850790377,0.9543979342514843,-0.5118193257044925,0.30254180632468153,-0.07186538473063571,0.25976699590682983,0.4897642433643341,-0.8322572112083435,-0.015625085681676865,-0.08870544284582138,0.009722155518829823,-0.6262120008468628,0.007554223760962486,-0.766622006893158
1724162943.013071,-0.2589017698886378,0.1502524139743074,-0.08424855173206253,0.9504189484509958,-0.543865239570576,0.2866938461729088,-0.09637462426949805,0.24198128283023834,0.5174474120140076,-0.8207882046699524,-0.021504301577806473,-0.05988142639398575,0.0640384629368782,-0.7096729874610901,-0.2325448989868164,-0.7226876020431519
1724162943.043045,-0.2699589187123252,0.1475366905701446,-0.09152937661932377,0.9470888907237406,-0.5684875137802654,0.27648651028557314,-0.1114366448724837,0.23004236817359924,0.5383580923080444,-0.8107101917266846,0.040166571736335754,-0.022864913567900658,0.001012949156574905,-0.26264768838882446,0.38185960054397583,-0.109746053814888
1724162943.081234,-0.26897426041917216,0.15277563352272688,-0.08872671680472928,0.9468051029862141,-0.5662166229919023,0.29029871444541455,-0.10187618411238959,0.24156709015369415,0.5364429950714111,-0.8086249232292175,-0.06648340821266174,0.0651402473449707,-0.00856236182153225,0.098607636988163,-0.05087742954492569,0.3870021402835846
1724162943.1385288,-0.26943709710220864,0.15368509021854126,-0.07893740108664217,0.9473929110171431,-0.5642575393978424,0.2987027652729687,-0.07908080835879254,0.24866299331188202,0.5347886085510254,-0.8075690865516663,0.008532244712114334,0.037273380905389786,-0.06280345469713211,-0.27220749855041504,-0.12366731464862823,0.3518867790699005
1724162943.165479,-0.27784768751020195,0.1510099911840378,-0.07613987939239196,0.9456210967104511,-0.5805369961713245,0.295223076711647,-0.07191761401845646,0.2432858794927597,0.548473060131073,-0.7999932765960693,0.04854986071586609,-0.08023849874734879,-0.013722408562898636,-0.49128299951553345,-0.067100390791893,-0.3700586259365082
1724162943.218039,-0.289125304379058,0.14319983612444553,-0.0856174514396061,0.9426398859463702,-0.6060226347262421,0.2715549849744792,-0.09578521676283804,0.22046341001987457,0.569602906703949,-0.7918007373809814,-0.057109709829092026,-0.04511421173810959,0.0816168412566185,-0.3703687787055969,-0.5102408528327942,-0.7364726662635803
1724162943.2494059,-0.2977656578132017,0.13429115224714638,-0.09161434189955786,0.9406956226290629,-0.6246577577294771,0.24670595798330025,-0.11414317463408973,0.19809497892856598,0.5848197340965271,-0.7866030335426331,0.01125737838447094,0.04142184183001518,-0.033913593739271164,-0.41958004236221313,-0.09129191935062408,-0.1647869497537613
1724162943.278215,-0.3046781656830455,0.1360140565052044,-0.09599616750046576,0.9377932056770665,-0.6404594281493657,0.24773069562096425,-0.12148279868347933,0.1966102421283722,0.5975639224052429,-0.7773427963256836,-0.060457874089479446,0.010687115602195263,0.014665662311017513,-0.2346915751695633,0.049848612397909164,-0.5085693597793579
1724162943.337878,-0.3154889007508761,0.13500146682439523,-0.09516785904140142,0.9344433366100547,-0.6627773930116877,0.24637299170108642,-0.11783769389118998,0.19225363433361053,0.6153086423873901,-0.7644827365875244,-0.0022412920370697975,0.12171544134616852,-0.09735030680894852,-0.946553647518158,0.18426629900932312,0.3714768886566162
1724162943.377067,-0.32547611256184716,0.14113032605562637,-0.1012851362301086,0.929456202467708,-0.6862239553893313,0.25669542199465223,-0.12494427485020558,0.19641712307929993,0.6336203813552856,-0.7482950687408447,-0.007564608007669449,-0.12918588519096375,-0.03738223761320114,-0.012739894911646843,0.5049796104431152,-1.030205488204956
1724162943.429601,-0.3266046852956265,0.1391225132457713,-0.11134477855080095,0.9282114906441077,-0.6909863285501857,0.24315528090074862,-0.1508756817529293,0.18553876876831055,0.6372975707054138,-0.7479485869407654,-0.0751817598938942,0.1583065241575241,-0.00755274947732687,-0.13637012243270874,0.016280794516205788,0.0733780562877655
1724162943.480739,-0.32735443271646525,0.14142937806781905,-0.11000036274696892,0.9277589573379675,-0.6925822140367898,0.25000604195487686,-0.14540871565770563,0.19040653109550476,0.6385266184806824,-0.7456735968589783,-0.04133058711886406,0.03267418593168259,0.03119412250816822,-0.07143932580947876,-0.006872011348605156,0.09989136457443237
1724162943.493353,-0.32475093598916505,0.14211429427970448,-0.11124703787446784,0.9284203492838378,-0.6875301017331916,0.250575310423337,-0.14839887998252513,0.19162844121456146,0.6346303820610046,-0.7486807107925415,-0.054104000329971313,0.025281311944127083,0.036596618592739105,0.21056391298770905,-0.006076388526707888,-0.08487891405820847
1724162943.533237,-0.3204825600483758,0.14196667461218043,-0.11133389190868653,0.929914522874321,-0.6785362498746107,0.2500935215548713,-0.14964910692417702,0.19267259538173676,0.6276541948318481,-0.7542727589607239,-0.07168709486722946,0.08353941887617111,0.05197373032569885,0.2493596225976944,-0.06889645755290985,0.2012050747871399
1724162943.599516,-0.3160957452155612,0.14213722476853785,-0.10800690332008064,0.9317805172259143,-0.6684461759506725,0.2532118962188764,-0.14245579640004719,0.19660034775733948,0.6197673082351685,-0.7597609758377075,-0.06766171008348465,0.09388037025928497,0.024096695706248283,0.27336356043815613,-0.07111544907093048,0.227384552359581
1724162943.6379108,-0.31359102568189845,0.14159549394460483,-0.09930540863100568,0.9336753570534273,-0.6607470221199124,0.2588888264305853,-0.12269866764971202,0.20212587714195251,0.6137068271636963,-0.7632227540016174,-0.03654342517256737,0.1148500144481659,-0.013441015034914017,0.005257437936961651,-0.06519723683595657,0.6377856135368347
1724162943.649883,-0.3129652357422192,0.14242831240183135,-0.08973178564799304,0.9347272136223403,-0.656862122995489,0.26851909448474953,-0.09941618360458568,0.21009737253189087,0.610634982585907,-0.763533890247345,-0.013492785394191742,0.013945379294455051,0.014719253405928612,-0.005951915867626667,-0.09901992976665497,0.41671833395957947
1724162943.694222,-0.3134809452793319,0.1394398991416542,-0.08320734577993774,0.9356081850231818,-0.6558025709585908,0.26653766548726154,-0.08625249954690176,0.20875437557697296,0.6097955107688904,-0.7645724415779114,0.007564501836895943,-0.04697459191083908,0.03498217090964317,0.0745609849691391,-0.3308601677417755,0.1874404400587082
1724162943.7231178,-0.31154877616188625,0.13504805847891516,-0.080023688911123,0.9371742426362414,-0.6504757377185941,0.2582852049933322,-0.08283472444169576,0.20326454937458038,0.605565071105957,-0.7693987488746643,0.04446621984243393,-0.06724568456411362,-0.0010083261877298355,0.2419682741165161,-0.17237204313278198,-0.056369442492723465
1724162943.7789478,-0.30841553308983705,0.1318946010496775,-0.08135785909770073,0.9385437771329018,-0.6439815496719054,0.24940875998630982,-0.08934992769832274,0.19739365577697754,0.6003842949867249,-0.77496737241745,0.01631690002977848,-0.018541982397437096,-0.0035641139838844538,0.11769760400056839,-0.06821691244840622,-0.12681317329406738
1724162943.817974,-0.3056147526075998,0.12976516600008361,-0.08452644849533358,0.9394763155958239,-0.6387256684178559,0.24168855772418874,-0.09919014849899659,0.1921575367450714,0.5961728096008301,-0.7795212268829346,-0.0009879961144179106,-0.0033092303201556206,-0.0006860187277197838,0.2051931917667389,-0.07261383533477783,-0.15932515263557434
1724162943.854852,-0.3011123585681853,0.12830587753321646,-0.08704142334497439,0.9408999178954934,-0.6297825510926345,0.23608689453681636,-0.1072710919510877,0.18902747333049774,0.5889690518379211,-0.785737931728363,0.02297593280673027,0.01057105977088213,-0.028476262465119362,0.2880193889141083,0.024866139516234398,-0.08712130784988403
1724162943.9167871,-0.29653461376381246,0.12927930199297488,-0.08833061146850496,0.9420996253113818,-0.6206559961666667,0.23725647974685424,-0.11056466927169606,0.19120179116725922,0.5815689563751221,-0.7907081842422485,0.014521592296659946,0.008292880840599537,-0.02616325579583645,0.2138863354921341,0.1091281846165657,0.035787299275398254
1724162943.9287028,-0.29298054196898216,0.13126846047187127,-0.08857636667929761,0.9429131097248759,-0.613539432319415,0.24163460392475547,-0.11044916229266201,0.195647194981575,0.5757649540901184,-0.793861985206604,0.01207538228482008,-0.004005470313131809,-0.017531372606754303,0.11720211058855057,0.12098090350627899,0.051127929240465164
1724162943.973744,-0.2918262662982127,0.13350707018528984,-0.08817060617049789,0.9429947424814018,-0.6112896815162948,0.24714104099211767,-0.10811891353344673,0.2003319263458252,0.5739240646362305,-0.7940266132354736,-0.0044737462885677814,-0.024732789024710655,0.01453694049268961,-0.001305972458794713,0.06883638352155685,0.020146258175373077
1724162944.0023742,-0.29251574697010274,0.1342456270683985,-0.08786682949257908,0.9427046207867458,-0.6127304965787588,0.24912539804271217,-0.10670409804288866,0.20170307159423828,0.5751034021377563,-0.7928252816200256,-0.015737317502498627,-0.012980237603187561,0.024112099781632423,-0.08424211293458939,-0.01561898086220026,0.03540939465165138
1724162944.0580711,-0.2938817044723446,0.13384492220629315,-0.08636657614160165,0.94247531359634,-0.6151388901361714,0.24933635560710204,-0.10319306314039904,0.20152795314788818,0.5770719647407532,-0.7914381623268127,-0.007213081233203411,-0.0056100753135979176,0.00686672143638134,-0.0758693516254425,-0.04902869835495949,0.06774026155471802
1724162944.103232,-0.295092245182369,0.1333201601425565,-0.08427403692934284,0.9423609193811848,-0.6170573086000214,0.24969035579434118,-0.09843146490669699,0.2015341818332672,0.5786376595497131,-0.7902926206588745,0.002493687439709902,-9.252605377696455e-05,-0.0087056839838624,-0.061612579971551895,-0.05818011611700058,0.08857230097055435
1724162944.134345,-0.29602538535641026,0.1332274571479937,-0.08250381267771201,0.9422380184979707,-0.6185277410068664,0.2508226503399214,-0.09415641366195608,0.20221750438213348,0.5798363089561462,-0.7892388105392456,0.0058431136421859264,0.0009889448992908,-0.020136471837759018,-0.06603335589170456,-0.011533476412296295,0.05898550897836685
1724162944.206641,-0.29782422865088154,0.13314606683029687,-0.0817875335278697,0.9417449302009585,-0.6220818728988919,0.2512773325094967,-0.09209614040462571,0.20206263661384583,0.5827283263206482,-0.787145733833313,0.010150976479053497,-0.002637790981680155,-0.01579667441546917,-0.13943316042423248,0.008740528486669064,-0.05821729451417923
1724162944.212194,-0.30349971007868853,0.13305294687575664,-0.08398623999243471,0.9397505138282981,-0.6345029130375265,0.24979843568581014,-0.095866137219981,0.1990935504436493,0.5927772521972656,-0.7803696990013123,0.0029373790603131056,-0.03227251395583153,-0.007031569257378578,-0.42845049500465393,0.022501753643155098,-0.3061272203922272
1724162944.243958,-0.31116333487889736,0.13056696657564143,-0.08790879919224241,0.937230813716526,-0.6512986150906955,0.24128245765256046,-0.10521939020460785,0.19003477692604065,0.6062197089195251,-0.7722592949867249,0.01696949452161789,-0.07047433406114578,0.019412631168961525,-0.2299496829509735,-0.09025828540325165,-0.3455655574798584
1724162944.319181,-0.3123868439386265,0.1274982456295466,-0.0930087788719231,0.9367538911596647,-0.6547690787641735,0.2299098313091465,-0.11954384139805899,0.1807595044374466,0.6089761257171631,-0.7723172903060913,0.0008817068883217871,0.012839064002037048,-0.022888587787747383,-0.02209390141069889,0.01342452596873045,-0.1747342199087143
1724162944.331191,-0.31109615043712435,0.12723315767651625,-0.0932525946774422,0.9371951233085039,-0.6520853906430714,0.22904706891639948,-0.1206065444500773,0.1804635375738144,0.6068452596664429,-0.7740617990493774,-0.0005468637100420892,0.016207706183195114,-0.007887587882578373,-0.0018594019347801805,-0.04894566908478737,0.04972153902053833
1724162944.377962,-0.31168334254819285,0.12582811002764793,-0.09386733846818925,0.9371284241445643,-0.6532833224760606,0.22519809877505353,-0.1230852337863819,0.1773204207420349,0.6077969670295715,-0.7740415930747986,-0.02961874194443226,0.030973149463534355,0.01419140212237835,-0.1782432198524475,-0.2491142600774765,-0.054105404764413834
1724162944.415504,-0.3185142575815834,0.12110200795858862,-0.09191245318353171,0.9356468089078773,-0.6665718214863574,0.2155040720709033,-0.12097717614660589,0.16806656122207642,0.6182952523231506,-0.7677659392356873,0.08784034103155136,-0.025661686435341835,-0.002719316864386201,-0.46458548307418823,-0.16509945690631866,-0.15542300045490265
1724162944.4819999,-0.32885891516182786,0.11795810890300215,-0.1031198995414024,0.9312914814068937,-0.6904117246157562,0.1982958918188002,-0.1490448797144478,0.15188296139240265,0.6368547081947327,-0.7558754086494446,-0.13059066236019135,-0.03882647305727005,0.10289621353149414,-0.32558491826057434,-0.15789054334163666,-1.0437586307525635
1724162944.5668721,-0.3418636146293362,0.0949896498197557,-0.09813826011771881,0.9297714395450972,-0.7133284009048139,0.1453662994649348,-0.1560774323656464,0.1095375195145607,0.6543543338775635,-0.748212456703186,-0.006364111322909594,0.19219349324703217,-0.05743368715047836,-0.8469054102897644,-1.0097018480300903,0.6548070907592773
1724162944.5796108,-0.3549361082881238,0.09022649732888496,-0.08140975293535312,0.9269583782946009,-0.7378689014592262,0.1485130765108038,-0.11768894631347085,0.10948188602924347,0.6727126240730286,-0.7317590713500977,0.06676897406578064,-0.10879752039909363,-0.07874784618616104,-0.42216163873672485,-0.23963399231433868,0.3682253360748291
1724162944.586122,-0.35864530925647253,0.0892044746891434,-0.07951730227411434,0.9257931878501076,-0.7453776481420946,0.14768941854755882,-0.11353173270351101,0.10813276469707489,0.6782493591308594,-0.7268322110176086,0.02859998494386673,-0.09902975708246231,-0.03753141313791275,-0.015008126385509968,-0.09517513960599899,-0.20879600942134857
1724162944.6015248,-0.3590260189299934,0.08753347585955105,-0.08914461423490004,0.924927783070926,-0.7474252071873527,0.13389889937523847,-0.13959294039995454,0.09791380167007446,0.6797525882720947,-0.726876437664032,-0.053677402436733246,0.050708118826150894,-0.03245595097541809,-0.051786839962005615,0.1736932396888733,-0.4824702739715576
1724162944.641859,-0.3631401363131364,0.08518820149888151,-0.0899265490968672,0.9234637976603997,-0.7559976679884864,0.12681869879293603,-0.14373118959252676,0.0920245498418808,0.6860148906707764,-0.7217444181442261,0.010240771807730198,0.07380414009094238,-0.04407947137951851,-0.352714866399765,0.014071156270802021,0.17596927285194397
1724162944.743279,-0.36486360401562984,0.08992306998103496,-0.09434656985625092,0.9218932345180456,-0.7610725099021186,0.13429659519907525,-0.15017871983199219,0.0969516709446907,0.6896984577178955,-0.717576801776886,-0.03160957619547844,0.017090726643800735,0.004785901866853237,0.004002795554697514,0.3194428086280823,-0.365065336227417
1724162944.755372,-0.36748955042609904,0.09066210417610708,-0.09762038456047656,0.9204357449705044,-0.7673106009826279,0.13257887761980164,-0.15774556511318602,0.09514833241701126,0.6942020058631897,-0.7134636044502258,-0.07088609784841537,0.10005922615528107,0.018396930769085884,-0.2232486605644226,0.024753138422966003,0.1715320646762848
1724162944.8095179,-0.36861127992211534,0.09381134657898099,-0.09274019522852174,0.9201762189294838,-0.7694981017010987,0.1456932119392347,-0.1418091731810735,0.10427576303482056,0.6957748532295227,-0.7106503248214722,-0.008097904734313488,0.00705297477543354,0.012394176796078682,0.07107622921466827,0.2089030146598816,0.24950054287910461
1724162944.82142,-0.36715037138187817,0.09654065703644155,-0.08753775497637924,0.9209872404745043,-0.765896611074522,0.15819580088735366,-0.1256876460690182,0.11354637891054153,0.6931835412979126,-0.7117609977722168,-0.03252032771706581,0.020258869975805283,0.04086067155003548,0.059752777218818665,-5.761277861893177e-05,0.3840959668159485
1724162944.880087,-0.36487311769053554,0.09661181489287722,-0.08304757895281728,0.9222997189669111,-0.7602346410947812,0.16300964767993945,-0.11435191272727888,0.11760643124580383,0.6890915036201477,-0.7150675058364868,0.03511730954051018,0.0021313715260475874,-0.012201390229165554,0.16805081069469452,0.032637882977724075,0.08153041452169418
1724162944.891623,-0.36319267331576927,0.09846563374174488,-0.08600712118131024,0.9224956864479907,-0.757386644223256,0.164780435298442,-0.12023767083546265,0.1191939190030098,0.6870248317718506,-0.7167912125587463,0.004084241576492786,0.015372154302895069,0.0061551956459879875,0.10650110989809036,0.1569535732269287,-0.2321004867553711
1724162944.921556,-0.3630407209785451,0.09998689996363942,-0.0938052604631896,0.9216314802844633,-0.7586442399343541,0.16078668137774463,-0.13865460450574135,0.11619187891483307,0.6879381537437439,-0.7164081335067749,0.020768269896507263,-0.009121892042458057,0.007141348905861378,0.0447598360478878,0.2564358115196228,-0.43400436639785767
1724162944.9781299,-0.35933916983040237,0.1015374330185107,-0.10529594484429607,0.9216713748661439,-0.7529142863586173,0.15339584598880698,-0.16676322938002128,0.11149436980485916,0.6837682127952576,-0.7211310267448425,-0.012122777290642262,0.02073667384684086,0.038372837007045746,0.3655755817890167,0.2892461121082306,-0.48990654945373535
1724162945.042093,-0.35380815167954965,0.10378192832612682,-0.11285172228511675,0.922666562529349,-0.7427522983130166,0.15216816839326952,-0.18405316927652263,0.11165650188922882,0.6763178706169128,-0.7280982136726379,-0.026746034622192383,0.06637528538703918,0.04224363714456558,0.25555720925331116,0.18710091710090637,-0.08061676472425461
1724162945.053894,-0.3499414357887828,0.10638253075803976,-0.11440477380253833,0.9236531497043575,-0.7352739533515094,0.15766945236813665,-0.18563373618102694,0.11645116657018661,0.6707903742790222,-0.7324475049972534,-0.0071277436800301075,0.03511084243655205,0.018837090581655502,0.12927064299583435,0.14163199067115784,0.10650937259197235
1724162945.114678,-0.34951519758246913,0.10834692295492111,-0.11289047931578754,0.9237725604778476,-0.7344887002529167,0.164123433567712,-0.17994721378633843,0.12126194685697556,0.6702077984809875,-0.7322001457214355,0.01399173866957426,-0.037446528673172,0.015908177942037582,0.052210211753845215,0.036340564489364624,0.08314493298530579
1724162945.127327,-0.3483790134527591,0.10874758644899263,-0.11525456426975311,0.9238627563054177,-0.7325613563598703,0.16297607826155916,-0.18558905548003543,0.1206311360001564,0.6687760949134827,-0.733612060546875,0.010193437337875366,-0.0769444927573204,0.015897246077656746,0.1845998913049698,0.04499024897813797,-0.22431425750255585
1724162945.1705441,-0.3450161257697793,0.10562875246463527,-0.12127405730409221,0.9247155769485491,-0.7257593525340804,0.1498526629370637,-0.2038168503518677,0.11167008429765701,0.6637036204338074,-0.739612877368927,0.015611769631505013,-0.018304739147424698,-0.005083169788122177,0.20204222202301025,-0.07134826481342316,-0.32215040922164917
1724162945.199729,-0.3420223670995537,0.10345498550944973,-0.12619524158342718,0.9254147465814149,-0.7196694653705409,0.14028823012404176,-0.2182074764202458,0.10515433549880981,0.659136176109314,-0.7446355223655701,0.021679062396287918,-0.010119874030351639,-0.018549589440226555,0.18436403572559357,0.007198421284556389,-0.21127280592918396
1724162945.240807,-0.3378467012463232,0.1029531442414628,-0.13021755660597115,0.9264466911570113,-0.7112834200504187,0.13609060424034564,-0.22866597677933703,0.10277404636144638,0.6528065204620361,-0.7505205273628235,0.0032207192853093147,-0.006871554534882307,-0.020146818831562996,0.23657424747943878,0.04353899508714676,-0.12812787294387817
1724162945.313756,-0.3341460954057726,0.10247839844651022,-0.13154210741789105,0.9276535599587851,-0.7035175658226593,0.13445163835612658,-0.2323122661784811,0.1022203266620636,0.6469041109085083,-0.7556891441345215,0.0013514496386051178,-0.0033355290070176125,-0.020610295236110687,0.12802539765834808,-0.0427401065826416,0.02178984507918358
1724162945.32535,-0.3331518708140309,0.10185321998051472,-0.13083338431665636,0.9281800656356946,-0.7011560515918412,0.133760507748066,-0.23109128134079232,0.10190147161483765,0.6451014876365662,-0.7572715282440186,0.011998219415545464,-0.006142520345747471,-0.03352449834346771,-0.04320474714040756,-0.01919511891901493,0.09364985674619675
1724162945.390861,-0.33478575503513786,0.10137186852759152,-0.128550845520698,0.9279638295303518,-0.704169413037244,0.13432066173183363,-0.22589511573316598,0.10206486284732819,0.6474010348320007,-0.7552844882011414,0.010664604604244232,-0.02755563147366047,-0.018671099096536636,-0.13779768347740173,-0.10412143170833588,0.10294988751411438
1724162945.3961902,-0.337306727846048,0.10061744061953591,-0.12551447031679347,0.9275486049755818,-0.7088940460667855,0.13475572444562253,-0.2190678693182783,0.10198137164115906,0.6509946584701538,-0.7522006034851074,0.011854320764541626,-0.036703504621982574,-0.0068402900360524654,-0.16247037053108215,-0.11628700792789459,0.11375832557678223
1724162945.491826,-0.33972262933968633,0.0996466352408404,-0.12342531415213033,0.927051813903244,-0.7134930620045558,0.13384334111901489,-0.21477135810516912,0.10089443624019623,0.6544787883758545,-0.7493181824684143,0.01836582086980343,-0.036673977971076965,-0.020530978217720985,-0.15926623344421387,-0.041527118533849716,0.020986434072256088
1724162945.506011,-0.34250124460408593,0.09984441389132312,-0.12312153216062627,0.926048017834347,-0.7193969714300645,0.13411944148418323,-0.21385522596093762,0.10058287531137466,0.6589311957359314,-0.7454479932785034,0.012489947490394115,-0.0245185736566782,-0.02343873679637909,-0.19887585937976837,0.09113188832998276,-0.025290537625551224
1724162945.536677,-0.34627037530239735,0.10043950236407789,-0.12419405094468305,0.9244373637099248,-0.7277060955565942,0.1339077079276134,-0.21603343323338517,0.09969060868024826,0.6651585102081299,-0.7400174736976624,0.03831716254353523,0.04985089600086212,-0.02318478375673294,-0.3489014506340027,0.06981944292783737,-0.006692052353173494
1724162945.568538,-0.35379768361340463,0.10791925747625476,-0.12467534471229709,0.9206718625890905,-0.7455457530815711,0.15096624976257003,-0.2100665231169286,0.11049674451351166,0.6783729195594788,-0.7263612747192383,-0.025999724864959717,-0.06923892349004745,0.016950394958257675,-0.47162213921546936,0.17934373021125793,-0.12473008036613464
1724162945.598392,-0.36053314000283754,0.10675025925510377,-0.13052793837875923,0.9173781000883231,-0.7606027246955103,0.1409110689965873,-0.22626064093595247,0.10174139589071274,0.6893582344055176,-0.7172404527664185,0.017683275043964386,-0.0102732228115201,0.004626716021448374,-0.36779558658599854,-0.047214288264513016,-0.32131409645080566
1724162945.634276,-0.3689784235320638,0.10420142605151807,-0.13362589803128366,0.9138604823844513,-0.7785356207794746,0.1293610402493641,-0.23725930628684125,0.09184097498655319,0.7022376656532288,-0.7059939503669739,0.04711578041315079,0.00900983065366745,0.016577094793319702,-0.5000022649765015,-0.08914588391780853,-0.21501365303993225
1724162945.66923,-0.37695764914038665,0.10507501241791355,-0.1360133822692185,0.9101441953606655,-0.7962735138908593,0.12720497273627215,-0.243125804250798,0.08872424811124802,0.7147548794746399,-0.6937243342399597,-0.021426314488053322,-0.020545899868011475,0.024315670132637024,-0.3737657368183136,0.024445468559861183,-0.15793295204639435
1724162945.712914,-0.3815868260282258,0.10265018445730602,-0.1358946568038029,0.9085081296191385,-0.8056033354835619,0.1198313775250697,-0.2458481612197,0.0828058198094368,0.7212486863136292,-0.687708854675293,-0.0002642647596076131,0.008750510402023792,0.05548074468970299,-0.07897347211837769,-0.2603391408920288,-0.09566044062376022
1724162945.770495,-0.3841238965370823,0.1009064381418199,-0.13539814692707844,0.9077080970201462,-0.8105551412496285,0.11514074606598519,-0.24670292994332252,0.07916784286499023,0.724669873714447,-0.6845334768295288,-0.009857501834630966,-0.013439278118312359,-0.011334928683936596,-0.11206499487161636,0.008509336039423943,-0.18270714581012726
1724162945.799422,-0.3867999618910868,0.09173824046313346,-0.13313169389967142,0.9078797837662265,-0.8135965004910729,0.09270067866544339,-0.25124339155960007,0.06358391046524048,0.7267622947692871,-0.6839397549629211,-0.016160983592271805,0.0970601812005043,0.04023905098438263,-0.22869911789894104,-0.6751647591590881,0.16645507514476776
1724162945.8305879,-0.39154910573693735,0.09005452007051393,-0.1285550680304428,0.906671402483853,-0.8229668892392413,0.09222474299297842,-0.24142851487386804,0.06262846291065216,0.7331666946411133,-0.6771589517593384,-0.0007470983546227217,-0.07325156778097153,-0.01674376241862774,-0.11253577470779419,-0.023365361616015434,-0.1811886578798294
1724162945.8879929,-0.39324273775426216,0.08253414304980788,-0.13398538957297684,0.9058675412817448,-0.8250303889954048,0.0651162959175899,-0.2651827001072357,0.04415242746472359,0.7345684170722961,-0.6770965456962585,-0.07879354059696198,0.08374350517988205,0.0389813557267189,-0.00813282560557127,-0.4279164969921112,-0.24009768664836884
1724162945.917159,-0.39805643302850924,0.07920798181077988,-0.12675957780895714,0.9051016706488366,-0.8340280726597598,0.0632476407195646,-0.2502641338366837,0.04246760904788971,0.7406438589096069,-0.6705543398857117,0.0447421669960022,-0.04540028050541878,-0.07620056718587875,-0.21299432218074799,0.04475096985697746,0.07697983831167221
1724162945.948053,-0.39593117475587436,0.07450987127529984,-0.13115202950881713,0.9058068127315778,-0.8283525595700324,0.04605855203504703,-0.2673315892545107,0.03112873062491417,0.7368185520172119,-0.6753735542297363,-0.11901157349348068,0.10513276606798172,0.0660131573677063,0.24276185035705566,-0.498860627412796,0.0216001458466053
1724162946.013041,-0.39404413306846864,0.07382546928504204,-0.12125481521196346,0.9080618304574761,-0.8235105052968599,0.05670170432921392,-0.24072425278417184,0.03851667046546936,0.7335363030433655,-0.6785580515861511,-0.019540386274456978,0.06625964492559433,-0.037083905190229416,0.1540127843618393,-0.020205367356538773,0.6485872268676758
1724162946.05098,-0.38932841865767126,0.07764416704086895,-0.11446479761104274,0.9106549813394365,-0.8137428369967801,0.07620450803814006,-0.21722775901113858,0.05228528380393982,0.7268627882003784,-0.6847895383834839,-0.027827192097902298,-0.0008947359165176749,-0.009823696687817574,0.3603265583515167,0.09343178570270538,0.28428593277931213
1724162946.083723,-0.3831725824128359,0.08127711295672971,-0.11022050576118855,0.9134682116044878,-0.800851039787936,0.0921019161225493,-0.20115316731447433,0.06402115523815155,0.7179487943649292,-0.6931456327438354,-0.015527114272117615,0.026320360600948334,-0.022583400830626488,0.3481881320476532,0.24152615666389465,0.35197362303733826
1724162946.110753,-0.37391381564750326,0.08906739232119325,-0.10607264231267514,0.9170627025813932,-0.7820003060513162,0.11872279814289163,-0.18131961487076928,0.0840367004275322,0.7047000527381897,-0.7045109272003174,0.015629645437002182,-0.04088321700692177,-0.00045623513869941235,0.5794988870620728,0.42235684394836426,0.11965825408697128
1724162946.152945,-0.3625086089661848,0.09485819284923198,-0.10900118549914728,0.9207106421135717,-0.7590194543183693,0.13221768137127213,-0.18288021913046154,0.09564615041017532,0.6882103681564331,-0.7191788554191589,-0.07741288095712662,0.07308141142129898,0.046720199286937714,0.4882087707519531,0.22263884544372559,0.22752496600151062
1724162946.190495,-0.3543937112078284,0.09718209980588886,-0.1086886306102764,0.9236598443854761,-0.7420544835102098,0.13949937798357911,-0.17991971326681094,0.10248926281929016,0.6758036613464355,-0.7299214601516724,-0.015089882537722588,0.03631109371781349,0.01895364560186863,0.3605329394340515,0.12134172767400742,0.04370416700839996
1724162946.245501,-0.350980789710306,0.09927676753394045,-0.11019143432184027,0.9245617699400546,-0.7354025686786707,0.1437394379736758,-0.18179282602333718,0.10622484236955643,0.6708857417106628,-0.733913242816925,-0.005207528825849295,0.009025822393596172,-0.006845806259661913,0.11414139717817307,0.22256019711494446,-0.025757960975170135
1724162946.274365,-0.3489939762256925,0.10114753310885274,-0.11354974231544525,0.9247047064560158,-0.7320600256773094,0.1454531676527521,-0.18853136598687792,0.10780683904886246,0.6684033274650574,-0.7359447479248047,0.0006423769518733025,-0.014794650487601757,0.016225436702370644,0.2161199450492859,0.13629873096942902,-0.15688197314739227
1724162946.323894,-0.3453239775683673,0.10281617094774297,-0.11632825374384065,0.9255527094087062,-0.725022037248842,0.14747309682115164,-0.19403969516750527,0.10998169332742691,0.6631519794464111,-0.7403603792190552,0.0005882321856915951,0.02891613356769085,0.00424301577731967,0.18075311183929443,0.14785881340503693,0.02457030862569809
1724162946.353087,-0.3417053370850135,0.10526910166454673,-0.11676866227760592,0.9265640570828135,-0.717904785152625,0.15365540891965018,-0.19297457630343234,0.11527617275714874,0.6578080654144287,-0.7443117499351501,0.008050468750298023,0.007508065551519394,-0.0019365453626960516,0.14330773055553436,0.16317583620548248,0.09080200642347336
1724162946.454537,-0.3381709964666705,0.10819251812708139,-0.11688639846528043,0.9275085952003264,-0.7110180445924807,0.1612417222417249,-0.1907434825076908,0.1216437891125679,0.6526054739952087,-0.7478694915771484,0.0065186843276023865,-0.007265735417604446,-0.003532850183546543,0.19788259267807007,0.174109548330307,0.07345458120107651
1724162946.466507,-0.33499672687846,0.11085120359871814,-0.1160039984410624,0.9284568809076897,-0.704664664878592,0.1689762089608888,-0.1863410301232258,0.12811920046806335,0.6477783918380737,-0.750978410243988,0.0070257289335131645,0.0034766579046845436,0.0023041630629450083,0.10637485980987549,0.1011853739619255,0.1371883898973465
1724162946.50172,-0.3329615792805294,0.1135311051159961,-0.1139798712821925,0.9291155553099363,-0.7005000771298473,0.17759883399299659,-0.17910437119836115,0.13506518304347992,0.6446000933647156,-0.7524945735931396,0.011263612657785416,-0.009582387283444405,0.0008086720481514931,0.06253159791231155,0.10414095222949982,0.15549036860466003
1724162946.511565,-0.3312287380733325,0.11539863130831957,-0.1113818097168494,0.929819681005842,-0.6966770670687448,0.18464328645314682,-0.17122256679143807,0.14081411063671112,0.6416726112365723,-0.7539413571357727,0.009324406273663044,-0.013308508321642876,0.004893738776445389,0.0886196717619896,0.012438193894922733,0.1654714196920395
1724162946.56552,-0.3294183634292831,0.11638048861591387,-0.10785943546244338,0.9307553202570944,-0.6923154505585972,0.19026965819870661,-0.1619311940374318,0.14558175206184387,0.6383212804794312,-0.7558782696723938,0.013757341541349888,-0.007504750043153763,0.0024868184700608253,0.06161064654588699,-0.025203201919794083,0.21356524527072906
1724162946.6146588,-0.32828372964320834,0.11757017757202695,-0.10502196211212202,0.9313309207161569,-0.6895323997787662,0.19571368436874553,-0.15410366544319212,0.15003947913646698,0.6361764669418335,-0.7568141222000122,0.021428873762488365,-0.031151024624705315,-0.015439985319972038,0.03023339994251728,0.03347984328866005,0.08411026000976562
1724162946.664748,-0.3272930435876265,0.11820523235711553,-0.10393792281635016,0.931720770891265,-0.6873141871438561,0.19824490826756339,-0.151044364194755,0.15223221480846405,0.6344634890556335,-0.757813572883606,0.012225558049976826,-0.022278551012277603,0.0008905135910026729,0.05655820295214653,0.01893756352365017,0.03571777045726776
1724162946.677521,-0.32519261218046697,0.11941685265481664,-0.10380182732821289,0.9323166995065996,-0.6830431520453156,0.20139261062580055,-0.1499646364436693,0.15515747666358948,0.6311563849449158,-0.7599787712097168,0.0017226866912096739,0.011089423671364784,-0.012879490852355957,0.09345470368862152,0.09973730146884918,0.0877126008272171
1724162946.721815,-0.32321117197753874,0.12169900774411863,-0.09955040837001422,0.9331738943784956,-0.6782802035167008,0.21060821283444997,-0.13801731726901212,0.16278105974197388,0.6274548172950745,-0.7614477872848511,-0.02589859440922737,0.02245492674410343,0.012389801442623138,0.013925214298069477,-0.04881487414240837,0.3738971948623657
1724162946.751868,-0.3225896098663686,0.12148825860729104,-0.09371003810653497,0.9340207772476664,-0.6756185904046812,0.21500792150591383,-0.12420742487556066,0.16648533940315247,0.6253801584243774,-0.7623531222343445,0.019423838704824448,-0.02176227606832981,-0.0036258408799767494,-0.05595811828970909,-0.11837755143642426,0.14560484886169434
1724162946.806704,-0.324877510658212,0.11816706478831063,-0.09289170678298109,0.9337356678884677,-0.6798198311874037,0.20763458016503414,-0.12465678231869809,0.16031675040721893,0.6286529302597046,-0.7609822750091553,0.03255261108279228,-0.055257704108953476,-0.00553422886878252,-0.09399937838315964,-0.15475799143314362,-0.18017897009849548
1724162946.837019,-0.32616837076074706,0.11385975018633138,-0.09771573855258657,0.9333283317306825,-0.6829654924934787,0.19301340455856233,-0.13984715684549534,0.14879348874092102,0.6310961842536926,-0.7613003253936768,0.03532202169299126,-0.042338334023952484,-0.014846958220005035,0.05098898336291313,-0.06452666223049164,-0.4016413688659668
1724162946.868103,-0.3248819087475283,0.1118793150059266,-0.10427886771162316,0.9333062403142476,-0.6812466834642249,0.1826315364906539,-0.15764880585544153,0.14107868075370789,0.6297619342803955,-0.7638695240020752,0.009864560328423977,-0.00036647100932896137,-0.009658725932240486,0.11895614117383957,0.045140426605939865,-0.29175758361816406
1724162946.923435,-0.32200266776206055,0.11220930796783557,-0.10964734492696654,0.9336491097318284,-0.6762617981134428,0.17907010663256362,-0.17069288937757365,0.13891476392745972,0.6258819103240967,-0.7674466967582703,0.0008194702677428722,0.022306302562355995,-0.010080588981509209,0.15520641207695007,0.1333787739276886,-0.1968657374382019
1724162946.9534822,-0.31944085003285755,0.11418092705527975,-0.1132043066586811,0.9338655458249154,-0.6719089779549473,0.1810654999598475,-0.1778865283077303,0.14093509316444397,0.6224811673164368,-0.7698405385017395,-0.01522988174110651,0.01527631375938654,-0.00310076167806983,0.12120553106069565,0.13150599598884583,-0.11106093972921371
1724162947.008527,-0.3171606270913369,0.11573686550531564,-0.11505447450286899,0.9342250933585039,-0.6677628671909166,0.18348508983749146,-0.18127335763607413,0.14326706528663635,0.6192309260368347,-0.7720282077789307,-0.011671077460050583,0.018459904938936234,-0.005511131137609482,0.12032368779182434,0.1141737550497055,0.007180509157478809
1724162947.04334,-0.3151507768757277,0.11708611922090105,-0.11500124962781957,0.934743549653079,-0.6637822553673494,0.18695947112171893,-0.18022969079345738,0.14640551805496216,0.6161004304885864,-0.7739416360855103,-0.015284975990653038,0.01527812983840704,0.009481243789196014,0.08206848800182343,0.043851952999830246,0.08175866305828094
1724162947.0842419,-0.31402347821555715,0.118281473228686,-0.11400917995582426,0.9350939357440471,-0.6614392943185284,0.1907423494103779,-0.17698472849142785,0.14960545301437378,0.6142532825469971,-0.7747974991798401,-0.011656750924885273,0.001699220621958375,0.004420714918524027,0.04237525165081024,0.04689464345574379,0.08810292184352875
1724162947.113215,-0.3130535749691879,0.11859050400322735,-0.11335415570171126,0.9354595393695868,-0.6593248626103727,0.1920955372132429,-0.17526978417845568,0.15090137720108032,0.6125833988189697,-0.7758675217628479,-0.009214607998728752,-0.004209281876683235,0.0029921247623860836,0.06975699961185455,-0.002955392003059387,0.05002849921584129
1724162947.153024,-0.31153849877971307,0.11885059799690385,-0.11291457553693703,0.9359853173314465,-0.6560995249735877,0.19319174606602388,-0.17418022138387926,0.1521303504705429,0.6100308895111084,-0.7776365876197815,-0.0023395707830786705,-0.006484190467745066,-0.011227215640246868,0.0890020877122879,0.031417105346918106,0.02888474240899086
1724162947.2171721,-0.30946120500009994,0.11884548118077358,-0.11300122850512784,0.9366643433463263,-0.651754148960151,0.19326839999216186,-0.1746330260852878,0.15269765257835388,0.6065819263458252,-0.7802190184593201,-0.005468451417982578,0.0011077254312112927,-0.008589128963649273,0.11722947657108307,0.026389257982373238,0.012485398910939693
1724162947.248605,-0.30708966248270403,0.11912950350751286,-0.11285243059794675,0.9374264138160222,-0.6468002339791473,0.1942462298846771,-0.17433032217618855,0.15403865277767181,0.6026360392570496,-0.7830082178115845,0.004377758130431175,0.0014652477111667395,-0.010592576116323471,0.12834304571151733,0.04159044101834297,0.026023678481578827
1724162947.279529,-0.3049576198614551,0.12058752124846928,-0.11257055888283497,0.9379697136261762,-0.6425404947647737,0.19809688871677436,-0.17276867767770604,0.15755638480186462,0.5992312431335449,-0.784919023513794,-0.002765385899692774,0.0031173196621239185,-0.008274395950138569,0.07114698737859726,0.07952617108821869,0.08109930902719498
1724162947.3084412,-0.3036132222777462,0.1220934859258851,-0.11200414629850755,0.9382787995555242,-0.639878089182659,0.20221029692080836,-0.1704187889101382,0.16110357642173767,0.5970976948738098,-0.7858244180679321,-0.00236506387591362,0.0037052263505756855,-0.0033459446858614683,0.04261111468076706,0.08468647301197052,0.07506147772073746
1724162947.366807,-0.3023201426601519,0.1241232337658769,-0.11111247595531168,0.9385360482678529,-0.6373402827700125,0.20779939063152375,-0.16690464569100869,0.1658051759004593,0.5950599908828735,-0.7863919138908386,-0.001788598601706326,-0.0023148804903030396,-0.00015909125795587897,0.05041191354393959,0.09518803656101227,0.07433614879846573
1724162947.3986092,-0.30103565691962253,0.1256243914996432,-0.11020887634368423,0.9388556442984496,-0.6347148168128349,0.21212392714143008,-0.16379520595167538,0.16953273117542267,0.5929479002952576,-0.7871921062469482,-0.0015608693938702345,-0.0009367536986246705,0.0012060471344739199,0.048971015959978104,0.037425629794597626,0.07979553937911987
1724162947.4494781,-0.29980176760718374,0.12654342274411856,-0.10908763321832332,0.9392579243409445,-0.632038896738751,0.21521636031589325,-0.16063418687032477,0.17230448126792908,0.5907910466194153,-0.7882113456726074,0.003430139273405075,-0.0025992724113166332,-0.0007425713120028377,0.062272898852825165,0.027164625003933907,0.07955208420753479
1724162947.550838,-0.29830406830890727,0.12726147022821097,-0.10780260750842972,0.9397859480911436,-0.6287350592593791,0.21795195178776064,-0.15730209047605198,0.17488116025924683,0.5881221890449524,-0.7896384000778198,-0.001013489323668182,0.006880186032503843,0.00719525245949626,0.07163725048303604,-0.006583493202924728,0.11764787882566452
1724162947.571916,-0.29637279392204074,0.12777095875881941,-0.10545843445944568,0.9405935073631634,-0.6242411460972563,0.22098266045000625,-0.15174053549685765,0.17785103619098663,0.5844817161560059,-0.7916755080223083,0.009254943579435349,0.001283828867599368,-0.002839932683855295,0.0978449285030365,-0.0008058990933932364,0.1465645432472229
1724162947.5812058,-0.2940529837773082,0.12918654457774442,-0.10330819113079819,0.9413665763642558,-0.6191158681779206,0.22597209719797112,-0.1460585028434842,0.18246762454509735,0.580315351486206,-0.7936873435974121,0.0003415938117541373,0.0020671901293098927,0.002047707559540868,0.11853715032339096,0.04032476991415024,0.1546836793422699
1724162947.6832561,-0.29138126836240524,0.1306899814775435,-0.10150005133866523,0.9421861951920827,-0.6133387927355193,0.23087164486369963,-0.14122764022738796,0.18711815774440765,0.5756009221076965,-0.7960341572761536,0.0064232125878334045,-0.006508628837764263,-0.0014868672005832195,0.1501731276512146,0.054583437740802765,0.10706823319196701
1724162947.695726,-0.2877622922804402,0.13218045911751547,-0.10077285556834109,0.9431680711589968,-0.6058449143118843,0.23492199534628086,-0.13915355484726788,0.19133952260017395,0.5694568157196045,-0.7994424104690552,0.01251963246613741,-0.009990647435188293,-0.007371809333562851,0.19511201977729797,0.10663039237260818,0.05541258677840233
1724162947.702416,-0.28314872692810483,0.13439602010357674,-0.10140327631406411,0.9441831236814231,-0.5967351748652292,0.23968003051389475,-0.13994124386863901,0.19636449217796326,0.5619449019432068,-0.8035290241241455,0.021396197378635406,-0.013666347600519657,-0.017716553062200546,0.25601300597190857,0.2072184532880783,0.005184155888855457
1724162947.7471561,-0.27732081978766715,0.1380019190917481,-0.10487595299809772,0.9450129829442355,-0.5860682929919965,0.2457173115792521,-0.14657335262587154,0.20265863835811615,0.5530897378921509,-0.808097243309021,0.009015964344143867,-0.011005891487002373,-0.007159615401178598,0.3090026080608368,0.27560698986053467,-0.12299323081970215
1724162947.756691,-0.27169942780917583,0.1418922863583042,-0.10963724870288066,0.9455293002295838,-0.576285233724873,0.251604748063142,-0.1559413287215074,0.20874987542629242,0.5449129343032837,-0.8120920062065125,0.011517351493239403,0.0056309690698981285,-0.007605843711644411,0.2220216691493988,0.30313539505004883,-0.09715244919061661
1724162947.890919,-0.26678219341905046,0.14863805603052496,-0.11594788533005755,0.9451401926684232,-0.5689665331117068,0.26309941273768245,-0.1667936360304386,0.2191019356250763,0.5387616753578186,-0.8134679794311523,0.036963995546102524,-0.027568167075514793,-0.038414664566516876,0.25127699971199036,0.618259847164154,-0.2636709213256836
1724162947.896905,-0.259713216015485,0.15875710047003302,-0.12851751336270992,0.9438370711395297,-0.5598511260769988,0.27847847284153926,-0.1901321486783395,0.23292627930641174,0.5310600399971008,-0.8146904706954956,-0.009589478373527527,-0.01715676859021187,-0.0202014297246933,0.4075697660446167,0.7178377509117126,-0.4964545965194702
1724162947.900751,-0.25139436703456924,0.16819430091268908,-0.14164847640646364,0.9425747778342343,-0.5486840678235223,0.292293392464223,-0.21551811931991877,0.24585215747356415,0.5215649008750916,-0.8170230984687805,-0.024764057248830795,0.008968544192612171,0.016034957021474838,0.4349428415298462,0.6095667481422424,-0.3917197287082672
1724162947.9451451,-0.2415826221282892,0.17606444297207788,-0.15237731610885477,0.9420298593107703,-0.5338048687465651,0.30448480306135484,-0.23687627798818717,0.2580924928188324,0.5088125467300415,-0.8212782740592957,-0.025450320914387703,0.032506443560123444,0.004962241277098656,0.5016213059425354,0.5653066039085388,-0.2575644850730896
1724162947.9507132,-0.2318290656406717,0.1829207909783576,-0.15942820593763457,0.94200738005678,-0.5179439952595831,0.3168462107808377,-0.2507106480306657,0.27070528268814087,0.4950948655605316,-0.8255905508995056,-0.040279798209667206,0.052710987627506256,0.02755759283900261,0.44332587718963623,0.37774425745010376,-0.05010977014899254
1724162947.9996638,-0.22438095529555155,0.18724940405518747,-0.16119808382391965,0.9426589502774064,-0.5045321326499477,0.3264009956390438,-0.25389452132152407,0.28068509697914124,0.4833979308605194,-0.8291817307472229,-0.03525559604167938,0.05758843943476677,0.025987159460783005,0.26382774114608765,0.18546248972415924,0.17394490540027618
1724162948.032001,-0.22057936920552726,0.1887087149968651,-0.15840886547539884,0.9437374207082164,-0.49624208081009086,0.33161499653994986,-0.2478652972242292,0.2862994968891144,0.47612428665161133,-0.8314675092697144,-0.017025496810674667,0.02893734537065029,0.028117630630731583,0.1238240897655487,-0.03143474832177162,0.24021582305431366
1724162948.1166348,-0.22032133384253508,0.18715100682068198,-0.15310356379299955,0.9449826130240317,-0.4934948533624965,0.3310394196636141,-0.23714060739682483,0.2862449288368225,0.4737066328525543,-0.8328660130500793,-0.006228593643754721,0.0056871105916798115,0.02324148267507553,-0.045537445694208145,-0.21378108859062195,0.30165380239486694
1724162948.129993,-0.2224681125631631,0.18469453287829013,-0.1467634396808015,0.9459684212386453,-0.4950872517874934,0.32879384776517084,-0.2240353759381281,0.2841300368309021,0.47510844469070435,-0.8327917456626892,0.028069080784916878,-0.023168474435806274,-0.020414642989635468,-0.11922289431095123,-0.15419013798236847,0.250993549823761
1724162948.148952,-0.2243069706506567,0.1841273679441537,-0.14175759477891653,0.94640806599972,-0.49698193529177703,0.33009949385445586,-0.21288253583980482,0.28492483496665955,0.47677475214004517,-0.8315669894218445,0.026956012472510338,-0.03590819612145424,-0.014353944920003414,-0.0786311998963356,-0.049711864441633224,0.18066531419754028
1724162948.221524,-0.22439305389167144,0.18448403508298056,-0.1388157309538601,0.9467541865929018,-0.49622436607901627,0.33248256320739145,-0.20620887837184745,0.28702348470687866,0.47610870003700256,-0.8312268257141113,0.021333402022719383,-0.030393918976187706,-0.013394001871347427,-0.020793864503502846,0.016988292336463928,0.10647661238908768
1724162948.2339668,-0.2233423560764232,0.18565988937780986,-0.13697802089171332,0.9470404299452423,-0.4937043600478031,0.33615479450082103,-0.2018207731964193,0.29046887159347534,0.47389113903045654,-0.8312972187995911,0.005225880071520805,-0.009749815799295902,-0.0008094725199043751,-0.0007195560028776526,0.01467490941286087,0.09428579360246658
1724162948.278023,-0.22259276551894408,0.1862992978219609,-0.13439570013550323,0.9474611876301907,-0.4914124406244222,0.33899806488266887,-0.19603375604590492,0.29319170117378235,0.47187167406082153,-0.8314900994300842,0.0072641922160983086,-0.008258268237113953,0.008522228337824345,-0.010453409515321255,-0.05489732325077057,0.11305078119039536
1724162948.311729,-0.22274755466462282,0.1853620084163492,-0.13197354152833388,0.9479490146040784,-0.4906875346811372,0.3381909514968237,-0.19121848677558942,0.29263389110565186,0.47123241424560547,-0.8320488929748535,-0.0029455542098730803,-0.006311357952654362,0.0110543267801404,-0.0401739664375782,-0.14832332730293274,0.09216583520174026
1724162948.340695,-0.2244365907880973,0.18216249202409734,-0.12901737096326837,0.9485775606585136,-0.49246031599681667,0.3325686340907481,-0.18605019616726773,0.287678062915802,0.4727952778339386,-0.8328900933265686,-0.0035368199460208416,-0.005385051015764475,0.010217840783298016,-0.13133786618709564,-0.288238525390625,0.08375238627195358
1724162948.477374,-0.22775362010023523,0.17774386849189638,-0.12559931961926513,0.9490838801622421,-0.49719677511282134,0.32443388347389995,-0.18010609478232206,0.2801762819290161,0.476963609457016,-0.8330708146095276,-0.0004850600380450487,-0.012943853624165058,0.0019704578444361687,-0.18282769620418549,-0.2958507537841797,0.11399827897548676
1724162948.4910212,-0.23066133367140665,0.17271179103196935,-0.1220013014691035,0.9497797470400134,-0.5009933549014387,0.31506296731068945,-0.1742609064156429,0.2717943489551544,0.4802970588207245,-0.8339319825172424,0.011241111904382706,-0.031405575573444366,-0.0051004160195589066,-0.08385932445526123,-0.3185787498950958,0.039396222680807114
1724162948.492974,-0.23281604679451268,0.16811667986815107,-0.11888485308896622,0.9504734808227123,-0.5035569429827982,0.30644385293864934,-0.16945700896161664,0.2642242908477783,0.4825440049171448,-0.8350669741630554,0.006955708842724562,-0.008125814609229565,-0.013914956711232662,-0.10948561877012253,-0.2707836329936981,0.08763539046049118
1724162948.532274,-0.23486227156894876,0.16380720972805562,-0.11507870920020358,0.9511906475518921,-0.5057904112406644,0.2988632577742833,-0.16302182272184443,0.25756847858428955,0.4844990372657776,-0.8360138535499573,0.00876269955188036,-0.00436476431787014,-0.011027313768863678,-0.12532906234264374,-0.26555341482162476,0.1297082155942917
1724162948.57085,-0.2367251325705832,0.1605277522947559,-0.11082790127623246,0.9517925641667666,-0.5077454361665812,0.2938589301148009,-0.15507469082933537,0.2531067430973053,0.48620834946632385,-0.836384117603302,0.012519590556621552,-0.012160809710621834,-0.017755640670657158,-0.10028747469186783,-0.17641513049602509,0.16967405378818512
1724162948.583766,-0.2383137454122559,0.1589882052633272,-0.10699491434448283,0.9520930894005821,-0.5095856680312157,0.2925417829000957,-0.14711416349570405,0.25174641609191895,0.48781561851501465,-0.8358586430549622,0.005604175850749016,-0.009130612015724182,-0.014072323217988014,-0.09258069097995758,-0.09742284566164017,0.14453189074993134
1724162948.6454148,-0.23936007313766483,0.15859145007826078,-0.10325910251910765,0.9523092799725762,-0.5105322080910701,0.2937519998983656,-0.1388415392189083,0.2526240050792694,0.4886416792869568,-0.8351110219955444,0.006022848654538393,-0.00926669780164957,-0.01679915003478527,-0.0855427160859108,-0.03715546429157257,0.13561001420021057
1724162948.6744509,-0.23979616816732732,0.15894278266921855,-0.10071299692320908,0.95241363284983,-0.5106970643328654,0.2959762393227563,-0.13291345617203365,0.25445735454559326,0.4887855052947998,-0.8344699740409851,0.0034704329445958138,-0.007694889325648546,-0.010974209755659103,-0.03454410657286644,0.01285745482891798,0.09337997436523438
1724162948.714308,-0.23973115023324743,0.15977208479926616,-0.09957256262193831,0.9524111965362008,-0.5103275579830298,0.29847661713779833,-0.1299382895704079,0.2565961480140686,0.4884631037712097,-0.834003746509552,-0.0003599864721763879,-0.0035133601631969213,-0.004776259418576956,-0.002085065469145775,0.04577479138970375,0.04076286777853966
1724162948.7529922,-0.23959304371477214,0.160720962120378,-0.09944833909881894,0.952299234704947,-0.5101353974892453,0.3006724260896411,-0.12915063562626689,0.25845465064048767,0.48829540610313416,-0.8335279226303101,-0.005215145647525787,-0.0033632381819188595,0.005662399344146252,-0.013918683864176273,0.019206563010811806,-0.0030955877155065536
1724162948.7819881,-0.24020679725622168,0.16092162070173197,-0.09947113406659044,0.9521083261373156,-0.5114244080669491,0.3011218759289338,-0.12891116705111125,0.2586423456668854,0.4894199073314667,-0.8328098654747009,-0.001568053150549531,0.00635850615799427,-0.008951790630817413,-0.0639830082654953,0.03589797765016556,0.005172004457563162
1724162948.824195,-0.24179203496106397,0.1610734380646083,-0.09940002489257037,0.9516887746510839,-0.5146646152703082,0.30153649428117657,-0.12821848102694902,0.25851529836654663,0.4922429323196411,-0.831183910369873,-0.002721416763961315,-0.0012856008252128959,0.007340545766055584,-0.08958218991756439,-0.02391953393816948,-0.04753434658050537
1724162948.864262,-0.24364245433142387,0.16010561988307323,-0.1001262641842318,0.9513039545547917,-0.5185457833416274,0.29898399435334677,-0.12987392851647458,0.25582820177078247,0.4956176280975342,-0.8300091028213501,-0.002736259251832962,-0.008549563586711884,-0.0006929177325218916,-0.054186202585697174,-0.04295903444290161,-0.0845169723033905
1724162948.929138,-0.24412735346060394,0.15904449224449477,-0.1011321295653795,0.9512512069522845,-0.5197024493051001,0.2960257287579247,-0.1325935559787408,0.2532042860984802,0.49662190675735474,-0.8302133679389954,0.0012631614226847887,-0.00987368356436491,-0.008406474255025387,0.024473367258906364,-0.035754892975091934,-0.054612867534160614
1724162948.971683,-0.243397078611575,0.15801791952878685,-0.10246980399028302,0.9514662899934908,-0.5184706537144514,0.29293759908851774,-0.13635805640578322,0.250815749168396,0.4955523610115051,-0.831576406955719,0.004682566504925489,0.000640098296571523,-0.014001972042024136,0.042572714388370514,0.00336255831643939,-0.07197248935699463
1724162948.984227,-0.24314307893956624,0.15786548465131447,-0.10334144869135635,0.951462238437882,-0.5181928087297126,0.2920925622619939,-0.13844227926870006,0.250152587890625,0.49531102180480957,-0.8319198489189148,0.005365754012018442,0.004774478264153004,-0.009906557388603687,-0.025046614930033684,0.018595902249217033,-0.03694954514503479
1724162949.039259,-0.24449728855975328,0.15815760387661545,-0.10352283604861845,0.9510468752984695,-0.5210633035556065,0.2926541026429892,-0.13830893619455856,0.2502084970474243,0.49780261516571045,-0.8304144740104675,-0.0036578683648258448,0.0012211458524689078,-0.0006225670222193003,-0.11133110523223877,-0.01672147773206234,-0.003668552730232477
1724162949.0887032,-0.24702070289861067,0.15802234275950855,-0.10332295055105607,0.9504388073516924,-0.5261534673319678,0.29248633632311927,-0.13727416442216933,0.24933531880378723,0.502210795879364,-0.8280194401741028,0.009434636682271957,-0.011141977272927761,-0.009886441752314568,-0.14022645354270935,0.008950108662247658,-0.0163810346275568
1724162949.101083,-0.24928747012143115,0.15835297125735678,-0.10289840926532573,0.9498377965951096,-0.5307193381125139,0.293509900111059,-0.13552222914224574,0.24951671063899994,0.5061538815498352,-0.8255602121353149,0.007363172713667154,-0.01700333133339882,-0.009212496690452099,-0.09752166271209717,0.007784557528793812,2.6619993150234222e-05
1724162949.145432,-0.25045780345419383,0.15920284593123865,-0.1029054304708488,0.9493870221217439,-0.5332426398937262,0.295447647507503,-0.13469852701397073,0.2507432997226715,0.5083284378051758,-0.823850691318512,0.008064753375947475,-0.011422781273722649,-0.0023885297123342752,-0.062425777316093445,0.03831220045685768,-0.011496792547404766
1724162949.2016869,-0.25102475291157056,0.1604355259545782,-0.10325837460825046,0.9489913828016954,-0.5346887754741528,0.29804123065659255,-0.13456706312815322,0.2526630461215973,0.5095732808113098,-0.8224940299987793,0.004656598437577486,-0.01102496962994337,0.006161512341350317,-0.01946382410824299,0.04003172367811203,-0.03996005654335022
1724162949.230644,-0.25158870431664987,0.1613957367526224,-0.10399286691820189,0.9485988717974029,-0.5362099324179576,0.2997911805991593,-0.13545038112547492,0.25387275218963623,0.5108815431594849,-0.8213090896606445,0.0010870599653571844,-0.0010955065954476595,0.0037189549766480923,-0.04906477406620979,0.044086068868637085,-0.04190938174724579
1724162949.261688,-0.2525572287112387,0.1616466223884636,-0.10453413100598906,0.9482392950645954,-0.5384018114475145,0.3000547615306954,-0.1362307996484315,0.25375765562057495,0.512764573097229,-0.8201704621315002,-0.002214413834735751,0.007286629639565945,0.0027937283739447594,-0.07100574672222137,0.00040871748933568597,-0.01092251855880022
1724162949.315681,-0.25408862216166733,0.16113595856346938,-0.1042549953646891,0.947947774821102,-0.5413856073711568,0.2990931714911338,-0.13550363352349817,0.2525169253349304,0.5153239369392395,-0.8189483284950256,0.002379864454269409,0.0013885737862437963,0.000995577429421246,-0.0876949205994606,-0.04352354630827904,-0.011292442679405212
1724162949.3459501,-0.25588551673177956,0.1602808985373628,-0.10340875954778264,0.9477020744812916,-0.5446927964033902,0.2977012160622298,-0.13365617000316907,0.25087547302246094,0.5181553959846497,-0.8176652789115906,0.007257008459419012,-0.00096300826407969,-0.0016356101259589195,-0.09377697110176086,-0.054632045328617096,0.01490817591547966
1724162949.3992372,-0.2576232992854807,0.15967875320214664,-0.10236277571297545,0.9474463895421379,-0.5478567425957738,0.2970135141558969,-0.13121849321051138,0.24983204901218414,0.520858883857727,-0.816265881061554,0.008344068191945553,-0.0020585148595273495,0.0020833448506891727,-0.07504645735025406,-0.03905067592859268,0.02120327204465866
1724162949.426395,-0.2586648222630205,0.15911588886634234,-0.1019130230204181,0.9473057800259954,-0.5497819516348155,0.296034969069354,-0.13028289945999538,0.24874016642570496,0.5225013494491577,-0.8155493140220642,0.007925353944301605,-0.004092591814696789,-0.005573658738285303,-0.037431348115205765,-0.01663481444120407,0.0034767333418130875
1724162949.454603,-0.25921060241089944,0.1588823743967321,-0.10180368016703735,0.9472075866966475,-0.5508387725705993,0.29558475839528936,-0.13003672975834316,0.24821199476718903,0.5234021544456482,-0.8151324987411499,0.009394343011081219,-0.006046361289918423,0.00034519616747274995,-0.007984722964465618,-0.02496325969696045,-0.026560194790363312
1724162949.510466,-0.25946000080549236,0.15896144147240956,-0.10205699932123184,0.9470987648323563,-0.5514405002816763,0.2956151285081945,-0.1304846103279577,0.2481449544429779,0.5239147543907166,-0.814823567867279,0.0007970522274263203,0.004823443479835987,0.004777984227985144,-0.020456278696656227,0.0010014817817136645,-0.00039290706627070904
1724162949.539396,-0.25979267793302374,0.15874363623824062,-0.10222712617675783,0.9470257290152971,-0.5521471396590897,0.295020765776121,-0.130914543995026,0.24755290150642395,0.5245165228843689,-0.8146164417266846,-0.0008006024872884154,0.000994349829852581,0.0005269274115562439,-0.015065547078847885,-0.028438104316592216,-0.016282351687550545
1724162949.6126962,-0.26018064061751334,0.15805693972351129,-0.10227925923016333,0.947028509705374,-0.5528665263032594,0.29342897262430934,-0.13136819427374283,0.24614669382572174,0.5251288414001465,-0.8146480917930603,-0.004498806316405535,0.005140949040651321,-0.0002478318056091666,-0.015895793214440346,-0.03980151563882828,-0.021438520401716232
1724162949.62446,-0.26107519157652065,0.15723094050204736,-0.10210899603800037,0.9469381639896906,-0.5545414372263846,0.29166950841959655,-0.13127677162385107,0.24445970356464386,0.5265535116195679,-0.8142363429069519,-0.002629536669701338,0.001604922697879374,0.00021564390044659376,-0.04826611280441284,-0.046496376395225525,-0.003691286314278841
1724162949.66973,-0.2617481782333735,0.1564970110728476,-0.10172055328358097,0.9469157483421597,-0.5557079666276985,0.2902511596178899,-0.13069836634238474,0.24312862753868103,0.5275448560714722,-0.8139931559562683,9.547194349579513e-05,-0.0007571065798401833,-0.00204598275013268,-0.016923999413847923,-0.033674802631139755,0.008874760009348392
1724162949.705503,-0.26218974890114294,0.15601846923454835,-0.10130808156855446,0.9469167208015933,-0.5564270081543807,0.2894267008220115,-0.12996345096226972,0.24234911799430847,0.5281555652618408,-0.8138295412063599,-0.0011421963572502136,-0.0010728401830419898,-0.001520780147984624,-0.026252513751387596,-0.04074331000447273,0.0008004845585674047
1724162949.75054,-0.2626915410045001,0.1555909972873934,-0.10098188618293798,0.9468828455216096,-0.5573038844931999,0.2886668429912378,-0.12937343815427277,0.2415987104177475,0.5288999676704407,-0.813569188117981,-0.004645864479243755,-0.002088084351271391,-0.001308585749939084,-0.024460282176733017,-0.03990589827299118,0.016422325745224953
1724162949.7793841,-0.2628635822445266,0.15558790363860522,-0.10064289765811767,0.9468716746424758,-0.5575558509248981,0.28887839839875123,-0.1285666375478696,0.24173285067081451,0.5291138291358948,-0.81339031457901,-0.0009512524120509624,-0.002587053691968322,-0.0056127458810806274,-0.013941101729869843,0.0017237031133845448,0.011762985028326511
1724162949.8367128,-0.263242758472777,0.1556661267850263,-0.10017405457941655,0.9468032395146526,-0.558206281641481,0.2893647830601488,-0.1273582196151965,0.24203018844127655,0.5296655893325806,-0.812942624092102,-0.0029159942641854286,0.0017060794634744525,-0.004030238837003708,-0.04501861706376076,-0.0024870773777365685,0.026786841452121735
1724162949.870455,-0.2639972369511795,0.15593822695855294,-0.0998703619823168,0.9465804610486566,-0.5597052741649423,0.29020433685790203,-0.12629093222938353,0.2424851506948471,0.5309364795684814,-0.8119774460792542,-0.0012560609029605985,-0.0017619036370888352,-0.002203349256888032,-0.048536691814661026,0.00891803577542305,-0.0037004705518484116
1724162949.911899,-0.26541483992371395,0.15615014340937006,-0.1000000326637313,0.9461353115702978,-0.5626939651981017,0.29065513769776025,-0.12605519323640488,0.2423953413963318,0.5334667563438416,-0.8103442192077637,0.00011386460391804576,0.0006890633376315236,0.000682569167111069,-0.10357427597045898,-0.001816997304558754,-0.020008819177746773
1724162949.944206,-0.26756049819407157,0.15612753924882544,-0.10029015912259182,0.9455037917963233,-0.567202879907542,0.2904910810447113,-0.12613624654328412,0.24157099425792694,0.5372750759124756,-0.8080711364746094,0.00030485010938718915,0.001345013384707272,0.006974434480071068,-0.11274152994155884,-0.024927642196416855,-0.04824198782444
1724162949.973192,-0.26975265230663875,0.1557568712381787,-0.1005555336727997,0.9449136320835217,-0.5717568959278896,0.2895425746965957,-0.12638498538998527,0.2401033341884613,0.5411103367805481,-0.8059465885162354,0.0026111856568604708,-0.0008809297578409314,0.007439634762704372,-0.09506189078092575,-0.03372339904308319,-0.059078022837638855
1724162950.020928,-0.27169707299286205,0.15504052290933507,-0.100527144915597,0.9444772743872436,-0.5756676833481472,0.2879772586851738,-0.1262764878725452,0.2382386326789856,0.5443949699401855,-0.8042863011360168,0.002376272575929761,0.005036204122006893,-0.004083341918885708,-0.0931081473827362,-0.03590714931488037,-0.0013120862422510982
1724162950.058013,-0.27317553672186984,0.1546279308669861,-0.10013006235502216,0.9441605721585052,-0.5785481613250408,0.2873404562477375,-0.12525488555024245,0.23728102445602417,0.5468089580535889,-0.8029306530952454,0.004091342445462942,0.0037365679163485765,-0.004454627633094788,-0.07064619660377502,-0.015762245282530785,0.016519784927368164
1724162950.112914,-0.27415283347093644,0.15476532952286112,-0.10010716747098782,0.9438571966475132,-0.5805793952054825,0.28771167318462626,-0.12484195589200077,0.23726341128349304,0.5485085248947144,-0.8017758131027222,0.007907002232968807,-0.003368598176166415,0.0020816202741116285,-0.03833413124084473,0.01426638476550579,-0.01639040745794773
1724162950.144116,-0.2751825303840614,0.15524988754621252,-0.1009000275754701,0.9433934507419144,-0.5830112298891701,0.28834557974888436,-0.12603012653177437,0.2373916059732437,0.5505402684211731,-0.8003441095352173,-0.0020566217135638,0.0014026093995198607,0.008707408793270588,-0.06786167621612549,0.015424760058522224,-0.0489608496427536
1724162950.219253,-0.2762613258446589,0.15501393713571468,-0.10173758415550979,0.9430269331197357,-0.5854628762094954,0.28727602840179867,-0.12780948346049723,0.2361523061990738,0.552585244178772,-0.7993007302284241,-0.0011089611798524857,0.007637293078005314,0.009241235442459583,-0.046833597123622894,-0.03816865384578705,-0.05704707279801369
1724162950.232352,-0.2774017662905924,0.1541140790103376,-0.10145574258739298,0.9428699817421619,-0.5876167595053617,0.28541793120919806,-0.1274875094921642,0.23433107137680054,0.5543791055679321,-0.7985942363739014,-0.006158697884529829,0.010779095813632011,0.008309109136462212,-0.05268870294094086,-0.08292734622955322,0.0366184338927269
1724162950.278626,-0.2784994006836644,0.15304629829734656,-0.10015283280145112,0.942859614860352,-0.5893583267252649,0.2838618277507349,-0.12496571886212963,0.23281733691692352,0.5558277368545532,-0.7980298399925232,0.0003124672803096473,0.013734073378145695,-0.005533771123737097,-0.06278800964355469,-0.06796309351921082,0.07628950476646423
1724162950.306288,-0.27984167379433106,0.15235930284707383,-0.09812470304565762,0.9427867205439002,-0.5914465655082874,0.2837038828151914,-0.12045025816688422,0.23236589133739471,0.5575624704360962,-0.7969505786895752,0.00809080433100462,0.004582611843943596,-0.001784352702088654,-0.08359657227993011,-0.053745582699775696,0.07937979698181152
1724162950.3410249,-0.28233841286342587,0.15225915083017333,-0.09680543308138922,0.9421946748400712,-0.5962149798421773,0.28450042389186936,-0.11681628435573119,0.23225173354148865,0.5615145564079285,-0.7942043542861938,0.024433156475424767,-0.026318950578570366,-0.023613570258021355,-0.19598305225372314,0.034897323697805405,-0.06680632382631302
1724162950.3966541,-0.28422841422823175,0.15263979214675324,-0.09806286615164642,0.9414344998586532,-0.6005562282424507,0.2846151891591363,-0.11890771730563844,0.23165622353553772,0.5651014447212219,-0.7918305993080139,-0.0008521470008417964,-0.0048216269351542,0.007804021239280701,-0.023599818348884583,0.007992777042090893,-0.09075731039047241
1724162950.426883,-0.2840727126577116,0.15253711342521356,-0.09966013779402931,0.9413303642743964,-0.6006954053920825,0.28325146011272717,-0.12269546129826711,0.23055417835712433,0.5652163028717041,-0.7920702695846558,-0.0019315481185913086,0.010833102278411388,0.001960691763088107,0.01658574864268303,0.01493900641798973,-0.06814653426408768
1724162950.4593492,-0.2836592951448364,0.15231863563994433,-0.10045529726652731,0.9414059696832484,-0.6000449058897825,0.28216671519166475,-0.12479228036457263,0.22979718446731567,0.5646795630455017,-0.792672872543335,-0.009170164354145527,0.013242281042039394,0.006324853748083115,0.022071683779358864,-0.026261353865265846,-0.02188059315085411
1724162950.5378408,-0.28340103962594965,0.15178677803047652,-0.10004198603596405,0.9416135712341995,-0.5993169926967538,0.28120023481377415,-0.1242947397554936,0.22914497554302216,0.5640786290168762,-0.7932892441749573,-0.010025902651250362,0.012068284675478935,0.009049955755472183,0.02370889112353325,-0.06038603186607361,0.04862240329384804
1724162950.550544,-0.2831349924872281,0.15123619440971425,-0.09827838611239778,0.94196784901962,-0.5981741789335392,0.28112900394496104,-0.12071142800102316,0.2292671650648117,0.5631346106529236,-0.7939243912696838,-0.001351532875560224,-0.0010047969408333302,-0.00015736650675535202,0.03469797968864441,-0.026250366121530533,0.08777667582035065
1724162950.5942369,-0.2819889854638286,0.15088404796300542,-0.09666530654561269,0.9425347940913311,-0.5952784928540287,0.2813693894176176,-0.1175731670377817,0.22990982234477997,0.5607393980026245,-0.795432448387146,0.0038268277421593666,-0.0005338987684808671,-0.011276870034635067,0.07064557820558548,-0.0105854207649827,0.09111528843641281
1724162950.641751,-0.2805313586164073,0.1512295611480087,-0.09564248197751286,0.9430186385456133,-0.5919984942101262,0.2828045506364146,-0.11538347052876574,0.23156315088272095,0.5580205321311951,-0.7968635559082031,0.0073560308665037155,-0.007537907920777798,-0.00898650474846363,0.07745565474033356,0.039623185992240906,0.03929293900728226
1724162950.673472,-0.27841200463544524,0.15214690696026947,-0.09577254787421166,0.9434858896793376,-0.5877603221557409,0.28474150172336704,-0.11561768171006505,0.23376846313476562,0.5544986128807068,-0.7986761331558228,-0.0019795424304902554,-0.0008006672142073512,0.00393287418410182,0.13546065986156464,0.04795762151479721,0.021202940493822098
1724162950.7128959,-0.27572744767716595,0.15282248277992333,-0.09637255433933826,0.9441037284851832,-0.5824677046415131,0.2857720659461644,-0.1172554110923586,0.23541542887687683,0.5500864386558533,-0.8012393116950989,-0.0028424651827663183,0.005320596043020487,-0.0034998615738004446,0.12631598114967346,0.051010485738515854,0.019646521657705307
1724162950.751745,-0.273597089914327,0.15319698566617976,-0.09672600713997775,0.9446265686928264,-0.5782155340898255,0.2863039077973789,-0.11838810516091222,0.23649998009204865,0.5465304255485535,-0.8033506274223328,-0.005505153443664312,0.0025557121261954308,0.006721428129822016,0.08484376221895218,-0.01376437395811081,0.013713722117245197
1724162950.815362,-0.27265853937339585,0.1533715377565089,-0.09631276377108333,0.9449117898546275,-0.5761742180470316,0.28693747118505714,-0.11758956304850399,0.23732414841651917,0.5448198318481445,-0.804269015789032,-0.007088007405400276,0.003820418380200863,0.00012000428978353739,0.029226411134004593,0.0003594736917875707,0.061826419085264206
1724162950.8278751,-0.27212023799905605,0.15330725346678206,-0.09552969658631429,0.945156846330106,-0.5748196133590392,0.2872789497285184,-0.11600670720246405,0.23780767619609833,0.5436834096908569,-0.8048949241638184,-0.0030114660039544106,0.0024631861597299576,-0.0019842558540403843,0.01677624136209488,-0.004242217633873224,0.076931893825531
1724162950.870806,-0.2715478326267146,0.15323118073164524,-0.09432338871601179,0.9454549002883158,-0.5732662524774892,0.2878661147921208,-0.11348470544864896,0.23851971328258514,0.5423790216445923,-0.8055639863014221,-0.003981069661676884,0.0006001257570460439,5.827739369124174e-05,0.023694690316915512,-0.03711485490202904,0.06984205543994904
1724162950.9220638,-0.27071056817738987,0.15289290751568024,-0.09236785713233697,0.9459426936006529,-0.5709102299601858,0.2883174435705788,-0.10952346543862981,0.2392459511756897,0.5403981804847717,-0.8066791296005249,-0.003962676972150803,0.0020462959073483944,0.0027868293691426516,0.044973164796829224,-0.05882630497217178,0.11056537926197052
1724162950.945404,-0.27025280566236193,0.1518366034348857,-0.08944541466574882,0.9465244235091849,-0.5689692087887298,0.28775366611063186,-0.10375935090618403,0.23908835649490356,0.5387639403343201,-0.8078181147575378,-0.008769883774220943,0.011660024523735046,0.0008694746065884829,-0.03578765317797661,-0.08874274045228958,0.171004980802536
1724162950.992096,-0.27082209950306885,0.15011047324673493,-0.0852209045216528,0.9470266826560397,-0.5686993921159006,0.28655113484123046,-0.09521414672182772,0.23815783858299255,0.5385366082191467,-0.8082444667816162,0.007547016255557537,-0.0068819583393633366,-0.002694639377295971,-0.0323372446000576,-0.17429807782173157,0.14222970604896545
1724162951.048187,-0.27172865716591393,0.14925735197721854,-0.08146129068833255,0.9472326767562168,-0.5693656966832041,0.28709058068346,-0.087033188506998,0.23849214613437653,0.5390979051589966,-0.8077715635299683,0.008285298943519592,-0.002749394392594695,-0.011181230656802654,-0.07431264966726303,-0.06862181425094604,0.17947420477867126
1724162951.060302,-0.27258087008566156,0.14928022515030498,-0.07839293489286439,0.9472431148515013,-0.5702063158936647,0.2892077867647556,-0.07983447797401119,0.24007250368595123,0.5398057699203491,-0.8068301677703857,0.005167151801288128,-0.00827053189277649,-0.003690216690301895,-0.05957721918821335,-0.022505803033709526,0.12207819521427155
1724162951.161687,-0.2726469220777,0.1499574778472026,-0.07623539145293969,0.9472932158181588,-0.5697449368234716,0.2921744110371776,-0.07448784018051499,0.24253670871257782,0.5394173264503479,-0.8063528537750244,0.004366549197584391,-0.007276182062923908,-0.0031632892787456512,0.002351112198084593,0.032586924731731415,0.08686857670545578
1724162951.174704,-0.27163118820009097,0.15108708739068907,-0.07552057283644212,0.9474627654231879,-0.567518533378236,0.29513456936195614,-0.07243431812093376,0.24527129530906677,0.5375412702560425,-0.8067783713340759,0.0059090256690979,-0.007785598281770945,-0.007097888272255659,0.055935248732566833,0.08322767168283463,0.01842411980032921
1724162951.1979961,-0.2702622734033814,0.15238864513585365,-0.07614549084002821,0.9475957787058866,-0.5649886089265138,0.2975871005287447,-0.07340342979145616,0.24764716625213623,0.535406231880188,-0.8074719905853271,0.0002093365474138409,-6.804324220865965e-05,-0.0013634136412292719,0.0545320063829422,0.0677262544631958,-0.01599147543311119
1724162951.226956,-0.26915097146187544,0.15357747680231895,-0.07730754687704346,0.9476260506298265,-0.5631522806104456,0.2994656513738791,-0.07557809876091016,0.24945323169231415,0.5338543653488159,-0.8079434037208557,-0.003643067553639412,0.006314945872873068,-0.0029729343950748444,0.03633865341544151,0.09709952026605606,-0.023048676550388336
1724162951.260518,-0.2683844826830225,0.15430093779664011,-0.07824329496734993,0.9476491363970336,-0.5619232218094965,0.30045658283264715,-0.0774443914019088,0.25044772028923035,0.5328146815299988,-0.808322012424469,0.0020494796335697174,0.008062814362347126,-0.00848141685128212,0.008815836161375046,0.07569531351327896,-0.013615724630653858
1724162951.309125,-0.2681098825633513,0.15488448302401328,-0.07846254774102561,0.9476135276446149,-0.5614738712975423,0.3016311629785311,-0.07763786633804005,0.25146809220314026,0.5324344038963318,-0.8082557916641235,-1.839266042225063e-05,-0.0014461700338870287,-0.0027285520918667316,0.008168400265276432,0.02640398219227791,-0.00845726951956749
1724162951.344736,-0.26814522061305973,0.15538194967595703,-0.0782838343795614,0.9475368710320256,-0.5615310399584168,0.3028913655572115,-0.07689599479498649,0.25247737765312195,0.5324827432632446,-0.8079091906547546,0.006269012577831745,-0.004272238351404667,-0.0023216288536787033,0.013574615120887756,0.03476349636912346,0.012939857318997383
1724162951.3748698,-0.2673605709475002,0.15623979911327035,-0.07839390694156508,0.9476084374127626,-0.5600195507204602,0.3047124668492525,-0.07682874696793254,0.2541894316673279,0.5312027931213379,-0.8082149028778076,0.0067464136518538,-0.005887608043849468,-0.0021677117329090834,0.07165318727493286,0.0488826185464859,0.005764066241681576
1724162951.418416,-0.26533964802891113,0.15779061109315778,-0.07903109175987316,0.9478665405138117,-0.5561894920579448,0.30766485093577534,-0.07789311245353905,0.25718870759010315,0.5279538631439209,-0.8093940019607544,0.023092957213521004,-0.012071828357875347,-4.8729474656283855e-05,0.13764290511608124,0.08218032121658325,0.014234261587262154
1724162951.450716,-0.26115359864993903,0.16241216325632218,-0.08319342521438317,0.9478922825677977,-0.5493279944767433,0.31526028203218776,-0.08556557472315383,0.2644459307193756,0.5221142172813416,-0.8108421564102173,0.034763433039188385,-0.058896709233522415,-0.013406877405941486,0.3324146866798401,0.4135820269584656,-0.2717752754688263
1724162951.4891791,-0.2537697330880784,0.16783996030655093,-0.09479373653758558,0.9478633014998087,-0.5385577045618755,0.3200339471084259,-0.11032639567505953,0.27006712555885315,0.5128983855247498,-0.8148613572120667,0.004916921723634005,-0.031471844762563705,-0.010964443907141685,0.47727009654045105,0.4689728319644928,-0.5362856984138489
1724162951.530501,-0.24567053913489495,0.17321090361419617,-0.10949418068192895,0.9474465508379557,-0.527587768301529,0.3232011855355873,-0.1421106419404477,0.2744171619415283,0.5034505724906921,-0.8192879557609558,-0.013591891154646873,0.016179954633116722,0.0013024871004745364,0.4360489845275879,0.46676790714263916,-0.580276370048523
1724162951.585431,-0.23970641948503385,0.1772519037850231,-0.12234810256579502,0.946653840340246,-0.5203811526556582,0.3248727201648572,-0.16985748344141088,0.2769371271133423,0.49721089005470276,-0.822245180606842,-0.037154506891965866,0.04876670241355896,0.019840586930513382,0.2589380741119385,0.2752428352832794,-0.43003734946250916
1724162951.617885,-0.2373516484979666,0.1787288684832892,-0.13004574458515086,0.9459430231743363,-0.518442755680697,0.3238491079138887,-0.186656536192075,0.2764015197753906,0.49552813172340393,-0.8234403729438782,-0.030507158488035202,0.0472838319838047,0.014639937318861485,0.07811852544546127,0.1183386743068695,-0.202355295419693
1724162951.64822,-0.23705243391292422,0.17828952603555007,-0.13206609115370205,0.9458210000942286,-0.5184222771359701,0.32171500703059336,-0.19146639691423828,0.2746467888355255,0.4955103397369385,-0.8240379691123962,-0.01493213139474392,0.028256913647055626,0.014483494684100151,0.054008178412914276,-0.039868202060461044,0.008883071132004261
1724162951.7158241,-0.23674349226155525,0.1780209593683561,-0.12993314650962914,0.9462443447040142,-0.517024824503986,0.32234019140030107,-0.1869932722923235,0.2753809988498688,0.49429604411125183,-0.8245221376419067,-0.0027173501439392567,0.016921252012252808,0.00013725203461945057,-0.01784246601164341,-0.045218732208013535,0.1631944328546524
1724162951.7547488,-0.2371486944136518,0.17760187217744744,-0.12624513230272252,0.9467207373361434,-0.5165347122473888,0.3234841536431729,-0.17898201315653897,0.27640101313591003,0.49386993050575256,-0.8244361281394958,0.004818415734916925,-0.0008722987258806825,-0.005511932075023651,-0.030057724565267563,-0.055737562477588654,0.18982288241386414
1724162951.782889,-0.23702961737154438,0.17715991468839526,-0.12288237352247146,0.9472756115264431,-0.5150799336207167,0.3244004205419592,-0.17185542120903186,0.27738499641418457,0.49260440468788147,-0.8248626589775085,0.007227406837046146,-0.011150607839226723,0.003065124386921525,0.022775888442993164,-0.06602008640766144,0.14109106361865997
1724162951.8119211,-0.23615755275618114,0.17604954637905496,-0.12055499312659734,0.9479992384362075,-0.5123211077126817,0.3232296726755126,-0.16762616962528626,0.2768497169017792,0.4902016818523407,-0.8264723420143127,0.004502398427575827,-0.008788579143583775,0.0053267511539161205,0.05223671346902847,-0.09761971235275269,0.08983449637889862
1724162951.868474,-0.23533402446597657,0.17460704288711892,-0.11885165429663905,0.9486856607763919,-0.5098206368250244,0.3209547980240976,-0.1649524573711669,0.2753547132015228,0.48802071809768677,-0.8282605409622192,0.009893687441945076,-0.012033354490995407,-0.002077246317639947,0.03176598623394966,-0.08636803179979324,0.0483582504093647
1724162951.899096,-0.23481769466593538,0.17354978173339033,-0.11769583091013518,0.949151597538366,-0.5082021002293974,0.319233272925037,-0.16317029578802197,0.2741759717464447,0.4866073429584503,-0.8294822573661804,0.005887082777917385,-0.003413975005969405,-0.004521528258919716,-0.0070674060843884945,-0.06177433207631111,0.055157944560050964
1724162951.937881,-0.23485929630527863,0.17257950876142175,-0.11659422059779771,0.9494541242032355,-0.5077585415084896,0.3176698230292103,-0.16129825429389527,0.27294617891311646,0.4862197935581207,-0.8301148414611816,0.008538603782653809,-0.007220358122140169,0.003070298582315445,0.008878172375261784,-0.0990815982222557,0.02309536747634411
1724162952.004191,-0.23482213707209362,0.17252840926102864,-0.1163255265728084,0.9495055138726567,-0.5075856826753382,0.3177051300424678,-0.16074767428111603,0.2730017304420471,0.4860687553882599,-0.830185055732727,0.0023870065342634916,-0.008076849393546581,0.0007695850799791515,0.018296442925930023,-0.017741315066814423,-0.00749698793515563
1724162952.015778,-0.23440011507991781,0.1722134200831108,-0.11647670440851356,0.9496484232428511,-0.5067212336261626,0.3169192888754312,-0.16138087568598364,0.2724801003932953,0.4853131175041199,-0.8307982683181763,0.002078606281429529,-0.003604069584980607,-0.0008999378769658506,0.011670993641018867,-0.022800231352448463,-0.015256530605256557
1724162952.069296,-0.234166038761809,0.17203377085064486,-0.11635734799475439,0.9497534354021411,-0.5061742569267733,0.31658558096008166,-0.16128804716521197,0.27228546142578125,0.48483479022979736,-0.8311412930488586,-0.0034852754324674606,0.0004309257783461362,0.002940746257081628,0.0034516071900725365,-0.02882537990808487,0.008963282220065594
1724162952.098144,-0.23412749475584457,0.1716747815611432,-0.11620338729592726,0.9498467374106444,-0.5059845472543524,0.31586692899174,-0.16116738615982576,0.2717166543006897,0.4846688508987427,-0.8314241766929626,0.0,0.0,0.0,0.006037216633558273,-0.023857219144701958,0.0035165268927812576
1724162952.129228,-0.23405637634408755,0.17166282160881774,-0.11610035055802338,0.9498790155796535,-0.5058037531756419,0.3158980876197781,-0.16096785855854367,0.27176976203918457,0.48451071977615356,-0.8314989805221558,0.0016231478657573462,-0.006360322702676058,-0.0036302146036177874,0.028558291494846344,0.012322560884058475,-0.0088207321241498
1724162952.205343,-0.2337354226431455,0.17184242577603534,-0.11660084681531878,0.9498642450013357,-0.5053432166190525,0.31602721701010755,-0.16205382445171224,0.2719464600086212,0.4841077923774719,-0.8316758871078491,7.70792830735445e-05,-0.0022032763808965683,-0.004774534609168768,0.017342589795589447,0.02919839136302471,-0.03236924856901169
1724162952.218199,-0.23330125543865649,0.17206126895859536,-0.11736807961983357,0.9498368347171963,-0.5047461405566559,0.31609907829275746,-0.1637344741911107,0.27209600806236267,0.48358526825904846,-0.8319308757781982,-0.0022695916704833508,0.0029481197707355022,-0.005391927435994148,0.006985784973949194,0.023916270583868027,-0.030897904187440872
1724162952.280812,-0.23337126677344017,0.17211071934034672,-0.11790082988485957,0.9497447780441453,-0.5050718006944716,0.31591408435526774,-0.16485666100193708,0.271893173456192,0.4838702976703644,-0.8318315148353577,-0.0059458110481500626,0.0048932586796581745,0.0016407843213528395,-0.011730363592505455,-0.006255622021853924,-0.016877323389053345
1724162952.318234,-0.23358650343798562,0.17188515579994826,-0.11800416998669554,0.9497198288472054,-0.5055055219794441,0.3153479849583038,-0.1651534591761357,0.27135711908340454,0.4842498004436493,-0.8317856788635254,-0.00482200738042593,0.004519929178059101,0.0004330126103013754,-0.0036874699871987104,-0.008966454304754734,0.004078167490661144
1724162952.330443,-0.23412272428947348,0.17170930685619085,-0.11770838569284228,0.9496563097806714,-0.5064723692261459,0.3151091689416346,-0.1644558874886872,0.2710132300853729,0.4850955009460449,-0.8314049243927002,-0.0019831343088299036,0.0028469630051404238,-0.0011460449313744903,-0.025818441063165665,-0.0074206264689564705,0.014592570252716541
1724162952.379103,-0.23437963179260177,0.17154365992774553,-0.11733023819339433,0.9496696743906451,-0.5068446126062496,0.31494403498881346,-0.163648865929757,0.2708199918270111,0.48542097210884094,-0.8312779068946838,0.0024385512806475163,-0.0022608728613704443,-0.006507509388029575,-0.0035036266781389713,0.001154918922111392,0.010596025735139847
1724162952.420438,-0.23387842263615913,0.1718717051466837,-0.11713222290815656,0.9497583716838501,-0.5058136999069395,0.3157964794841922,-0.16316427906250183,0.27168378233909607,0.48451942205429077,-0.8315219879150391,0.0027250086423009634,-0.002362029394134879,-0.0022616267669945955,0.037086326628923416,0.026895906776189804,0.03093196265399456
1724162952.461911,-0.23295360720421196,0.17267505825643312,-0.1169534730560576,0.9498619192311659,-0.504006158028072,0.3177074766753894,-0.16256972242616288,0.27354544401168823,0.48293742537498474,-0.8318318724632263,0.004072949755936861,0.002290397649630904,-0.007183179259300232,0.044131483882665634,0.07986802607774734,0.032167911529541016
1724162952.502929,-0.23202200710720094,0.17368240085364128,-0.11681404971511894,0.949923512643325,-0.5022323447420505,0.32005090669875114,-0.1619516496422397,0.2757631242275238,0.48138341307640076,-0.8320004343986511,0.00615155603736639,-0.0013136719353497028,-0.008083117194473743,0.022088199853897095,0.059587039053440094,0.0116092124953866
1724162952.531976,-0.2315435543951443,0.17446469794158756,-0.11663781882811705,0.9499184816296429,-0.5013312177126196,0.3219033529898781,-0.16125617603550577,0.27744102478027344,0.48059338331222534,-0.8318992853164673,-0.0028608161956071854,0.006044589448720217,0.0041554169729352,0.004092025570571423,0.0364418663084507,0.03518231213092804
1724162952.56952,-0.23139141965645044,0.17466985683524996,-0.11608721343860066,0.9499853277770518,-0.5008721971925844,0.32266495326226174,-0.15997676757959692,0.2781444191932678,0.48019078373908997,-0.8318969011306763,-0.0003451440716162324,0.003750602947548032,0.0032572040800005198,-0.00935794971883297,-0.008575457148253918,0.038161780685186386
1724162952.612061,-0.23148172793610752,0.17435729865558539,-0.11514686998933166,0.9501351668232629,-0.5006903401323228,0.3224787670626933,-0.1580685426313162,0.27801722288131714,0.48003125190734863,-0.8320314884185791,0.0015205338131636381,0.003862207056954503,-0.0013582393294200301,-0.011333858594298363,-0.010853591375052929,0.05755740776658058
1724162952.646661,-0.2317260988038788,0.17376125870529685,-0.11389877979932052,0.950335251397943,-0.5006744914169217,0.3218257840142428,-0.15560307261762343,0.2774762511253357,0.48001736402511597,-0.8322200775146484,0.003981069661676884,-0.0006001257570460439,-5.827739369124174e-05,0.0019894097931683064,-0.0516810268163681,0.046252138912677765
1724162952.702986,-0.2320193511762672,0.17290714235534058,-0.11240608557933801,0.950597134154467,-0.5006381732723546,0.320729572143066,-0.15273469496369174,0.27656930685043335,0.4799855053424835,-0.8325402736663818,0.0003415938117541373,0.0020671901293098927,0.002047707559540868,-0.018974263221025467,-0.07676593214273453,0.08345592767000198
1724162952.733924,-0.23200828066744206,0.17170382219565325,-0.1103760723938937,0.9510557004833864,-0.4997539362020343,0.31914582846017453,-0.14897713941911242,0.27538347244262695,0.4792096018791199,-0.8333799242973328,0.0040581487119197845,-0.0028034020215272903,-0.004832811653614044,0.0020477469079196453,-0.07067447155714035,0.08218276500701904
1724162952.7684321,-0.23172887046855198,0.1705362653917404,-0.10790560614515572,0.9516172840117284,-0.4981919410891909,0.3178786418569613,-0.14431465544964675,0.2745608389377594,0.47783803939819336,-0.8344382047653198,-0.0010686672758311033,0.0025416763965040445,-0.0009904031176120043,-0.0024626189842820168,-0.08961894363164902,0.13279791176319122
1724162952.811717,-0.23133824026549635,0.16932557948055646,-0.1051719177254758,0.9522342858434506,-0.49632023205993847,0.31665152193649704,-0.13913607204314643,0.27381467819213867,0.47619301080703735,-0.8356229662895203,0.0047632791101932526,-0.0030406455043703318,-0.0033137567806988955,0.010222462937235832,-0.0909343883395195,0.12921541929244995
1724162952.906646,-0.23062462923965515,0.16850645711193152,-0.10255527491427095,0.9528379834552603,-0.4938941701876664,0.31622315237989645,-0.13409201947285937,0.2738151550292969,0.47405827045440674,-0.8368357419967651,0.007833432406187057,-0.009153278544545174,-0.00883258692920208,0.033771827816963196,-0.056540995836257935,0.10733253508806229
1724162952.919015,-0.22936569854467787,0.16814603952598783,-0.1008048546066686,0.9533921139741824,-0.49070835002587804,0.31633342748977794,-0.13084850294732342,0.274375855922699,0.4712507724761963,-0.8382365703582764,0.004462020937353373,-0.008033288642764091,-0.0052092717960476875,0.06684766709804535,-0.032569218426942825,0.05805448070168495
1724162952.9442039,-0.22805004817826352,0.16787819417081754,-0.09999031702995545,0.9538405660626408,-0.48772703423724,0.31614377900291357,-0.1296136211507924,0.27465248107910156,0.468619167804718,-0.8396201729774475,0.005740025080740452,-0.010643009096384048,-0.005582282319664955,0.05494869500398636,-0.024168094620108604,0.009642889723181725
1724162952.978435,-0.22732737561670224,0.16748908269321766,-0.09971233011356856,0.954110569204084,-0.48611259644768295,0.31541105673333525,-0.12943734540504706,0.27427151799201965,0.4671923518180847,-0.8405393362045288,-0.0008741315104998648,-0.002620166866108775,-3.4495024010539055e-06,0.033126045018434525,-0.031435370445251465,0.0010591527679935098
1724162953.008555,-0.22666142688495253,0.16699011298547747,-0.09962669181158827,0.9543654206746027,-0.4846616478347107,0.3143349072688352,-0.12972142713991594,0.27357611060142517,0.4659090042114258,-0.8414778113365173,-0.00045545841567218304,-0.0027562533505260944,-0.002730276668444276,0.036857400089502335,-0.03121216595172882,-0.008171734400093555
1724162953.066685,-0.22582929748633102,0.16657415327579486,-0.09940707110604505,0.9546581891415752,-0.48284056263110914,0.3135119056018954,-0.1297159988581493,0.2731446921825409,0.4642968773841858,-0.8425083756446838,-0.0005509303882718086,-0.001999146770685911,-0.0006842939183115959,0.05129082873463631,-0.022946948185563087,0.009020322933793068
1724162953.107977,-0.22465697938663912,0.16622476148236448,-0.09907198104342815,0.9550304831425849,-0.48029966931822976,0.3128924435592685,-0.1295218760508061,0.2729850113391876,0.46204495429992676,-0.8437971472740173,-0.0008557388791814446,-0.0011739969486370683,0.002725102473050356,0.07887189835309982,-0.024876508861780167,0.014750329777598381
1724162953.1369638,-0.22290842258587365,0.16556189753904213,-0.09866976405939878,0.9555967966009552,-0.47652384041221785,0.311605978038893,-0.12951711490861792,0.27243220806121826,0.4586930572986603,-0.8458021879196167,-0.00011386460391804576,-0.0006890633376315236,-0.000682569167111069,0.09595628827810287,-0.046612486243247986,0.031048763543367386
1724162953.168961,-0.22000764385401533,0.1642735295763951,-0.09829637598638752,0.9565294018143431,-0.4703323187174272,0.308914516144741,-0.1302327368110659,0.2710130214691162,0.45318254828453064,-0.8492217063903809,0.0017186615150421858,-0.004947266541421413,0.004707633517682552,0.22971855103969574,-0.07666365057229996,0.01951136626303196
1724162953.22177,-0.21562810844879643,0.16166493881014996,-0.09826300051007643,0.9579735456380662,-0.4610664071154674,0.30316126005327904,-0.13275960328151717,0.2673649489879608,0.4449034035205841,-0.8547379374504089,0.0018472853116691113,-0.001334566273726523,-0.00734399538487196,0.21908190846443176,-0.11533468216657639,0.01840921863913536
1724162953.2535229,-0.21205934055367068,0.15910351783822824,-0.09774074710570771,0.9592516048718939,-0.4533040969019402,0.29780337446999144,-0.1339221991103131,0.2637869417667389,0.4379383325576782,-0.8594338297843933,0.002949145855382085,0.002663727616891265,-0.005975407548248768,0.17618635296821594,-0.10397426784038544,0.04762884974479675
1724162953.281529,-0.20923742741343987,0.15712028138239184,-0.09715026502165679,0.9602576024611567,-0.4471219614000683,0.29376952501994386,-0.1344048702733425,0.2610969543457031,0.43237221240997314,-0.8630658388137817,0.004340972751379013,-0.001427092356607318,-0.01604967936873436,0.0985562652349472,-0.05623484402894974,0.04591768607497215
1724162953.3367,-0.2077362869240718,0.15599967478092544,-0.09654618611915301,0.9608269562990007,-0.4437392762706705,0.2916256859998344,-0.13406052547869043,0.2596651017665863,0.4293195903301239,-0.8650195002555847,0.008725915104150772,-0.00725710391998291,-0.016484417021274567,0.07132843136787415,-0.023812344297766685,0.012140057049691677
1724162953.3683639,-0.20707661991355822,0.1556958886634395,-0.09636512349397879,0.9610367916774145,-0.4423050261719314,0.291056383955169,-0.13399571815944375,0.2593490183353424,0.4280238151550293,-0.8657561540603638,0.00792890414595604,-0.009910385124385357,-0.01087857037782669,0.0060156648978590965,-0.0019714373629540205,-0.026956988498568535
1724162953.426677,-0.207105589657445,0.1556974865049305,-0.09704826797840148,0.960961534857041,-0.4425678816895898,0.29073685004275396,-0.13545171831019168,0.25904011726379395,0.4282613694667816,-0.8657311201095581,0.001468947739340365,-0.004123933147639036,-0.0044649760238826275,-0.026721306145191193,0.019140247255563736,-0.026042234152555466
1724162953.4591022,-0.20761002592402825,0.15597999887029845,-0.09765060441017881,0.9607458089423823,-0.4438105955518885,0.29106096879959037,-0.13647217508552287,0.25916776061058044,0.4293840229511261,-0.8651366233825684,0.0003451440716162324,-0.003750602947548032,-0.0032572040800005198,-0.043372657150030136,0.02614961750805378,-0.024751819670200348
1724162953.548686,-0.2087432969008123,0.15659898980621373,-0.09785467705343613,0.9603787529577524,-0.44625813067256564,0.2922997387116513,-0.13630620849953873,0.2599356770515442,0.4315931499004364,-0.8638060092926025,-0.0006096586002968252,-0.0005198634462431073,-0.003565038088709116,-0.06505527347326279,0.042087286710739136,-0.0008973188232630491
1724162953.562458,-0.2098415373744794,0.15719706720077084,-0.09747506556857423,0.9600802429461475,-0.4484563233294443,0.2937756829401465,-0.13490272624580232,0.2609349489212036,0.4335750341415405,-0.8625112175941467,1.1208932846784592e-05,0.008741430006921291,-0.00742928683757782,-0.09030071645975113,0.03880467265844345,0.04295467957854271
1724162953.569275,-0.21152808329349435,0.15860885754872764,-0.09683825005411202,0.9595422579172016,-0.45188163704801937,0.2971596636336479,-0.13237465853744523,0.26341578364372253,0.4366590678691864,-0.8601981997489929,-0.001046724384650588,-0.001829946762882173,-0.003566762898117304,-0.11561176180839539,0.05747043341398239,0.01995055191218853
1724162953.599269,-0.21354054713323886,0.15937093464881918,-0.09653161599239038,0.9590009657808941,-0.4559771611049215,0.29897383204458966,-0.13077952469766166,0.2644469439983368,0.4403398633003235,-0.8580026626586914,0.010936778038740158,-0.008725940249860287,-0.013973234221339226,-0.13502459228038788,0.07712332159280777,-0.03577204421162605
1724162953.6542292,-0.21592929125362098,0.1604405247353762,-0.0972366683004138,0.9582162513193669,-0.46119136384282094,0.30097711219955964,-0.13109194773932972,0.2654809355735779,0.4450153112411499,-0.8552667498588562,0.0031104881782084703,-0.009038085117936134,-0.0053666383028030396,-0.12769465148448944,0.05140985921025276,-0.05574655532836914
1724162953.683284,-0.21788429766645184,0.16122236653683084,-0.09824357322223132,0.9575394928110369,-0.46558293209187335,0.30219962112018495,-0.13231708816535645,0.2659420967102051,0.44894376397132874,-0.8530675768852234,-0.001887662336230278,0.0020898564253002405,-0.003192027797922492,-0.12186267226934433,0.04799770191311836,-0.04768608137965202
1724162953.7266889,-0.21993987393600362,0.1623310393820065,-0.09879763098273246,0.9568249504078323,-0.47008690139272225,0.30437170241035083,-0.13235934749740047,0.26718568801879883,0.45296376943588257,-0.8505501747131348,-0.0010870599653571844,0.0010955065954476595,-0.0037189549766480923,-0.1110503226518631,0.060376401990652084,-0.025659486651420593
1724162953.8232589,-0.22186638310700835,0.1630125485679903,-0.09843350515606465,0.9563017279054435,-0.4739834540696146,0.3060750013188394,-0.13066576672869137,0.26810020208358765,0.4564342200756073,-0.8484044671058655,-0.009188557043671608,0.01179611124098301,0.0035963014233857393,-0.10903927683830261,-0.008850079029798508,0.07183383405208588
1724162953.83686,-0.2235238083525632,0.16332542286623225,-0.09705480915896136,0.9560032247662554,-0.4769615954024792,0.3074939512771549,-0.1270365480583473,0.2688911259174347,0.4590820074081421,-0.8467238545417786,0.0006647949339821935,0.0026882102247327566,0.0013668631436303258,-0.08576256036758423,-0.015140860341489315,0.05753529816865921
1724162953.872004,-0.22533048309150122,0.16334436983207784,-0.09595559398927982,0.9556867355064552,-0.4802921818629965,0.3081349961549477,-0.1241193286713363,0.2689686417579651,0.4620383381843567,-0.8450896143913269,-0.0018253423040732741,-0.003037057351320982,0.004767635837197304,-0.08940631151199341,-0.041531212627887726,0.01492542214691639
1724162953.913259,-0.22726649357559692,0.16265219958497895,-0.09496024010409629,0.9554458255750639,-0.4838296137838491,0.3071593411501207,-0.12177102079954374,0.2676481604576111,0.4651726484298706,-0.8437883853912354,0.003051801584661007,-0.005388639401644468,0.0021364481654018164,-0.08828306943178177,-0.06809935718774796,0.005232201889157295
1724162953.925775,-0.22888541618817015,0.1620753533165355,-0.09425646465859762,0.9552269974367236,-0.4868320640962998,0.3062869764473667,-0.12008582547112695,0.2664896547794342,0.4678283631801605,-0.842686116695404,0.0059458110481500626,-0.0048932586796581745,-0.0016407843213528395,-0.06313241273164749,-0.03135433420538902,0.0030631301924586296
1724162954.000881,-0.22999959387962993,0.16136788245111977,-0.09406276994741988,0.9550983055400297,-0.48895304179948307,0.30484471290161097,-0.11973114182366064,0.26497557759284973,0.4697018563747406,-0.8421211838722229,0.00032320115133188665,0.000621020095422864,-0.000680844415910542,-0.046334005892276764,-0.031134672462940216,0.002833469770848751
1724162954.01399,-0.23100609463475655,0.16106032935935272,-0.0938620933858354,0.9549270207469309,-0.49090345360786525,0.30429340847213865,-0.11917313881436808,0.26423630118370056,0.47142285108566284,-0.8413915038108826,0.0024202000349760056,-0.0015368794556707144,0.0011477696243673563,-0.043785180896520615,-0.029058851301670074,-0.008070389740169048
1724162954.057121,-0.2318716898221041,0.16097013337885985,-0.09387974930261603,0.9547306261874189,-0.49266278402794095,0.3041063403877253,-0.1190115292208639,0.26383012533187866,0.47297367453575134,-0.8406482934951782,0.003544003702700138,-0.0019102091901004314,-6.0002144891768694e-05,-0.024878088384866714,-0.0004011712735518813,-0.026182934641838074
1724162954.111892,-0.23216941412729042,0.16083768261434317,-0.09415171167470028,0.9546538865114459,-0.49333875550852146,0.3036732258736993,-0.11959299037796506,0.2633703351020813,0.4735691547393799,-0.8404572010040283,0.0,0.0,0.0,-0.007382206618785858,-0.014977975748479366,-0.02276916429400444
1724162954.123571,-0.23234628457100295,0.16071338369646282,-0.0943031306637246,0.9546168164129352,-0.4937313436608144,0.30331944507631514,-0.11994205043697038,0.2630174458026886,0.47391489148139954,-0.8403728604316711,0.001351532875560224,0.0010047969408333302,0.00015736650675535202,0.001101777539588511,-0.0003420326975174248,-0.019399072974920273
1724162954.170506,-0.2327333944669299,0.16076537406326916,-0.09443038030697974,0.954501183878354,-0.4945673313202037,0.30337690885906465,-0.1200792899463512,0.2629472613334656,0.47465088963508606,-0.839979350566864,-0.0025708083994686604,0.00012563931522890925,0.0030963881872594357,-0.024973910301923752,-0.014988059177994728,0.019296754151582718
1724162954.2020411,-0.23300250536912268,0.1610314017378025,-0.09459464233607214,0.9543743868388425,-0.4952011667366541,0.30388853310004454,-0.12021111305670733,0.26328691840171814,0.47520866990089417,-0.8395574688911438,-0.00048458512173965573,0.008910629898309708,-0.01031175535172224,-0.01641540601849556,0.049141526222229004,0.009016625583171844
1724162954.256753,-0.23306137169546984,0.16158252793367928,-0.09482137968578937,0.9542443658326963,-0.4954617863331467,0.30499683012773915,-0.1203795728173068,0.2641800343990326,0.4754379689693451,-0.8391469717025757,0.0027434013318270445,-0.0009158593602478504,0.0004669252666644752,-0.0034812919329851866,0.014297453686594963,-0.025030208751559258
1724162954.28586,-0.23319806843098612,0.16205544199384833,-0.09516281225331755,0.9540967935739363,-0.49590788060878266,0.3058709865677358,-0.12081967207190228,0.26484957337379456,0.4758303761482239,-0.8387134075164795,-0.002629536669701338,0.001604922697879374,0.00021564390044659376,-0.012824008241295815,0.03050011768937111,-0.011884838342666626
1724162954.316814,-0.23330447811053717,0.16204004955760673,-0.09542340513172773,0.9540473592667765,-0.496205228173904,0.30569852978229256,-0.1213667543891368,0.26466235518455505,0.4760918617248535,-0.838624119758606,-0.005923868156969547,0.0005216353456489742,-0.0009355752845294774,-0.001182615291327238,-0.002487712539732456,-0.022440632805228233
1724162954.371772,-0.23325107275466872,0.16194895137911527,-0.09593777597110321,0.9540242995941969,-0.4962468003498841,0.30521550386582796,-0.12255739744969646,0.2642512917518616,0.4761284291744232,-0.8387329578399658,0.0028939680196344852,-0.0016747823683544993,-0.014161063358187675,-0.007997975684702396,0.042016878724098206,-0.02990497648715973
1724162954.4229388,-0.2333962042404841,0.16269225634964382,-0.09676438818633414,0.9537788095918458,-0.49689955361910576,0.3064300575084805,-0.1239028240280869,0.2651759684085846,0.47670233249664307,-0.8381149172782898,0.0017885570414364338,0.0001447172835469246,-0.010224739089608192,-0.02359135076403618,0.06176779046654701,-0.02209325321018696
1724162954.457041,-0.23385162691726283,0.16421444280022993,-0.09747842102833942,0.9533335607876391,-0.4982533034035665,0.3094527031391659,-0.1244706987757789,0.2675113081932068,0.4778919517993927,-0.836694061756134,-0.003210068680346012,-0.010581823997199535,0.0042320843786001205,-0.012015311978757381,0.06374931335449219,-0.03720218315720558
1724162954.534484,-0.23373265124337475,0.16544149063042174,-0.09844620117428166,0.9530511511226039,-0.49848165931382094,0.31166502895184545,-0.1259265190103115,0.269328236579895,0.4780925214290619,-0.8359963297843933,-0.003176875179633498,-0.004041854292154312,0.004610269330441952,0.019480956718325615,0.07216433435678482,-0.03418520838022232
1724162954.547308,-0.23334638524995527,0.16618829792685413,-0.09963397745323306,0.9528923721452772,-0.49817594538311105,0.3126789569105063,-0.1282140739276445,0.27022066712379456,0.47782400250434875,-0.83586186170578,-0.0022879429161548615,0.003672112710773945,0.0022633513435721397,0.006817258894443512,0.042913343757390976,-0.04166451096534729
1724162954.558347,-0.23349971941341197,0.16657161512749563,-0.1004328662593178,0.9527040405417442,-0.49879850504522666,0.31310467523973345,-0.12969853071246235,0.2704848051071167,0.4783707857131958,-0.8354635834693909,0.003713004756718874,0.0009472009260207415,-0.0015756080392748117,-0.01595301181077957,0.03158154338598251,-0.040398240089416504
1724162954.620616,-0.23413535392473553,0.1672062603812147,-0.10111614863856842,0.9523644970461529,-0.5004027012534512,0.31416483053499095,-0.13064537338818236,0.2711328864097595,0.479778915643692,-0.8344454169273376,0.0010834680870175362,0.0025521237403154373,-0.0013599640224128962,-0.04382811486721039,0.023393364623188972,-0.02748209796845913
1724162954.651802,-0.23488614003970815,0.1678816212259809,-0.10164346156829293,0.9520045670715716,-0.5021982155418858,0.3154037993127751,-0.13119229798471937,0.27189886569976807,0.4813534915447235,-0.8332885503768921,0.0027066576294600964,-0.001638036104850471,0.005393652245402336,-0.025053715333342552,0.03023148886859417,-0.02633971907198429
1724162954.724433,-0.23529205616917884,0.16827330704887053,-0.1023252913623409,0.951762100462595,-0.50330274912016,0.3159152447263894,-0.1323410739755445,0.2721596658229828,0.4823213517665863,-0.8326435089111328,0.003562396392226219,-0.0004640392726287246,0.00266854977235198,-0.008747548796236515,0.0248025581240654,-0.03475676104426384
1724162954.759756,-0.2356766389848905,0.1684012858434982,-0.10298461159226222,0.951573229241592,-0.504320494560003,0.31584694975586225,-0.133598554226214,0.2719501852989197,0.4832126498222351,-0.8321950435638428,0.0069118645042181015,0.002787594683468342,0.0016215939540416002,-0.01901649869978428,0.006374269723892212,-0.022823192179203033
1724162954.765184,-0.23610603534128063,0.16897515984072825,-0.10315896481513027,0.9513461672871011,-0.5053340309945962,0.3170457974423371,-0.13352320476279544,0.27279484272003174,0.48409974575042725,-0.8314026594161987,0.0027066576294600964,-0.001638036104850471,0.005393652245402336,-0.00709519162774086,0.01111567858606577,-0.010037834756076336
1724162954.808516,-0.23645843532572788,0.16894449262789338,-0.10323996386777663,0.9512552522922443,-0.5060753779565561,0.31693977243620675,-0.13361383572340152,0.27259474992752075,0.48474830389022827,-0.8310903310775757,-0.001046682707965374,0.0003402160946279764,0.006817067973315716,-0.014338472858071327,-0.033046968281269073,-0.017339656129479408
1724162954.836567,-0.23679238280349366,0.1683963031039383,-0.10341704701185497,0.9512501783303123,-0.5067379170083232,0.3156192447489367,-0.13422022533245803,0.27139729261398315,0.48532769083976746,-0.8311440944671631,0.007029279135167599,-0.002341135172173381,-0.0030007483437657356,-0.019156455993652344,-0.01249034982174635,-0.034493766725063324
1724162954.896667,-0.23723501347446757,0.16798178259302432,-0.1034254373217534,0.9512122416312903,-0.5075858344096754,0.31469363985970017,-0.13434819630657627,0.27050039172172546,0.48606887459754944,-0.8310033679008484,-0.0024717445485293865,-0.00427909754216671,0.006129324436187744,-0.008301258087158203,-0.05690418928861618,-0.0138231310993433
1724162954.928364,-0.23759979975616063,0.16764570656118138,-0.10331907439588695,0.9511920355199065,-0.5082487128426647,0.3140060334573316,-0.13420243453098452,0.26982933282852173,0.4866480827331543,-0.8308824896812439,0.0038048848509788513,0.0038377244491130114,-0.008700509555637836,-0.027360443025827408,0.014943273738026619,0.006244955584406853
1724162954.959146,-0.23811667586937801,0.16740149731047813,-0.10316162383479757,0.9511228917303631,-0.509218746458993,0.3135561571607747,-0.13384696741282082,0.26930978894233704,0.4874952733516693,-0.8305543661117554,0.0006464023026637733,0.001242040190845728,-0.001361688831821084,-0.01895824447274208,-0.016959495842456818,-0.007660234812647104
1724162955.014186,-0.23842805047696378,0.16669384090071862,-0.10304314880512074,0.9511820702320022,-0.5097170563329473,0.3120400114368488,-0.13390760779955432,0.2679756283760071,0.4879302978515625,-0.8307304382324219,-0.0024788868613541126,0.005186325870454311,0.006355317309498787,-0.001639023539610207,-0.04895293340086937,-0.0006064838962629437
1724162955.053403,-0.23840693001068847,0.1653472586860088,-0.10230286529202386,0.9515022219863111,-0.5092475864282968,0.3094311023701517,-0.13307066664620157,0.2658771574497223,0.4875204563140869,-0.8316448330879211,-0.005453567486256361,0.010541852563619614,0.009828165173530579,0.020270535722374916,-0.0985407903790474,0.04300390183925629
1724162955.090455,-0.23788715962594698,0.16298372770333597,-0.10076835886193576,0.9522036237364144,-0.5073711364179787,0.3049768498679373,-0.13121980584763637,0.262444406747818,0.4858812391757965,-0.8336920142173767,-0.007778295781463385,0.011321624740958214,0.006634412799030542,0.04313481226563454,-0.1556997150182724,0.06615446507930756
1724162955.133004,-0.23764741832899863,0.15988610107376405,-0.09811351855961489,0.9530654957883905,-0.5056327213685717,0.299509221200013,-0.12724701094907737,0.2581309974193573,0.48436108231544495,-0.8359202742576599,0.0014546632301062346,0.014806913211941719,-0.004012990742921829,-0.0028466563671827316,-0.1870294213294983,0.12780772149562836
1724162955.162931,-0.23825887243968474,0.15734057706008764,-0.09469562091724106,0.9536819914824058,-0.5055004024615262,0.29572150554728976,-0.1210400445469133,0.2549816071987152,0.48424533009529114,-0.8369532823562622,0.009232958778738976,0.00348528940230608,-0.010647404007613659,-0.04807058721780777,-0.1734117865562439,0.1383708417415619
1724162955.201726,-0.2391893806201072,0.15561422452519222,-0.09187616679975986,0.9540080247520721,-0.5063307545350131,0.29344931211832703,-0.1155862118013882,0.2529628276824951,0.48497167229652405,-0.8371453285217285,0.0030446595046669245,0.004076784010976553,0.002362440340220928,-0.04801034554839134,-0.10498728603124619,0.12517261505126953
1724162955.2567282,-0.2401270179274117,0.15414416173285117,-0.08938317994986542,0.9542479301115963,-0.5073207654872641,0.29157701575996714,-0.11069920974695709,0.2512568533420563,0.4858372211456299,-0.8371571898460388,-0.0009660116629675031,-0.005510690156370401,0.007121452130377293,-0.05102197825908661,-0.11120475083589554,0.08165303617715836
1724162955.342721,-0.24079680760509053,0.15258504068230294,-0.08752506123609209,0.9545019757976596,-0.5079557124356615,0.2891471465467741,-0.10733353311242294,0.24913392961025238,0.486392080783844,-0.8374693989753723,0.00851661991328001,-0.005018898285925388,-0.004737172741442919,-0.03638964146375656,-0.07672069221735,0.03881121799349785
1724162955.3487191,-0.24137515170202703,0.15150248529255858,-0.08626597982109227,0.9546428965013137,-0.5086437844392175,0.28744915593292897,-0.1050337954290441,0.24761661887168884,0.4869931638240814,-0.837570071220398,0.00567774660885334,-0.0033459318801760674,-0.0031581148505210876,-0.022918278351426125,-0.062269799411296844,0.024769939482212067
1724162955.372847,-0.24127503598229225,0.1502781246492427,-0.0853701282487743,0.9549422171292457,-0.5080402633556527,0.28520438665688436,-0.10380358833065205,0.24581848084926605,0.4864659607410431,-0.8384056687355042,0.00034873600816354156,-0.007398233283311129,0.0018217151518911123,0.023488178849220276,-0.07774006575345993,0.015879781916737556
1724162955.401919,-0.24049164352047292,0.14822452089586283,-0.08448498624582212,0.9555393466578063,-0.5059560722080607,0.28107242787814984,-0.10326190480317249,0.24263285100460052,0.48464396595954895,-0.8403865098953247,-0.0030814032070338726,-0.004798960871994495,0.002564286347478628,0.06446608901023865,-0.11471238732337952,0.02121872827410698
1724162955.434441,-0.23945735094738407,0.14584155746937166,-0.08341568713045994,0.9562594319993228,-0.5032756883242808,0.27630331235040084,-0.10256288308679534,0.23897573351860046,0.4822976589202881,-0.8427808284759521,-0.001637990353628993,-0.0009036402334459126,-0.004403248894959688,0.0598239004611969,-0.1161077693104744,0.04575672373175621
1724162955.494241,-0.23846041413192431,0.14357631205245394,-0.08223957563541251,0.9569529849485605,-0.5006616887772461,0.27186404301413974,-0.10153973870061321,0.2355697900056839,0.4800061285495758,-0.8450449705123901,-0.00021292839664965868,0.0037156734615564346,-0.0037155053578317165,0.0573117770254612,-0.11963158845901489,0.04135002940893173
1724162955.550455,-0.2373579306110362,0.14156475010072123,-0.08106471926445649,0.9576267372565246,-0.49786682808435545,0.26799124393855506,-0.10039177686671102,0.23264966905117035,0.4775524139404297,-0.8472412824630737,-0.0037717330269515514,0.0005320825148373842,-0.0013051361311227083,0.05499778315424919,-0.13196486234664917,0.043009202927351
1724162955.562971,-0.23656869482613122,0.13979456601644452,-0.07953422334936373,0.9582102962257536,-0.49564828595818167,0.26486255986208035,-0.09824008169754281,0.23027457296848297,0.47560203075408936,-0.848985493183136,-0.00118253193795681,0.0018526131752878428,-0.0016729723429307342,0.03656249865889549,-0.08069854974746704,0.05580651015043259
1724162955.6159592,-0.23639242547012462,0.13838719880554734,-0.07817648566531572,0.9585697638800766,-0.4947759844277383,0.2624661030044574,-0.09610315201350511,0.22834689915180206,0.47483453154563904,-0.8499352335929871,0.004036122467368841,-0.0027721046935766935,-0.02302411198616028,-0.023439008742570877,-0.025716373696923256,0.03825419023633003
1724162955.646748,-0.23648011227462018,0.13763790981588295,-0.07732710119673741,0.9587248411220093,-0.49465154995230465,0.26126497798268666,-0.09464223646329918,0.22734111547470093,0.47472500801086426,-0.8502659201622009,0.0005176953272894025,-0.006710986606776714,-0.010077721439301968,0.010201612487435341,-0.03836061805486679,0.011874489486217499
1724162955.694161,-0.23619982336106968,0.13682650288457324,-0.07738712694170956,0.9589052999083054,-0.49401396985630436,0.259420056240769,-0.09529816782938046,0.22584965825080872,0.4741637408733368,-0.850976288318634,0.0,0.0,0.0,0.02178475260734558,-0.04801468178629875,-0.013844262808561325
1724162955.720911,-0.23567812643350503,0.1360867101274076,-0.07762996600376353,0.9591192473619184,-0.49293745587323107,0.2576293707379593,-0.09637227088977621,0.22445538640022278,0.47321566939353943,-0.851872444152832,-0.0035000762436538935,-0.0046628741547465324,0.005291113629937172,0.047955479472875595,-0.053810082376003265,-0.03192003071308136
1724162955.759186,-0.2344544810618391,0.13491791872306785,-0.0780577144050553,0.9595494199299843,-0.4904286890401637,0.2547719916726294,-0.09825711601116861,0.2223188579082489,0.47100409865379333,-0.853656530380249,-0.005578682757914066,-0.0010588046861812472,0.0061910515651106834,0.09879084676504135,-0.07951328158378601,-0.025629982352256775
1724162955.8142161,-0.23308666747905837,0.13335556441842247,-0.07829955483519228,0.9600812006817536,-0.4875328582077662,0.2511496018905766,-0.09997622847152884,0.21956317126750946,0.46844762563705444,-0.8557738065719604,0.0003599448245950043,0.0013431968400254846,-0.005607571452856064,0.07223104685544968,-0.06339419633150101,-0.009528122842311859
1724162955.844239,-0.23212336994071844,0.13223964447642295,-0.07819763084415242,0.9604772027423473,-0.48542020589548684,0.24871633063867213,-0.10059282207373453,0.2177233248949051,0.4665800631046295,-0.8572628498077393,0.0004957523779012263,-0.0023393630981445312,-0.007501361891627312,0.04058883711695671,-0.02664863131940365,0.0033650407567620277
1724162955.8731089,-0.23108579497556922,0.13113192845708296,-0.07793757115114794,0.9609002966003088,-0.48311624892409405,0.24638860264984114,-0.10087094335540414,0.2159888744354248,0.4645410180091858,-0.8588075637817383,0.006250619888305664,-0.005718408618122339,-0.005050180945545435,0.07525783032178879,-0.036738935858011246,-0.011792619712650776
1724162955.9145908,-0.2293466575663961,0.13011471292719604,-0.07815983307760682,0.9614370551511343,-0.4795097137075919,0.2440029493334931,-0.10230483571835576,0.21434281766414642,0.46134424209594727,-0.8609405755996704,-0.0010686672758311033,0.0025416763965040445,-0.0009904031176120043,0.10928051173686981,-0.0437309555709362,-0.004820926580578089
1724162955.9816132,-0.22760510276654883,0.1290087360810971,-0.07843797616124118,0.9619771334057264,-0.47590174562086085,0.24140404269427065,-0.10389596753423713,0.2125011384487152,0.45814019441604614,-0.8631053566932678,-0.004803614690899849,0.005966098979115486,0.0031615644693374634,0.09741035848855972,-0.06017054617404938,0.008166494779288769
1724162956.010618,-0.22514885157858985,0.1270910974688739,-0.07864317488634653,0.9627933257218337,-0.4707258580071489,0.2370694769901682,-0.10589942457955438,0.2093120813369751,0.4535333216190338,-0.8663117289543152,-0.000741874217055738,-0.00048493361100554466,0.003407671581953764,0.16303837299346924,-0.11114079505205154,-0.02397974580526352
1724162956.040652,-0.22322562000848822,0.12496031228292419,-0.07840149950031347,0.9635394934487234,-0.4665050658658608,0.23251770697015792,-0.10690188013603569,0.2058059424161911,0.4497675597667694,-0.8691104650497437,-3.5918783396482468e-06,0.003647630335763097,-0.005078919231891632,0.09469205141067505,-0.08695825934410095,0.032868172973394394
1724162956.071769,-0.22110708060067738,0.12295729718379009,-0.07793296021266866,0.9643233640019705,-0.4618469353174414,0.2283776267157009,-0.10736473673687982,0.2026781290769577,0.44560229778289795,-0.8719863295555115,0.0004993858165107667,-0.0038168299943208694,0.007961387746036053,0.16047431528568268,-0.13799473643302917,0.011940525844693184
1724162956.112961,-0.21918257467037516,0.12104298730813721,-0.07763334354701587,0.9650287970924959,-0.4576363746040287,0.22435923843818517,-0.10808668258743084,0.19958817958831787,0.4418289363384247,-0.8746151924133301,-8.071277989074588e-05,0.003680743742734194,-0.01068821456283331,0.05515400692820549,-0.040272828191518784,0.02586660161614418
1724162956.1504521,-0.21804899215006843,0.12001583777495888,-0.07751073754417334,0.9654236352921877,-0.45518037841080533,0.22219111911184303,-0.10856843709855041,0.1979299634695053,0.4396243393421173,-0.8761016726493835,0.003382619936019182,0.007621441036462784,-0.011052601970732212,0.03480082005262375,-0.027639392763376236,0.01091950573027134
1724162956.212671,-0.21739971903606095,0.11983533499297329,-0.07765985741255967,0.9655804990106046,-0.4538696105231997,0.2217326655873823,-0.10911045994480063,0.1976548582315445,0.43844664096832275,-0.8767536878585815,0.000304808490909636,-0.0008251499384641647,-0.003409396391361952,0.03686553239822388,0.005201542284339666,-0.022578321397304535
1724162956.2427611,-0.21685363169986405,0.11971401679862059,-0.0781114562754842,0.9656819065403944,-0.45284476315317423,0.22125415995787887,-0.11025452794902993,0.19733381271362305,0.43752533197402954,-0.8772861361503601,9.547194349579513e-05,-0.0007571065798401833,-0.00204598275013268,0.02764737419784069,0.006810053717344999,-0.014281286858022213
1724162956.281766,-0.2165192668683901,0.11995478854214117,-0.07884430396575627,0.9656675210602416,-0.4523570814576382,0.22142470285924057,-0.11178208200959135,0.19753025472164154,0.4370867609977722,-0.8774605393409729,-0.0005948577891103923,0.004573936574161053,-0.005915405228734016,0.009152721613645554,0.0290205180644989,-0.03361783176660538
1724162956.314137,-0.21683191031763416,0.12069187655858674,-0.079567282799782,0.9654461721975149,-0.4532451504587377,0.22267063654185515,-0.1129123899310358,0.19853755831718445,0.4378853142261505,-0.8768348097801208,-0.0015644612722098827,0.0027108765207231045,-0.003872872097417712,-0.03123798966407776,0.04685967415571213,-0.030917000025510788
1724162956.349498,-0.21826964616451325,0.1222441077472739,-0.07988208664684551,0.9649007685100106,-0.45643105851590615,0.2258777583270668,-0.11252419917636904,0.20103518664836884,0.44074732065200806,-0.8748294711112976,-0.010731074959039688,0.010135364718735218,-0.002852929988875985,-0.11650727689266205,0.08541669696569443,0.031008915975689888
1724162956.409172,-0.22073852184224546,0.12431549223796659,-0.07983331173994912,0.9640782070297763,-0.461696289097888,0.2303984095197046,-0.1108589894999507,0.20445513725280762,0.44546744227409363,-0.8716403245925903,-0.00019816943677142262,0.006639310158789158,-0.0164497047662735,-0.1921757310628891,0.15436510741710663,0.010354110971093178
1724162956.438144,-0.224621051118844,0.1274175331185101,-0.07968006461215794,0.9627882153108357,-0.46993718026189496,0.23725471887005226,-0.10809405611200844,0.20955654978752136,0.4528302848339081,-0.8666203022003174,-0.0027434013318270445,0.0009158593602478504,-0.0004669252666644752,-0.20255503058433533,0.12725979089736938,0.005916364025324583
1724162956.468189,-0.22845569455904696,0.13016276253002326,-0.07927543662818931,0.9615513315176447,-0.47797399653799383,0.2435164266883098,-0.10491015850263782,0.21409450471401215,0.45998117327690125,-0.8617312908172607,-0.0025927929673343897,0.0023270994424819946,-0.004711083136498928,-0.23547568917274475,0.1469307541847229,0.04184857755899429
1724162956.514235,-0.23183499397936752,0.13311925921273382,-0.07811683177337246,0.9604319259210687,-0.48490144617257064,0.25070011190270375,-0.10000418572363043,0.21948353946208954,0.4661211669445038,-0.8570635914802551,-0.005086480639874935,0.002419625408947468,0.003994600847363472,-0.1901126652956009,0.11280908435583115,0.08828812092542648
1724162956.570427,-0.23437828572251365,0.13526568068411002,-0.07676704304031887,0.9596232646418092,-0.48996794423465356,0.2562357300932904,-0.09526319189117281,0.223623126745224,0.47059762477874756,-0.8535400629043579,0.0002680647885426879,-0.0015473266830667853,0.0015173305291682482,-0.1314694881439209,0.08163152635097504,0.062475357204675674
1724162956.612897,-0.23634250214970542,0.13688799402630186,-0.07552122506109636,0.9590101705822497,-0.4938116719505779,0.2605740005990339,-0.09114645380311194,0.22685620188713074,0.4739856421947479,-0.850807785987854,0.001887662336230278,-0.0020898564253002405,0.003192027797922492,-0.09835053980350494,0.06183174252510071,0.07414433360099792
1724162956.647902,-0.23783950296178205,0.13827028183263945,-0.07457650608086548,0.9585155061394512,-0.49674802512517774,0.26422197390162455,-0.08791888246832656,0.2295939326286316,0.47656914591789246,-0.8486273884773254,0.004462020937353373,-0.008033288642764091,-0.0052092717960476875,-0.08830229938030243,0.06290599703788757,0.029468143358826637
1724162956.677964,-0.23886534111509122,0.1391311328757801,-0.07399032525561981,0.9581811906178986,-0.49876489824730086,0.2665062422971584,-0.08588017341812487,0.2312782108783722,0.478341281414032,-0.8471717834472656,0.006463548168540001,-0.009434082545340061,-0.001334675122052431,-0.03126750886440277,0.04101239889860153,-0.005448604002594948
1724162956.706853,-0.23946387283262166,0.13989801382343703,-0.07375240490985845,0.9579384451716094,-0.49999246950018505,0.2683752411718702,-0.08476493935891524,0.23270529508590698,0.47941893339157104,-0.8461712002754211,0.006632549222558737,-0.006576672196388245,-0.002850281074643135,-0.04709682986140251,0.01863114908337593,-0.005363094620406628
1724162956.762022,-0.24038060524311855,0.1404407979044203,-0.07366091464398743,0.9576364523483317,-0.5018913036875173,0.26968348812366505,-0.08400938662761923,0.23356914520263672,0.4810844659805298,-0.8449870944023132,0.000304808490909636,-0.0008251499384641647,-0.003409396391361952,-0.06153017655014992,0.014706259593367577,-0.0017874902114272118
1724162956.8146229,-0.24103974753262872,0.1405582628405926,-0.07433201135511482,0.9574016270862121,-0.5034377963258225,0.2696086753463704,-0.08523667681932569,0.23330748081207275,0.48243966698646545,-0.8442864418029785,-0.0014873403124511242,0.0026777631137520075,0.0017364240484312177,-0.012119434773921967,0.004068064037710428,-0.018851231783628464
1724162956.8446279,-0.2418060501774998,0.14038321869877154,-0.07506318677622006,0.9571769868245156,-0.505194435930062,0.2688503571600379,-0.08673674405254396,0.232441708445549,0.48397761583328247,-0.8436447978019714,0.0002093365474138409,-6.804324220865965e-05,-0.0013634136412292719,-0.05901103839278221,0.0022541529033333063,-0.028758276253938675
1724162956.896805,-0.2430541105112818,0.14033844049022481,-0.0756303673731309,0.9568227239042538,-0.5079042110086464,0.26849540123099824,-0.08767585024931661,0.23179346323013306,0.48634710907936096,-0.8424596786499023,0.00249727931804955,-0.0037401558365672827,-0.0036267649848014116,-0.06510753929615021,0.0013958467170596123,-0.043640997260808945
1724162956.948071,-0.24420847442846932,0.1402344857760222,-0.07601397705078948,0.956513612564433,-0.5103664394940558,0.26810409264378937,-0.08827290845118752,0.23114587366580963,0.4884970188140869,-0.8413930535316467,0.00118253193795681,-0.0018526131752878428,0.0016729723429307342,-0.04136809706687927,-0.005093615967780352,-0.024283751845359802
1724162956.961011,-0.2447227433754947,0.1399515237821435,-0.07633794015454105,0.9563978106449115,-0.5114839453468109,0.2673124736009378,-0.08901491294317129,0.23033539950847626,0.48947182297706604,-0.8410487174987793,-0.0007602669065818191,-0.0019311035284772515,0.0006791196647100151,-0.00974017009139061,-0.02290833555161953,-0.03672493249177933
1724162956.985578,-0.2450942475834358,0.1395737153236872,-0.07683281987740828,0.9563182851204015,-0.5123466254223042,0.26620330353285887,-0.09022809483458474,0.22929123044013977,0.4902239143848419,-0.8408960103988647,0.002093407092615962,0.0014897305518388748,-0.003250305075198412,-0.01440391130745411,-0.002417941577732563,-0.04266045242547989
1724162957.030652,-0.24548097445915987,0.13937899345784271,-0.0776600419615722,0.956180642596839,-0.513348246519897,0.26531448501790994,-0.09206411491124045,0.2284148633480072,0.4910966753959656,-0.8406251668930054,-0.003088545287027955,0.004666462540626526,0.0027902787551283836,-0.013485893607139587,-0.008541022427380085,-0.047809723764657974
1724162957.097979,-0.24595321059015468,0.1392034373872995,-0.07845014263104215,0.9560203326185847,-0.5145160341678879,0.2644910446850038,-0.09378694016187739,0.227572500705719,0.4921136200428009,-0.8402588367462158,0.00024253001902252436,0.006471926812082529,-0.0009852289222180843,-0.019398469477891922,0.005062369164079428,-0.0354069247841835
1724162957.146924,-0.24641556652372013,0.13913992643031536,-0.07900938883724967,0.9558644405206966,-0.5156109660252614,0.2640481028064667,-0.0949389212185165,0.2270595282316208,0.4930664896965027,-0.8398389220237732,-0.007205422502011061,0.00894914846867323,0.004742346704006195,-0.01378694362938404,-0.0026828497648239136,0.002213916042819619
1724162957.1605701,-0.2466855740941486,0.1388365484604993,-0.07940972581656718,0.9558057568111884,-0.5162437888650672,0.2631489385042199,-0.09593248565407626,0.22622306644916534,0.4936169385910034,-0.8397412896156311,0.005042552947998047,0.004153457935899496,-0.009225713089108467,-0.0005872823530808091,0.014792833477258682,-0.028807440772652626
1724162957.204317,-0.24685536329424282,0.13931566726506472,-0.07968552159489325,0.9556692212023479,-0.5167154057837399,0.26407256127598294,-0.09621450628658196,0.22693778574466705,0.4940270483493805,-0.8393071293830872,0.0031253306660801172,-0.0017741227056831121,0.0026668249629437923,0.0014693806879222393,0.015560387633740902,-0.02713101916015148
1724162957.234194,-0.24655855526394718,0.13967837599530222,-0.08014661703401708,0.9556543824904263,-0.516269198638995,0.264610435893364,-0.09709435453329755,0.22744682431221008,0.4936390221118927,-0.839397668838501,-0.004781630355864763,0.0037646382115781307,0.01096903532743454,0.03626310080289841,-0.0004434182192198932,-0.005601691082119942
1724162957.2892342,-0.2454310452701782,0.13929181243136715,-0.08072307068145387,0.9559524477803917,-0.5140742247412762,0.2633721742194605,-0.09888277571245614,0.22668880224227905,0.4917289614677429,-0.8407227993011475,0.0007786595961079001,0.0033772734459489584,0.002049432136118412,0.07701423019170761,0.004915105644613504,-0.026192307472229004
1724162957.3181992,-0.2446038315606946,0.13921915053690598,-0.0808675743414545,0.956162831787162,-0.5124096249207901,0.26309854874011374,-0.09945422729819339,0.22667130827903748,0.49027881026268005,-0.8415740132331848,0.0063608926720917225,-0.0013817150611430407,-0.009446530602872372,0.019487107172608376,0.016819778829813004,-0.020230604335665703
1724162957.394126,-0.24443994593736648,0.1393889209527958,-0.08067838959826366,0.9561960044188998,-0.5120396764510722,0.26358060180075055,-0.09897950890031734,0.22712421417236328,0.4899563491344452,-0.8416396975517273,0.0009512107935734093,0.0004168902523815632,-0.0047710854560136795,0.003995953593403101,0.008833999745547771,0.018359016627073288
1724162957.3995528,-0.24441452446444553,0.13959937807686093,-0.08031423591171058,0.9562024259942006,-0.5119098392204378,0.26425763896039284,-0.09806034794931338,0.22771058976650238,0.4898431599140167,-0.8415471315383911,-0.001028331695124507,-0.00038377687451429665,-0.000838210922665894,0.005663628689944744,0.02426556497812271,0.03882919251918793
1724162957.426717,-0.2441532329984076,0.13954738640496758,-0.08004820867274907,0.9562991529502344,-0.5112962097819463,0.26428254414403235,-0.09757144409252212,0.22781002521514893,0.48930808901786804,-0.8418314456939697,-0.002930794842541218,-0.0033877205569297075,-0.001679871347732842,-0.005663461983203888,-0.0155849140137434,0.0027061302680522203
1724162957.50652,-0.24404803749629958,0.13922662558451215,-0.0801235989544055,0.9563663534575219,-0.5110683216785126,0.26351790699926436,-0.09795163036935477,0.22719530761241913,0.4891093373298645,-0.8421130180358887,0.00019094388699159026,-0.0015142131596803665,-0.00409196550026536,0.005912575870752335,-0.0136033920571208,-0.012402798980474472
1724162957.519508,-0.244031899288054,0.13937155257313907,-0.08025352165933014,0.9563384744837276,-0.511085478399161,0.26376823620422085,-0.09815740020632951,0.2274039089679718,0.4891242980957031,-0.8420479893684387,-0.0011457882355898619,0.0025747898034751415,-0.006599699147045612,-0.010069788433611393,0.0208115316927433,0.01420267578214407
1724162957.566626,-0.24384749681135823,0.13963148153838867,-0.08019035867161416,0.9563528868114861,-0.5107168086294436,0.26437927604723505,-0.09791375979256137,0.22796550393104553,0.4888027310371399,-0.8420829176902771,-0.004895536694675684,0.0009054122492671013,-9.736436186358333e-05,0.00918153952807188,0.004179801791906357,0.027781182900071144
1724162957.597921,-0.24344626366275038,0.13963962869233454,-0.0798275033848182,0.9564843165737875,-0.5097960403982918,0.2645879346370253,-0.09721278441626942,0.22825880348682404,0.48799923062324524,-0.8424693942070007,-0.0012963964836671948,0.0011635497212409973,-0.002355541568249464,0.011774249374866486,-0.0024876242969185114,0.011724604293704033
1724162957.6492271,-0.2433234374499067,0.1395649644922054,-0.0797609513430064,0.9565319838660505,-0.5095185063524695,0.2644539067402836,-0.09714118346557252,0.22818128764629364,0.48775696754455566,-0.8426306843757629,-0.0002680647885426879,0.0015473266830667853,-0.0015173305291682482,0.007088007405400276,-0.003820418380200863,-0.00012000428978353739
1724162957.721149,-0.24317862566226658,0.1393869868921578,-0.07998582132389924,0.9565760079630612,-0.5092649946260658,0.26392378565293073,-0.09777668401380336,0.22776681184768677,0.48753565549850464,-0.842870831489563,-0.000304808490909636,0.0008251499384641647,0.003409396391361952,0.014866303652524948,-0.015142043121159077,-0.006754416972398758
1724162957.7342792,-0.24280379487885365,0.13919439111885587,-0.08014730313419752,0.9566857203131471,-0.5085210373440343,0.263389052393917,-0.09833941073077024,0.2274104356765747,0.4868859648704529,-0.8433424830436707,-0.0017114777583628893,-0.0023479938972741365,0.005450204946100712,0.0491534098982811,-0.022203920409083366,-0.013728144578635693
1724162957.762179,-0.24160101621217978,0.13874156015906966,-0.08078034859385556,0.9570027279613799,-0.5061811859526588,0.2619830084200697,-0.10029794669012622,0.22651886940002441,0.48484084010124207,-0.844759464263916,0.0016012049745768309,-0.001988699659705162,-0.0010538548231124878,0.08360280841588974,0.002741354750469327,-0.04465753212571144
1724162957.7895222,-0.24059762064001022,0.13804075303669314,-0.08149832602146578,0.9572959628400143,-0.5042448819451071,0.2599892591405786,-0.10252955390983255,0.22507509589195251,0.48314645886421204,-0.8461150527000427,-0.0006683868123218417,0.0009594200528226793,-0.006445782259106636,0.021498851478099823,-0.021718714386224747,-0.009604697115719318
1724162957.847906,-0.2398472639877515,0.13793178600982653,-0.08202221521733691,0.9574551089104608,-0.5028365550796081,0.2594361257896312,-0.10392822865418926,0.22478137910366058,0.48191291093826294,-0.846896231174469,0.0002608809736557305,0.005747933406382799,-0.008640507236123085,0.04834669828414917,0.03630514442920685,-0.016771990805864334
1724162957.889175,-0.239116414559142,0.1377221532092672,-0.08226006064123027,0.9576476897791274,-0.5013805515721432,0.25882029692852926,-0.10474954063360377,0.22443914413452148,0.4806366264820099,-0.8477119207382202,-0.0006132088601589203,0.005297929514199495,0.0017398734344169497,0.03779081627726555,-0.0038764714263379574,0.0031979079358279705
1724162957.918144,-0.23867874152120824,0.1374513655009767,-0.0820173239383771,0.9578166328538059,-0.5003899590618321,0.25834156981652756,-0.10447779943459491,0.22415481507778168,0.47976773977279663,-0.8482791781425476,-0.003331033745780587,0.00036469855695031583,0.014159338548779488,0.030826333910226822,-0.06269949674606323,0.0022663427516818047
1724162957.9492111,-0.23798903532082388,0.13608101879787712,-0.08199436795738076,0.9581858035043178,-0.4988217385209366,0.25528924124629243,-0.10537102610350003,0.2217542678117752,0.47839120030403137,-0.8496863842010498,0.00037837919080629945,0.004959529731422663,0.0075048115104436874,0.06542184203863144,-0.07423416525125504,-0.0030378629453480244
1724162957.990669,-0.23685311433763762,0.13474429458550863,-0.08133272329263351,0.9587124046636282,-0.4961761281478609,0.2526589849905744,-0.10494484296366802,0.21983422338962555,0.4760662913322449,-0.8514891862869263,-0.0015460270224139094,0.0063272095285356045,0.009239510633051395,0.09078404307365417,-0.10459810495376587,0.04573903977870941
1724162958.057864,-0.2347893039210279,0.13256022390984662,-0.08028900137657916,0.9596120857277922,-0.49144408797981826,0.248345691210662,-0.10436323193220753,0.21671077609062195,0.4718995690345764,-0.8546035289764404,-0.0006316015496850014,0.003851759945973754,-0.0009886784246191382,0.1537315845489502,-0.13141442835330963,0.03995481878519058
1724162958.0979671,-0.23267901543276623,0.13055470541463274,-0.07912251806289515,0.9604975474646055,-0.4866131678591134,0.24450307248668002,-0.10340518548140432,0.21397463977336884,0.4676348865032196,-0.8576319217681885,0.004814865533262491,0.0049454947002232075,-0.000207020144443959,0.1176891028881073,-0.11795730143785477,0.05753146857023239
1724162958.109548,-0.23018157956322635,0.129242758871311,-0.07806512733202567,0.9613628133524462,-0.48110015374662013,0.24213733029265835,-0.10237910574012647,0.21256005764007568,0.4627547264099121,-0.8606255054473877,-5.51363336853683e-05,-0.0021683466620743275,0.002198175061494112,0.15666349232196808,-0.0756370946764946,0.058605585247278214
1724162958.1579208,-0.22752257559643108,0.12835399404948167,-0.0772389308080584,0.9621812777806454,-0.47536586264826697,0.24058476751570235,-0.10165544687307101,0.21185241639614105,0.45766377449035645,-0.8635174632072449,-0.0014470047317445278,-0.00024769039009697735,0.001888616243377328,0.14243640005588531,-0.05195774883031845,0.053840477019548416
1724162958.187213,-0.2247444852687841,0.1273189759031816,-0.0764667707402203,0.9630330128863995,-0.46939192291603715,0.2386845188801377,-0.10114476181142432,0.21085378527641296,0.45234405994415283,-0.866559624671936,0.0018840704578906298,0.0015577737940475345,-0.0018868916667997837,0.14025509357452393,-0.04247147589921951,0.03624472767114639
1724162958.240471,-0.22241290516963202,0.1264336055170489,-0.07600772305702397,0.9637269835261154,-0.46442692085463005,0.23696121079396326,-0.10112589987160452,0.20988474786281586,0.44791048765182495,-0.8690940737724304,-0.00022772920783609152,-0.0013781266752630472,-0.001365138334222138,0.11797698587179184,-0.05249500647187233,0.024930713698267937
1724162958.2696009,-0.2207325933180562,0.12586212770210234,-0.07577100595559548,0.9642066402441183,-0.4608806735600351,0.23582153273841372,-0.1012760807535017,0.20926393568515778,0.4447370767593384,-0.8708717226982117,-0.0006867378833703697,0.0016834131674841046,0.001209496520459652,0.08497550338506699,-0.03565378859639168,0.019023224711418152
1724162958.359089,-0.21945586295323907,0.125550935280996,-0.0753535074415411,0.9645713313828965,-0.4581426672014671,0.2353450616888448,-0.1008110448552139,0.209132120013237,0.4422830641269684,-0.8721522092819214,-0.00236506387591362,0.0037052263505756855,-0.0033459446858614683,0.05585969612002373,-0.014315261505544186,0.035871103405952454
1724162958.364523,-0.21831187408924624,0.1252660091072643,-0.07485882993649327,0.9649064379512253,-0.455660589104403,0.23496413360211527,-0.10013649405184075,0.20905481278896332,0.44005560874938965,-0.8732967376708984,0.0005325376987457275,0.0005529768532142043,-0.002044257940724492,0.046905968338251114,-0.012776610441505909,0.03022272139787674
1724162958.389443,-0.21767809066761679,0.1251133310236816,-0.07439258279972302,0.9651054125231893,-0.45424011805507775,0.23485852871075275,-0.09934543301905048,0.20910783112049103,0.4387796223163605,-0.8739258050918579,0.0002496721572242677,-0.002993496600538492,-0.0012112213298678398,0.02592066302895546,-0.02031606063246727,0.016185330227017403
1724162958.428417,-0.2172127131871027,0.12490063369747417,-0.07437960258495031,0.9652388564425078,-0.4532663909486754,0.23439916360249785,-0.09952575533937087,0.20880548655986786,0.437904417514801,-0.8744369149208069,0.0032024099491536617,-0.003977399319410324,-0.0021077096462249756,0.024496033787727356,-0.005251054652035236,-0.007168457377701998
1724162958.482907,-0.21673453521216066,0.12464419808938573,-0.07440379264439552,0.965377609829728,-0.45227101246354623,0.23382660978562184,-0.09981032397552325,0.20840568840503693,0.437009334564209,-0.8749799132347107,0.0017002688255161047,-0.006393436808139086,0.0019790814258158207,0.031950611621141434,-0.0412183441221714,-0.011223643086850643
1724162958.513099,-0.21618338595370135,0.12434576504966895,-0.0748034275891695,0.965508780588994,-0.4512123748261182,0.23297976218902416,-0.10094011190424454,0.20777133107185364,0.436056911945343,-0.8756057620048523,-1.839266042225063e-05,-0.0014461700338870287,-0.0027285520918667316,0.022145254537463188,-0.020476674661040306,-0.010966385714709759
1724162958.544167,-0.21607229868978595,0.12412317687993286,-0.07502802425958997,0.9655448316935378,-0.45101628031457974,0.2323847901870649,-0.10155918189802693,0.20727002620697021,0.4358804225921631,-0.8758124113082886,0.00331268273293972,0.0003592942957766354,-0.0065040597692132,0.006464023143053055,0.01242040190845728,-0.013616887852549553
1724162958.5982342,-0.21596557124022353,0.12401802627795702,-0.07488229979152272,0.9655935700694163,-0.4507529961537417,0.2322267513063508,-0.10132039940010504,0.20715801417827606,0.43564343452453613,-0.8759568333625793,-0.0017298703314736485,-0.0037941639311611652,0.00272165285423398,0.004472796805202961,-0.018976179882884026,0.010027485899627209
1724162958.672861,-0.21598904068926542,0.12373423080359136,-0.07466521868834203,0.9656415101454412,-0.4507194561148818,0.23171386578236777,-0.10098900957702935,0.20671208202838898,0.4356132447719574,-0.8760771751403809,0.0007822097977623343,-0.002440519630908966,-0.0032554795034229755,-0.013023084960877895,-0.004399376455694437,0.006613716017454863
1724162958.684744,-0.21633253129942642,0.12347933854955949,-0.07468795091511471,0.9655955544022167,-0.45139840545372834,0.23114666233301043,-0.10109194709296788,0.20614732801914215,0.4362243115901947,-0.8759061694145203,0.0012044748291373253,-0.006224235985428095,-0.0009033872629515827,-0.011877421289682388,-0.013484656810760498,-0.017938077449798584
1724162958.711971,-0.21657017489405023,0.12318071060464537,-0.074986552253085,0.9655572278574095,-0.4519222223433732,0.23034895536334132,-0.10183457827201177,0.20539633929729462,0.4366956055164337,-0.8758477568626404,0.0004186730948276818,-0.0001360864844173193,-0.0027268272824585438,-0.010849131271243095,-0.015271041542291641,-0.02748369611799717
1724162958.80575,-0.2170408344453066,0.12287599011819081,-0.07540381477957522,0.9654578614260947,-0.4529480425772684,0.2294783747916,-0.10278789899022876,0.20453175902366638,0.4376181960105896,-0.8755895495414734,-0.00032320115133188665,-0.000621020095422864,0.000680844415910542,-0.030953122302889824,-0.02748558484017849,-0.031359799206256866
1724162958.817585,-0.21787964215274136,0.12296441200052935,-0.07600476259634303,0.9652105441920966,-0.45480953419414555,0.2293722941429902,-0.10386434368032561,0.20425330102443695,0.43929120898246765,-0.8748164176940918,0.0031436816789209843,-0.0024981156457215548,-0.004988453816622496,-0.05997302383184433,0.012780153192579746,-0.03922395035624504
1724162958.8403912,-0.219291084789388,0.12349182726845534,-0.07681298282833865,0.9647595134473638,-0.45793617999662517,0.23011765608351584,-0.10504735981373446,0.20459102094173431,0.44209787249565125,-0.8733223676681519,0.001939206849783659,0.0037261205725371838,-0.004085066728293896,-0.0883321538567543,0.03969741612672806,-0.02813410758972168
1724162958.8729649,-0.22133700954836993,0.12482262495504158,-0.07763449050605911,0.9640549875896077,-0.4624512031584694,0.23261024099714803,-0.10571203707499079,0.20630496740341187,0.44614318013191223,-0.8708584904670715,0.0004774013359565288,-0.001615369925275445,0.00015391700435429811,-0.10093561559915543,0.07887091487646103,-0.0488116480410099
1724162958.902982,-0.2229843542041285,0.12589915120350967,-0.07854187632751443,0.9634617261646989,-0.4661501043827033,0.23450616045461262,-0.10677001623525777,0.20757080614566803,0.4494504928588867,-0.8688547611236572,0.0015057330019772053,-0.0012315930798649788,0.0009921279270201921,-0.09424489736557007,0.04462015628814697,-0.05726663023233414
1724162958.960884,-0.2246790510675686,0.1268135055678175,-0.07926169390696847,0.9628889863693695,-0.4698862583537794,0.23614228888935965,-0.10748998669556313,0.20859776437282562,0.45278486609458923,-0.8668753504753113,0.00118253193795681,-0.0018526131752878428,0.0016729723429307342,-0.08791356533765793,0.035221002995967865,-0.05162859708070755
1724162958.990944,-0.22625884595674767,0.12751971948010243,-0.07998941012918923,0.9623654358007817,-0.4733694909589075,0.2373177146692765,-0.10835700973768642,0.209244504570961,0.4558878540992737,-0.8650913238525391,-0.0016966769471764565,0.0027458062395453453,0.0030998378060758114,-0.08203760534524918,0.02740592323243618,-0.02795317769050598
1724162959.0217528,-0.22784479738500366,0.1275580246445562,-0.08033562642950826,0.9619572194166399,-0.4766991220289399,0.2372205917460945,-0.10874594561065432,0.20880261063575745,0.4588488042354584,-0.8636314272880554,-5.8728212025016546e-05,0.0014792834408581257,-0.00288074417039752,-0.0760810598731041,0.009399611502885818,-0.0247410349547863
1724162959.077296,-0.22942446159995297,0.12786022126888713,-0.08097978608307836,0.9614875428834482,-0.4801201114493428,0.2375477387488229,-0.10964482903480062,0.2087145298719406,0.4618857204914093,-0.8620323538780212,0.0003783375141210854,0.0027893667574971914,-0.002879019360989332,-0.08242668211460114,0.03772960975766182,-0.02992708422243595
1724162959.100967,-0.2305856362697069,0.12829100153374434,-0.08203112918049017,0.9610631838492495,-0.48280168795522893,0.237941329086366,-0.111453738146242,0.20876111090183258,0.464262455701828,-0.8607433438301086,-0.0071099502965807915,0.008192041888833046,0.0026963641867041588,-0.05967172235250473,0.019942959770560265,-0.02694460190832615
1724162959.1815438,-0.23168396091078844,0.12922468337261536,-0.08243831320448738,0.9606390128800154,-0.48525669176642483,0.23978605603287076,-0.11159632210881744,0.21007727086544037,0.46643543243408203,-0.8592470288276672,-0.007084415759891272,0.00017278833547607064,0.005198923405259848,-0.05235590413212776,0.02184099517762661,-0.0049318065866827965
1724162959.19431,-0.23262997595510043,0.12984172302612898,-0.08232523213275876,0.960336889486861,-0.48723539959124496,0.2412114659203752,-0.11080420989389025,0.21108095347881317,0.46818479895591736,-0.8580488562583923,-0.009926880709826946,0.0054933843202888966,0.001699061831459403,-0.046560533344745636,0.0242171473801136,0.039206888526678085
1724162959.257763,-0.2330881810668695,0.13003442423190545,-0.08164236653839843,0.960257952485983,-0.4880248089016967,0.2420053458968184,-0.1091043276486401,0.21167343854904175,0.4688822031021118,-0.8575218915939331,0.010246490128338337,-0.0012247340055182576,-0.007458825130015612,-0.029644833877682686,0.012797593139111996,0.0032033948227763176
1724162959.269899,-0.23449265316641785,0.13152040108288673,-0.0820912414099765,0.959675215166796,-0.4911802355508634,0.24506267822886182,-0.10895124354454251,0.21393415331840515,0.47166693210601807,-0.8554311394691467,0.010165818966925144,0.004626172594726086,-0.007763210218399763,-0.09359027445316315,0.08661622554063797,-0.05226724594831467
1724162959.3195329,-0.2366713141324554,0.13355111476577478,-0.08410352727717604,0.9586851831254731,-0.49638596890858067,0.24848911935348486,-0.11173138409905738,0.21625715494155884,0.4762507975101471,-0.8523015975952148,0.00031610054429620504,0.012256606481969357,0.009928978979587555,-0.12642228603363037,0.12816934287548065,-0.07197255641222
1724162959.3505402,-0.23835268600725845,0.13480887354787155,-0.08560378318663701,0.9579595267817179,-0.5003637776020949,0.2504715703653726,-0.1139286416752153,0.21747510135173798,0.4797447621822357,-0.8500291109085083,0.0006245010299608111,0.007783826440572739,0.011598501354455948,-0.07292167097330093,0.05353409796953201,-0.06702811270952225
1724162959.38305,-0.23942298986590507,0.13562814185016328,-0.08593076109800753,0.9575475825623239,-0.5027385815657465,0.2521223602308089,-0.11393391419193723,0.21859319508075714,0.4818270802497864,-0.8485633134841919,-0.004403251223266125,0.008724167943000793,0.018473846837878227,-0.012038596905767918,0.006897809449583292,0.02298847772181034
1724162959.439633,-0.23861616952824174,0.13542207545623072,-0.08488945591178863,0.9578710453187868,-0.5007901971361978,0.2522339571970549,-0.11195066791036544,0.21892176568508148,0.48011887073516846,-0.8494463562965393,-0.003661418566480279,0.0070389388129115105,0.004682344384491444,0.09918855130672455,-0.027381306514143944,0.08654329925775528
1724162959.4701262,-0.2365170095037774,0.13449258099241768,-0.08266987425138674,0.9587163763190468,-0.495807908194989,0.25136381598449076,-0.10809580925152719,0.21877481043338776,0.4757424294948578,-0.8519428968429565,-0.0011861238162964582,0.0055002435110509396,-0.006751891225576401,0.09819609671831131,-0.06641154736280441,0.12611046433448792
1724162959.499741,-0.23466333426392116,0.133140018020602,-0.08018829517699613,0.9595710266519462,-0.4912232112378129,0.24968404272870492,-0.10385075452151327,0.21788010001182556,0.4717048108577728,-0.8544136881828308,-0.0004850600380450487,-0.012943853624165058,0.0019704578444361687,0.08253505080938339,-0.1208108514547348,0.07465958595275879
1724162959.559161,-0.23323104174474146,0.13178845429848063,-0.078631537176577,0.9602353950417641,-0.4877493330867317,0.24750421069125894,-0.10152851917184406,0.21641723811626434,0.4686388671398163,-0.8564701676368713,0.0013954185415059328,-0.007738449145108461,-0.004995353054255247,0.07425836473703384,-0.05979326367378235,0.059152018278837204
1724162959.592196,-0.2321466902881006,0.13045637739817648,-0.07783769703304509,0.9607446059255673,-0.4851897395873372,0.24496382496579058,-0.10077599018698359,0.21453098952770233,0.4663762152194977,-0.8581780791282654,0.0022879012394696474,-0.00584227591753006,-0.012647182680666447,0.012992532923817635,-0.04949719086289406,0.022651445120573044
1724162959.6196852,-0.23189317588132005,0.12986875476009502,-0.07739844157107217,0.9609208933446733,-0.48449922047809335,0.24389443337424088,-0.1001962410720445,0.213690847158432,0.4657652676105499,-0.8587193489074707,0.003661376889795065,-0.00920910108834505,-0.015066174790263176,-0.0036139823496341705,-0.0075221010483801365,-0.0057752858847379684
1724162959.67909,-0.23192568634510766,0.12991878037758928,-0.077760464458443,0.9608771528327449,-0.48466195823547575,0.24381304803389087,-0.10095147668984375,0.213602676987648,0.46590927243232727,-0.8586632013320923,0.0014469631714746356,-0.0019224723801016808,-0.012272447347640991,-0.0215357206761837,0.014486049301922321,-0.01662006787955761
1724162959.711638,-0.23222415034218677,0.1304273630723114,-0.07821469062988179,0.9606992306676713,-0.4854402550368703,0.24469998418759584,-0.10159685100121683,0.2142762541770935,0.4665977954864502,-0.8581212759017944,-0.0017482630209997296,-0.00524033373221755,-6.899004802107811e-06,-0.004854767583310604,0.01766427978873253,-0.022611215710639954
1724162959.740614,-0.23204969996135422,0.13074472958302483,-0.07869339695105718,0.9606591652139692,-0.4852379288170256,0.24514461298259432,-0.10250839421251884,0.21468068659305573,0.4664188325405121,-0.8581175208091736,-0.007370872888714075,0.00027394495555199683,0.0009530410752631724,0.02234441414475441,0.018763145431876183,-0.008697278797626495
1724162959.796671,-0.23183283235580787,0.13089199980132216,-0.07864244582373091,0.9606955954501079,-0.4847971526125322,0.24549458705719973,-0.1023666354421136,0.21503092348575592,0.4660288989543915,-0.8582416772842407,-0.003713004756718874,-0.0009472009260207415,0.0015756080392748117,0.011318790726363659,-0.0052438778802752495,0.0089943278580904
1724162959.8581681,-0.23170186868925302,0.130777769403311,-0.07835506273299774,0.9607662368744831,-0.4844445169026217,0.24539305166488398,-0.10183197609446196,0.21498370170593262,0.4657168686389923,-0.8584228157997131,0.0006280096713453531,-0.00020412984304130077,-0.004090240690857172,0.0002645145286805928,0.004270466510206461,0.006822242401540279
1724162959.87706,-0.23188041952106855,0.13108204915356053,-0.07827698864276622,0.9606881043835509,-0.4848220650681422,0.24610986849542066,-0.10145457127534259,0.21555612981319427,0.4660509526729584,-0.8580979704856873,0.004590686410665512,-0.0022504255175590515,-0.006877070292830467,-0.019001098349690437,0.03983304277062416,-0.006304280832409859
1724162959.905631,-0.23231661587484487,0.13179328808647378,-0.07870620913411397,0.9604502484147672,-0.48589844509165214,0.24746093373260666,-0.1019016534341229,0.21659226715564728,0.4670030176639557,-0.8573190569877625,0.002684673061594367,0.0005634240224026144,-0.0024138190783560276,-0.03553507849574089,0.0395435206592083,-0.02002003975212574
1724162959.9844089,-0.2326659776768549,0.13240856376347565,-0.07938791675183991,0.9602249377763065,-0.48685273653436933,0.24846383200501987,-0.10297163100460156,0.21734227240085602,0.4678466320037842,-0.856669008731842,0.001351532875560224,0.0010047969408333302,0.00015736650675535202,-0.005251023452728987,0.035283226519823074,-0.03474296256899834
1724162959.997034,-0.23294416108168264,0.13295709567117914,-0.07970626504674809,0.9600553366527944,-0.4875622635741634,0.24951206216358024,-0.10330078654156019,0.21815811097621918,0.4684736132621765,-0.8561188578605652,0.003540453501045704,0.003907584119588137,0.005244909320026636,-0.005846272688359022,0.02234300598502159,-0.007608492858707905
1724162960.0372782,-0.2331563526468228,0.13378625667204397,-0.08002385671466294,0.9598622332370902,-0.4881674040299193,0.25118156482478204,-0.10348870384427027,0.2195166051387787,0.4690081477165222,-0.8554787039756775,0.0006647949339821935,0.0026882102247327566,0.0013668631436303258,-0.010378272272646427,0.020943984389305115,-0.008234509266912937
1724162960.096844,-0.23320855549305183,0.13413752121732858,-0.08034766611244461,0.9597734823260247,-0.48839603046969654,0.2517869518724219,-0.10399037609910215,0.2200077474117279,0.46921005845069885,-0.8552417755126953,-0.003396904096007347,0.011309405788779259,0.011504586786031723,0.004840400069952011,-0.0030737589113414288,0.0022955392487347126
1724162960.1096358,-0.23319735344584935,0.13428976846854862,-0.08021846457153031,0.9597656980097592,-0.488355979458853,0.2521933223861816,-0.10362695731679364,0.2203599512577057,0.46917468309402466,-0.855170488357544,-0.00011382292723283172,0.0014810996362939477,0.009701261296868324,0.013881898485124111,-0.022098902612924576,-0.002361516235396266
1724162960.164474,-0.23299395385701127,0.13408623830303823,-0.08004369316568849,0.9598581114890811,-0.4878726439592225,0.2518328218346332,-0.10340540202458692,0.22010812163352966,0.4687477946281433,-0.8554694056510925,0.0026259864680469036,0.004212870728224516,0.005089267622679472,0.034220803529024124,-0.01580149307847023,0.013037564232945442
1724162960.225724,-0.23234773517154192,0.1338334667694832,-0.07982304300761603,0.960068333402817,-0.48646668260625736,0.2513808116418521,-0.10321524550092674,0.21988514065742493,0.46750539541244507,-0.8562062978744507,0.0031988597474992275,0.001840393990278244,0.003197201993316412,0.05060764029622078,-0.027081327512860298,0.004924907814711332
1724162960.231309,-0.2314519616584577,0.13338104035450854,-0.0796275043035732,0.9603638807587812,-0.48453598513282303,0.2504703059986277,-0.10324703045002306,0.21932877600193024,0.4657978117465973,-0.8572790026664734,0.0029088102746754885,0.005589180625975132,-0.006127599626779556,0.0443570613861084,-0.019192757084965706,0.020358920097351074
1724162960.2744331,-0.23041468901771253,0.1325082902907222,-0.07930333913871761,0.9607609459954469,-0.4822385156815241,0.24869840978593574,-0.10325745031713564,0.21807226538658142,0.463763564825058,-0.858701229095459,0.001278045354411006,-0.0004395565774757415,0.010010819882154465,0.08079475909471512,-0.09831812977790833,0.018710777163505554
1724162960.323268,-0.22844336927581058,0.13052519341902194,-0.07955897881419294,0.9614817851292583,-0.47805959644231344,0.24416721371795447,-0.10533593434595044,0.21464574337005615,0.46005719900131226,-0.8615536093711853,-0.002034637378528714,-0.0007988509023562074,0.01651488058269024,0.15491385757923126,-0.14628802239894867,-0.020675193518400192
1724162960.358467,-0.22600892033705797,0.12686174769624498,-0.07950690353732968,0.9625511071086849,-0.4726676266319492,0.23612029553341096,-0.10771013092584035,0.20828329026699066,0.45526304841041565,-0.8656521439552307,0.005178402177989483,0.002641061320900917,-0.0007356723072007298,0.1149846762418747,-0.18537749350070953,-0.022057142108678818
1724162960.3783689,-0.22491525934128193,0.12442932535734677,-0.07902715815885882,0.9631641122018157,-0.4700458957725133,0.23102550700720695,-0.10818060827115047,0.20414288341999054,0.45292720198631287,-0.8678609728813171,-0.0001873519504442811,-0.0021334171760827303,0.009170884266495705,0.08589136600494385,-0.1422157734632492,0.0006998255848884583
1724162960.478497,-0.2233838015029431,0.12212286275843606,-0.07871784497840695,0.9638407933520157,-0.466585440392174,0.2261338557538056,-0.1090294217170413,0.20024541020393372,0.44983935356140137,-0.870371401309967,-0.02381288819015026,0.007215271238237619,0.0008800415671430528,0.09812937676906586,-0.09685279428958893,0.04228344187140465
1724162960.4897919,-0.2214302767613863,0.11833057150366894,-0.0759308526519969,0.9649875179344849,-0.46153697094576296,0.21925870414580878,-0.10533647879722419,0.19474826753139496,0.44532477855682373,-0.8739330172538757,-0.014561577700078487,0.009976566769182682,-0.017422640696167946,0.10412704199552536,-0.2503889203071594,0.13480380177497864
1724162960.511792,-0.22059167272526914,0.1163554026955258,-0.070722622673827,0.965815149642649,-0.4584508747581144,0.2175540856656749,-0.0952394566868275,0.19355396926403046,0.44255948066711426,-0.8756014704704285,-0.0076349955052137375,0.013517635874450207,-0.038919076323509216,-0.03497222810983658,-0.08045582473278046,0.30501589179039
1724162960.540823,-0.2207164282333025,0.11601589150681775,-0.06558670056858645,0.9661898905279714,-0.4575218152128156,0.2193717921099628,-0.08428321439147198,0.19523462653160095,0.4417261779308319,-0.8756491541862488,-0.00940974336117506,-0.0274124126881361,-0.0168641097843647,0.0022912942804396152,-0.014135940000414848,0.2039051204919815
1724162960.5917459,-0.22000782498565302,0.11596222827335734,-0.06237789895576352,0.9665703376422807,-0.4553459441787396,0.22083305704633902,-0.07752933972051099,0.1967240422964096,0.4397730529308319,-0.8762986660003662,-0.0056160264648497105,-0.030145954340696335,-0.00775150116533041,0.05540456995368004,0.00028978963382542133,0.11621147394180298
1724162960.620772,-0.21845120708500046,0.11669878471330776,-0.06151447551787096,0.9668900545513924,-0.4520315384063072,0.22282928065573354,-0.07563054027789617,0.19879396259784698,0.4367939233779907,-0.8773209452629089,0.011233885772526264,-0.02628047578036785,-0.025642085820436478,0.0646325945854187,0.1138322651386261,0.0028436724096536636
1724162960.677952,-0.21672103658070999,0.11865810543933443,-0.0629220322312331,0.9669503031809464,-0.4489827865427833,0.22637333114842434,-0.0780617104458104,0.20219992101192474,0.4340493679046631,-0.87790447473526,0.00027157337171956897,-0.009535282850265503,-0.014171411283314228,0.07546000927686691,0.14230842888355255,-0.04168146848678589
1724162960.707191,-0.21502757965803973,0.12117525855758832,-0.06504133239020052,0.9668760425867923,-0.4462356154182461,0.23079479203218634,-0.08174888312068583,0.20635154843330383,0.431572824716568,-0.8781594038009644,0.01062837801873684,-0.004253160674124956,-0.01564275659620762,0.05504857003688812,0.17827564477920532,-0.07179152220487595
1724162960.764178,-0.21407293266856425,0.1248071829711558,-0.0669381189689577,0.966496288852392,-0.4450578615801243,0.23777078393624418,-0.08425254263703989,0.21259208023548126,0.43051010370254517,-0.8771919012069702,0.0013403238262981176,-0.007736633066087961,0.0075866528786718845,0.018330175429582596,0.1846434623003006,-0.027384784072637558
1724162960.8400989,-0.21345771017977197,0.12790783219020307,-0.06860857756200284,0.966109778309814,-0.4444909061190424,0.24370881383978635,-0.08645952383987837,0.21785594522953033,0.4299983084201813,-0.8761507868766785,0.015296226367354393,-0.004366536624729633,-0.006526699289679527,0.0031186023261398077,0.1970256119966507,-0.048524655401706696
1724162960.8419561,-0.21341282742491888,0.13119019817087696,-0.07039413631859105,0.9655509493486818,-0.44514854918980346,0.2500022779356557,-0.08869104622062556,0.22329561412334442,0.43059197068214417,-0.8744881749153137,0.014576337300240993,-0.007052930071949959,0.004688443150371313,-0.021091612055897713,0.17164038121700287,-0.06636342406272888
1724162960.892696,-0.21397511729167382,0.1340092886644736,-0.07258933940000178,0.9648765606739799,-0.4471244314380796,0.25510545809735813,-0.09187895031337921,0.22754020988941193,0.4323744475841522,-0.8725123405456543,0.014385392889380455,-0.005538716912269592,0.008780408650636673,-0.04816632345318794,0.15160703659057617,-0.10589335858821869
1724162960.9045892,-0.21503321639473982,0.13602366269172703,-0.07536964822454843,0.964146071293634,-0.4502059509083003,0.2581788060006642,-0.09659571489590417,0.22987939417362213,0.43515098094940186,-0.8705165386199951,0.019126730039715767,-0.004207739140838385,0.008043011650443077,-0.05412406846880913,0.11288340389728546,-0.1468440443277359
1724162960.9366,-0.21605186995057654,0.13753659960357112,-0.07907714629400726,0.9634064603815917,-0.45342113994262717,0.2596940992398745,-0.10356833435516777,0.23083776235580444,0.4380435347557068,-0.8688105344772339,0.012956781312823296,-0.004340237472206354,0.013397577218711376,-0.02531682886183262,0.08733700215816498,-0.20689678192138672
1724162960.994138,-0.21684244131591418,0.13806827564220261,-0.08336214728549446,0.9627913776112508,-0.4562306230192684,0.2587584909062982,-0.11234534558860276,0.2297089844942093,0.44056740403175354,-0.8678330183029175,0.005479701794683933,0.009803867898881435,0.01154367346316576,-0.01537981629371643,0.040365591645240784,-0.222612202167511
1724162961.0231838,-0.217883129397714,0.1374856158381822,-0.08731647115776367,0.9622891520666329,-0.4593244319829015,0.2555206158947856,-0.1209344129978344,0.22655226290225983,0.4433426558971405,-0.8672493100166321,0.0012857457622885704,0.016289830207824707,0.018270274624228477,-0.04037007316946983,-0.05179021507501602,-0.19526992738246918
1724162961.114903,-0.21915895333714316,0.13635623800616692,-0.0906790064908437,0.9618489875403362,-0.4626542985425072,0.2513466011811156,-0.12849653171636952,0.22256198525428772,0.4463249444961548,-0.8667526841163635,0.0005622225580736995,0.01508090365678072,0.014022668823599815,-0.027222266420722008,-0.05330432951450348,-0.16519665718078613
1724162961.128069,-0.22014382244068917,0.13504502902895196,-0.09337325066574946,0.9615512683549322,-0.4651740117047247,0.24708947183596056,-0.13479501595217394,0.21859434247016907,0.4485783278942108,-0.8665990829467773,-0.002754093846306205,0.016199076548218727,0.005063978489488363,-0.008741898462176323,-0.0565839484333992,-0.14540812373161316
1724162961.1454191,-0.2209453124449174,0.13361454740691076,-0.09528058858079919,0.9613801648196181,-0.46708632588949567,0.24295771263939686,-0.13950564142704244,0.21480514109134674,0.4502866268157959,-0.8666606545448303,-0.00046615093015134335,0.012526962906122208,0.0028006271459162235,0.0016589586157351732,-0.05136442556977272,-0.11049686372280121
1724162961.174344,-0.2211920492637458,0.13248173472390792,-0.09713077411848668,0.9612950321864168,-0.4678829117760437,0.2395194939995855,-0.14406221732027347,0.2117389589548111,0.4509977400302887,-0.8670453429222107,-0.007076757028698921,0.01473201159387827,0.0030745489057153463,0.02169664576649666,-0.04788948968052864,-0.08660947531461716
1724162961.222995,-0.22117984437158328,0.13133109854281333,-0.09839857465974405,0.9613268468086679,-0.46799505455933027,0.23634849716411283,-0.1474180132231186,0.2089766561985016,0.45109784603118896,-0.8676632642745972,-0.008373153395950794,0.015895560383796692,0.0007190068135969341,0.0230335034430027,-0.045468006283044815,-0.05295024439692497
1724162961.2794662,-0.22089694153495343,0.13047800167266854,-0.09910449717604593,0.9614354902992409,-0.4674577469154869,0.23413134371531064,-0.14945040458711933,0.20710860192775726,0.4506182372570038,-0.8683600425720215,-0.002901193220168352,0.0067998794838786125,-0.006380605977028608,0.04350518435239792,-0.013010716065764427,-0.03603842481970787
1724162961.321751,-0.22015057607153482,0.13052874817274884,-0.10001322009255516,0.9615057381511515,-0.4661621858366646,0.23381886870074936,-0.1515416778043879,0.20697234570980072,0.44946128129959106,-0.8689919710159302,-0.004517199005931616,0.0036947790067642927,-0.00297638401389122,0.05836541950702667,0.03153212368488312,-0.03597978129982948
1724162961.359033,-0.21924179105890104,0.13104528933032045,-0.10141760548145072,0.9614960005258933,-0.46472927973991107,0.23428776540167884,-0.15449849395654244,0.20752908289432526,0.44818082451820374,-0.869520366191864,-0.006937399040907621,0.005231658462435007,-0.004124153405427933,0.053510650992393494,0.049196403473615646,-0.058591000735759735
1724162961.380831,-0.21842348505914513,0.13140726509837536,-0.10301426818837268,0.9614630649188859,-0.4635048163236143,0.23432070922651677,-0.15793397071544582,0.20768499374389648,0.4470858871936798,-0.8700466156005859,-0.00903080590069294,0.0037419279105961323,-0.0008738483884371817,0.04247066006064415,0.0397798977792263,-0.06121507287025452
1724162961.41473,-0.2178976623551538,0.13124073573980602,-0.10393056240658884,0.9615065417559024,-0.46262632977788903,0.2335270284064606,-0.16010697538060326,0.20708519220352173,0.4462999105453491,-0.8705929517745972,-0.02242097817361355,0.007464778143912554,0.011573431082069874,0.03025350160896778,-0.05815686285495758,0.014542238786816597
1724162961.468354,-0.21694547163166664,0.13009902243422658,-0.10320894903485858,0.9619546473359137,-0.4603237448325103,0.2314564184518512,-0.15930051983124793,0.20551729202270508,0.44423818588256836,-0.8720178008079529,0.002985889557749033,0.0033859044779092073,-0.010902134701609612,0.08446922153234482,-0.009350555948913097,0.07359081506729126
1724162961.499054,-0.21342219418594377,0.13006853406443603,-0.10228901735052992,0.9628447315716901,-0.4529211722441986,0.2320781470847853,-0.15797629189061912,0.2068101018667221,0.4375940263271332,-0.8750662803649902,-0.005145208910107613,0.0038989088498055935,0.0011138570262119174,0.2685767710208893,0.029685404151678085,0.07333021610975266
1724162961.541854,-0.20750833369162575,0.13049686964591448,-0.10109813617243636,0.9642043684636354,-0.4406714497379289,0.2339717703873133,-0.1563079399453086,0.20969389379024506,0.4265468716621399,-0.8798217177391052,-0.009955965913832188,0.019330430775880814,0.004501413553953171,0.30766791105270386,0.03835905343294144,0.16703322529792786
1724162961.611998,-0.20106169657471476,0.13157846213337707,-0.098224897675439,0.9657189647215271,-0.42704912703244174,0.23805735675538178,-0.1508746801284673,0.21463710069656372,0.4141867458820343,-0.8845226168632507,-0.0001945357071235776,0.00516184326261282,-0.0009869536152109504,0.33001965284347534,0.05850759148597717,0.21002911031246185
1724162961.624011,-0.1948852074590628,0.13335359873402008,-0.0948183523752684,0.9670811743355763,-0.4139494882181198,0.24376202014211487,-0.14403784491879854,0.22097012400627136,0.40222835540771484,-0.8884731531143188,0.0014066691510379314,0.0031731436029076576,-0.00204080855473876,0.281556636095047,0.07755062729120255,0.23801051080226898
1724162961.657693,-0.18992383118056846,0.13531634999197914,-0.09165217831405678,0.9681003140667662,-0.40338589254388124,0.24959505505792262,-0.13749084590973124,0.22718572616577148,0.3925347328186035,-0.8912368416786194,0.004076541401445866,-0.0013572323368862271,-0.0021042602602392435,0.198651984333992,0.09070080518722534,0.19944405555725098
1724162961.68719,-0.1868049716762038,0.13702488745753874,-0.08887585961804235,0.9687254544543729,-0.39659716099695186,0.25456058289157607,-0.1315600959958778,0.23227408528327942,0.3862818777561188,-0.892656147480011,0.0008041944238357246,-0.004641979932785034,0.004551991820335388,0.09355605393648148,0.032631974667310715,0.16382259130477905
1724162961.736984,-0.18560102724569907,0.13822765399658915,-0.08606035869059696,0.9690401869652424,-0.3935847697823631,0.25834914829692585,-0.12537036683683367,0.2359505146741867,0.3835015594959259,-0.8928907513618469,0.007337679620832205,-0.006813914980739355,-0.0013312255032360554,0.005942927207797766,0.03564713895320892,0.16980542242527008
1724162961.768096,-0.18563122301304413,0.14024928675642867,-0.08388623565219813,0.9689345625639803,-0.3933221360089867,0.2635764889117622,-0.11991293441756529,0.24064095318317413,0.38325899839401245,-0.8917424082756042,0.009541317820549011,-0.0031576540786772966,-0.01936171017587185,-0.0668162852525711,0.12986904382705688,0.1203569769859314
1724162961.8129501,-0.18731259486574364,0.14255042409199228,-0.08121101759551705,0.9685030124361865,-0.3962687761468069,0.26959012514427616,-0.11287083093669678,0.24569733440876007,0.38597896695137024,-0.8891867399215698,0.005394880659878254,-0.006892405450344086,-0.002325078472495079,-0.13924145698547363,0.04628925397992134,0.12459970265626907
1724162961.893618,-0.18974956669571105,0.1445541089304852,-0.07860930466248704,0.9679460893492892,-0.40069816300017486,0.2749679617944821,-0.1058908226290447,0.2500090003013611,0.39006128907203674,-0.8861984014511108,-0.00022772920783609152,-0.0013781266752630472,-0.001365138334222138,-0.2089400440454483,0.03459152579307556,0.13126946985721588
1724162961.9007502,-0.19313621982164547,0.14588821937350896,-0.07621187279678866,0.9672676296090539,-0.40701032331634657,0.278875750745552,-0.09934784069827853,0.25278735160827637,0.39586564898490906,-0.8828300833702087,0.005288158543407917,-0.017046893015503883,-0.0032336399890482426,-0.17943334579467773,0.08600692451000214,0.04649898782372475
1724162961.960391,-0.19595415093549307,0.1467123970643572,-0.07389118049671214,0.966756176280424,-0.4121293300659155,0.2816984699568009,-0.09330842816589201,0.25471165776252747,0.40056127309799194,-0.8801549077033997,0.0008220287272706628,-0.029390620067715645,-0.0012049042852595448,-0.08453494310379028,0.030993223190307617,0.09179411083459854
1724162961.993628,-0.1957647314589781,0.14785471081566465,-0.07246836441486466,0.9667282148509136,-0.4114428243460435,0.28477689757654706,-0.08983265240115812,0.2574971318244934,0.3999321460723877,-0.8796303272247314,0.004329330287873745,-0.029852842912077904,0.014045651070773602,0.10204099118709564,0.09097688645124435,0.1426282525062561
1724162962.0097861,-0.19026687642657097,0.1502370163251569,-0.07238185649030103,0.9674647938344091,-0.40052503412028295,0.2898111723043976,-0.09012899320944302,0.2631542980670929,0.38990187644958496,-0.8824546933174133,-0.008615641854703426,0.011593797244131565,0.012088066898286343,0.34032705426216125,0.1542251706123352,0.09212080389261246
1724162962.064177,-0.18285076770687161,0.15299263659309498,-0.0708848371631492,0.9685732056333032,-0.3853661132159011,0.2961610085949903,-0.08791736141993964,0.27044644951820374,0.37589842081069946,-0.8863177299499512,-0.008898507803678513,0.008047324605286121,0.012921103276312351,0.3709331750869751,0.10021357983350754,0.1862504929304123
1724162962.103353,-0.17428979339548756,0.15482195401731508,-0.06875535873677881,0.9700133551055737,-0.3676425697532292,0.30069472813808273,-0.08520958780860716,0.27639201283454895,0.35941654443740845,-0.891306459903717,0.005901883821934462,0.0016798247816041112,-0.006871895864605904,0.4563578963279724,0.1183202862739563,0.1732817441225052
1724162962.131857,-0.16496502175095207,0.15670906027513853,-0.06813454691606585,0.9713837605136774,-0.34887765133939075,0.30474011797104295,-0.08594344123925611,0.2819696366786957,0.34184327721595764,-0.8964576125144958,-0.0008041944238357246,0.004641979932785034,-0.004551991820335388,0.46029430627822876,0.08941778540611267,0.11797156929969788
1724162962.188383,-0.15662470858985336,0.15782641557258112,-0.06841650540202639,0.9725629706761327,-0.33233446627608926,0.30688453957929657,-0.08859693966248249,0.28556081652641296,0.3262506425380707,-0.9011190533638,0.011407079175114632,0.0012942762114107609,-0.003209493588656187,0.43937402963638306,0.029547661542892456,0.025416670367121696
1724162962.234781,-0.15035438739771437,0.15773059855347712,-0.07031178416990838,0.9734324735380344,-0.3203516355382087,0.3060176178290105,-0.09439175622799384,0.28593680262565613,0.31490030884742737,-0.9050292372703552,-1.0734249372035265e-05,0.013113053515553474,-0.004852926824241877,0.29530537128448486,0.0035555949434638023,-0.12271075695753098
1724162962.3209128,-0.14721301078997884,0.15679375365254497,-0.07155455373511974,0.9739733032628107,-0.3143534813681974,0.3036559903596513,-0.09818146236604397,0.28435832262039185,0.3092016875743866,-0.9074881076812744,0.021098488941788673,-0.024476783350110054,-0.024916980415582657,0.1586049646139145,0.028833648189902306,-0.164546400308609
1724162962.333821,-0.14659640226162837,0.1550409542189196,-0.07267047042630197,0.974264192361506,-0.3132804258049824,0.29962446252841224,-0.1012353571395208,0.28079524636268616,0.3081810474395752,-0.9089435935020447,0.008777459152042866,-0.0014411271549761295,-0.023761510848999023,0.019640399143099785,-0.026955416426062584,0.015552414581179619
1724162962.340448,-0.1453940423422768,0.15507264382956196,-0.07227801628985135,0.9744684976228047,-0.3107581014391029,0.29982832050691394,-0.10076049561300823,0.28120923042297363,0.3057805001735687,-0.9096261262893677,-0.0014434130862355232,-0.0038953204639256,0.006967535242438316,0.1113889068365097,-0.02427929826080799,0.1680019050836563
1724162962.372006,-0.14167362841077186,0.15809608471874056,-0.06741130193588116,0.9748794188666161,-0.3021194558156765,0.30769828609830274,-0.09087496246356505,0.2891484200954437,0.29754433035850525,-0.9098684191703796,0.006926107220351696,-0.018313415348529816,-0.009214221499860287,0.23629839718341827,0.20607617497444153,0.3393613398075104
1724162962.434349,-0.13472876659684793,0.1642205634555764,-0.061044238532031496,0.9752708741958259,-0.28675739667078143,0.32236086829681226,-0.07808340348062193,0.30387023091316223,0.28284353017807007,-0.909759521484375,-0.007668539881706238,-0.008366328664124012,0.004136445000767708,0.28864139318466187,0.26857662200927734,0.4240189492702484
1724162962.463037,-0.12871064812655192,0.16989656827317293,-0.05579964642940974,0.975425567190028,-0.27345082929404435,0.33557767695103946,-0.06768647112587783,0.3170788884162903,0.2700556516647339,-0.9091374278068542,-0.019211426377296448,-0.005978044588118792,0.009239728562533855,0.17268897593021393,0.19385135173797607,0.30922064185142517
1724162962.521648,-0.12535690868841423,0.17256579662069538,-0.05356842979206002,0.9755188326600575,-0.2661969088044466,0.3416616504243193,-0.0635281817409239,0.32325202226638794,0.2630642056465149,-0.9090133905410767,-0.0033279997296631336,-0.029477739706635475,0.010752808302640915,0.1149308905005455,0.04751475527882576,0.030663486570119858
1724162962.5330749,-0.12428978027528059,0.17101057239430165,-0.0549421944704591,0.975852786049424,-0.2644396619058141,0.338033615912985,-0.06710238938285348,0.32010477781295776,0.26136845350265503,-0.9106148481369019,0.0025738419499248266,-0.029968081042170525,-0.006502917502075434,0.041916728019714355,-0.104044109582901,-0.15624576807022095
1724162962.587044,-0.12472899779052743,0.1679510005837038,-0.0588880963287394,0.9760979994352746,-0.2664165221499333,0.3306270244926716,-0.07580891464520387,0.31318315863609314,0.263276070356369,-0.912470281124115,0.0027469098567962646,-0.008903815411031246,-0.01522181648761034,-0.037697892636060715,-0.12103848904371262,-0.24876068532466888
1724162962.631713,-0.12610108828845104,0.16585392166391247,-0.06345625244052067,0.9759939695895246,-0.2704828269047985,0.3250456587167267,-0.08523553204666638,0.30774104595184326,0.26719674468040466,-0.9131820201873779,0.004641714505851269,-0.020459095016121864,-0.012255781330168247,-0.022748852148652077,-0.04593285173177719,-0.2628042697906494
1724162962.660613,-0.1269890430351369,0.16585910298638107,-0.06751593231280445,0.9756055062731588,-0.27357861169190884,0.3239532691912111,-0.09320959148066187,0.3064785301685333,0.2701786756515503,-0.9127290844917297,0.005079254973679781,0.002705471822991967,-0.024536270648241043,-0.04946759343147278,0.09534794092178345,-0.1718340367078781
1724162962.696694,-0.12823082668282845,0.16744306069500495,-0.0695358413404869,0.9750304739643803,-0.2768682528601098,0.326692750066088,-0.09647440298049613,0.3086909055709839,0.2733445167541504,-0.9110393524169922,0.00426030158996582,0.0044238148257136345,-0.016354063525795937,-0.09263452887535095,0.12709446251392365,-0.07652384042739868
1724162962.728399,-0.12995871885354418,0.16944946379581438,-0.07084003423558363,0.9743609045079826,-0.28094216787726006,0.3305044760597087,-0.09799729993542983,0.31179729104042053,0.27726098895072937,-0.9087952375411987,0.005156417842954397,0.004842521622776985,-0.008543143048882484,-0.0977618545293808,0.10841488838195801,-0.07078304886817932
1724162962.80402,-0.13236398711778322,0.17082405024118857,-0.07230510005818833,0.973689277777338,-0.28636350201413024,0.33294441750660064,-0.09980676298213188,0.31351789832115173,0.28246569633483887,-0.9065978527069092,0.010492611676454544,0.0015995627036318183,-0.003365135286003351,-0.1329752802848816,0.07650548964738846,-0.0857887864112854
1724162962.815752,-0.13456646269085634,0.17177558832337844,-0.07334936704009722,0.973141726108154,-0.291201909717047,0.33461914404563065,-0.10094202398281699,0.3145832419395447,0.2871037423610687,-0.904770016670227,0.0014286953955888748,0.0031418469734489918,0.016150495037436485,-0.07601475715637207,0.018139222636818886,-0.0447523295879364
1724162962.857912,-0.13623528120567224,0.17232116574855533,-0.07340915657519348,0.9728084820548787,-0.29460467237848703,0.33573521343428986,-0.10035852854430603,0.3152691423892975,0.29036158323287964,-0.9034907221794128,-0.005655720364302397,0.0033146345522254705,0.021349415183067322,-0.07649350166320801,-0.041468530893325806,0.012708056718111038
1724162962.948492,-0.13774616642792148,0.17241940121842284,-0.07316004504129575,0.9725970221422937,-0.29754236155942937,0.33600930293296594,-0.09933096522924804,0.31523415446281433,0.2931714355945587,-0.9025951027870178,0.006779607385396957,0.0006523616029880941,-0.0017895271303132176,-0.08792153000831604,0.007487945724278688,0.00431331479921937
1724162962.958574,-0.13922560652371777,0.17327366589384183,-0.07353440754761426,0.9722062715521206,-0.30070659453688686,0.33768774322970097,-0.09934692607058784,0.31643974781036377,0.2961951792240143,-0.9011849164962769,0.009346824139356613,0.004174352623522282,-0.00996483489871025,-0.07323700189590454,0.0783231183886528,-0.01655248925089836
1724162963.00827,-0.13922915836977365,0.17593349246524712,-0.07235402644699868,0.9718165530419441,-0.3005749145845612,0.34363027173956767,-0.09608870784817244,0.3218025863170624,0.2960693836212158,-0.8993253111839294,0.0012519527226686478,-0.0186151135712862,-0.000977187417447567,0.0751521959900856,0.1771634966135025,0.10202264040708542
1724162963.020772,-0.13569681507546374,0.181005942453746,-0.07047656792024805,0.971522624244404,-0.293368464258505,0.35481752063373295,-0.09186379453506122,0.33257585763931274,0.28917840123176575,-0.897646427154541,-0.003903081640601158,0.039935652166604996,-0.03966451436281204,0.09873396903276443,0.356905996799469,0.2547544538974762
1724162963.0654001,-0.13288879754926855,0.18987590995629103,-0.06636343618046035,0.9705068629427508,-0.28706715204881605,0.3745851667881929,-0.081781614485112,0.3509138226509094,0.2831405997276306,-0.8925754427909851,-0.015108400024473667,0.02835443802177906,-0.014926398172974586,0.014846461825072765,0.43719056248664856,0.34139010310173035
1724162963.104692,-0.13129625300339454,0.1982510136581226,-0.062021214097666866,0.9693353876076561,-0.2828897968023839,0.3933577937942564,-0.07106139033654059,0.36805713176727295,0.2791317403316498,-0.8869156837463379,-0.017117977142333984,-0.002318151295185089,0.016373254358768463,-0.006523127667605877,0.3192196786403656,0.26005953550338745
1724162963.157878,-0.13107282693365874,0.20333905569265362,-0.05848020669135087,0.9685313832828863,-0.2813771595659523,0.4050301651029607,-0.062471154187009825,0.3785501718521118,0.277678906917572,-0.8829463124275208,-0.01082698069512844,-0.008791849948465824,0.021859096363186836,-0.051060281693935394,0.15948660671710968,0.17166022956371307
1724162963.211246,-0.13225856934722444,0.20534810645880247,-0.05555485219255066,0.9681184772215492,-0.2826485679511158,0.4101303822693687,-0.055477947640438716,0.3829073905944824,0.2789000868797302,-0.8806796669960022,-0.005990171805024147,-0.008217978291213512,0.01907571777701378,-0.13764838874340057,0.007886843755841255,0.13795243203639984
1724162963.216533,-0.13523612291364567,0.20462064918643663,-0.0533342717023881,0.9679859763893849,-0.28758780837247694,0.4094038238263681,-0.04998212478652454,0.381714403629303,0.28363993763923645,-0.8796831965446472,0.010433409363031387,-0.018775638192892075,0.006036333739757538,-0.21648606657981873,-0.08648484945297241,0.011646765284240246
1724162963.2568998,-0.13998156795768815,0.20251579454357593,-0.05308295528429948,0.967767860025508,-0.296776969743372,0.4053657638560595,-0.048170640054926515,0.37711527943611145,0.29243960976600647,-0.8787850141525269,0.010202087461948395,-0.01650613360106945,-0.00040772330248728395,-0.2755424380302429,-0.14523836970329285,-0.11200033128261566
1724162963.3231401,-0.14668170246393514,0.19974041587524513,-0.05401109404754263,0.9673008292004479,-0.31030287619787056,0.3997185190236169,-0.04821384811077527,0.3705732524394989,0.3053470551967621,-0.8771765232086182,0.018711524084210396,-0.014229771681129932,-0.01530273538082838,-0.3726896345615387,-0.14620795845985413,-0.1926184743642807
1724162963.3348498,-0.15492781283944823,0.19748007656918654,-0.05587282929439052,0.9663732282855384,-0.3273170939701375,0.39498665251104276,-0.049441715640167395,0.36436641216278076,0.32150372862815857,-0.8739979863166809,0.025388000532984734,-0.027379527688026428,-0.01292190421372652,-0.4048232436180115,-0.07574234902858734,-0.23324476182460785
1724162963.3956819,-0.16194184423821653,0.1963585979896376,-0.05909639984125908,0.9652593413166438,-0.3424968086806802,0.3920978899670497,-0.05362835116128052,0.3599335849285126,0.3358399271965027,-0.8704363107681274,0.010895967483520508,-0.027654970064759254,-0.0018432124052196741,-0.2816801369190216,-0.01490718126296997,-0.23695892095565796
1724162963.475253,-0.16628626313244166,0.19651991816005257,-0.062101844027334964,0.9642987649964111,-0.35235361242186103,0.3917558314642585,-0.05800661225482222,0.35835444927215576,0.345107764005661,-0.8674576282501221,0.008453866466879845,-0.019576305523514748,0.009969208389520645,-0.13361500203609467,0.04192622750997543,-0.19887523353099823
1724162963.487515,-0.16791171391444226,0.19747437423729294,-0.06454861670739266,0.9636611898319781,-0.35662480603335617,0.3930625782872169,-0.06202961434768472,0.3589198589324951,0.349113404750824,-0.8656190633773804,0.00014705804642289877,0.007229033391922712,0.0010607539443299174,-0.0572170689702034,0.08182884752750397,-0.10380061715841293
1724162963.507965,-0.16896194399197473,0.19884337857445264,-0.06550870697737483,0.9631311574351211,-0.3591909925792957,0.3957375893657579,-0.06305629605677406,0.3608875572681427,0.3515169620513916,-0.863826334476471,0.0011901904363185167,0.01270661037415266,-0.00045140256406739354,-0.06619296967983246,0.0789056196808815,-0.03228743374347687
1724162963.530857,-0.17107248333542655,0.19983253504982182,-0.06541859775233734,0.9625598718531001,-0.3634281414861838,0.3980678690923748,-0.061628759103992306,0.36231890320777893,0.3554805517196655,-0.8616023063659668,-0.008924041874706745,0.016066577285528183,0.010418543592095375,-0.15811234712600708,-0.009858368895947933,0.002795713720843196
1724162963.583154,-0.17510278748648456,0.199229742546848,-0.06459862317132256,0.9620153078139267,-0.3711024519812847,0.3974283912280473,-0.05853402875087543,0.360701322555542,0.3626430630683899,-0.8592930436134338,0.009144671261310577,-0.0030528646893799305,0.0015564175555482507,-0.23021389544010162,-0.07313282042741776,-0.01630844920873642
1724162963.6157289,-0.17959740750989167,0.19841203795089948,-0.06448923297623486,0.9613628414610544,-0.3799859571593409,0.3961295383555726,-0.05680694690624001,0.358327716588974,0.37090742588043213,-0.8567548990249634,0.006977734621614218,-0.008157111704349518,0.004276345483958721,-0.21628005802631378,-0.0719015896320343,-0.05899693816900253
1724162963.656646,-0.18443716376855165,0.19718079567480068,-0.06471983462624396,0.960684091990166,-0.3896824762652463,0.3938576275203316,-0.055827957054760464,0.3549834191799164,0.3798947036266327,-0.854205310344696,0.004557534586638212,-0.006620232481509447,0.0031285760924220085,-0.25272709131240845,-0.08591987937688828,-0.08068075776100159
1724162963.688397,-0.18879766020651415,0.19591729714924982,-0.064609322796945,0.9601028182406334,-0.39829405722148803,0.3916152329777342,-0.054365964126035914,0.35180532932281494,0.3878464996814728,-0.8519437313079834,0.005916209425777197,-0.015080858953297138,0.003059950191527605,-0.1718934029340744,-0.08090675622224808,-0.043338749557733536
1724162963.7678661,-0.19067375806406017,0.19580519338060814,-0.06401809081523216,0.9597944645943728,-0.4018106089604172,0.3918148083059169,-0.052415331391929706,0.3514523506164551,0.3910853862762451,-0.850607693195343,0.010624827817082405,0.0015646328683942556,-0.010337844491004944,-0.0792902410030365,0.0423738993704319,0.07104714214801788
1724162963.78072,-0.19124257628976288,0.1968639642574749,-0.06221400304669882,0.9595833473859395,-0.4022848102014968,0.39491796999679984,-0.047945984283573585,0.35401883721351624,0.39152178168296814,-0.8493416905403137,-0.0067795654758811,0.0015178013127297163,0.012173358350992203,-0.042940232902765274,-0.014924651943147182,0.1004721000790596
1724162963.802625,-0.19205964727660008,0.19657275116906844,-0.05883528277423998,0.9596930273038455,-0.4025518001287708,0.39576666256346554,-0.04068254755161388,0.3546992242336273,0.3917674422264099,-0.8489444851875305,-0.006136754993349314,0.006407471839338541,0.005732750054448843,-0.1175471693277359,-0.10668519139289856,0.23628947138786316
1724162963.85807,-0.19359978882849785,0.19537717114143635,-0.053808907552450186,0.9599225963140245,-0.40357396517527666,0.3954302173476573,-0.03007511839684609,0.3542591333389282,0.3927077054977417,-0.8486937880516052,0.01323242112994194,0.0043313330970704556,-0.007977128960192204,-0.12024936079978943,-0.06932613998651505,0.19064265489578247
1724162963.8875818,-0.19532993308402496,0.19466903207518102,-0.04978402750732568,0.9599331410272112,-0.40540413463861147,0.39579367799035464,-0.021253512456459175,0.3542898893356323,0.39439016580581665,-0.847900390625,0.011138972826302052,0.0006714398041367531,-0.015110654756426811,-0.07730801403522491,-0.0020118679385632277,0.10714145004749298
1724162963.9284549,-0.19597467192411525,0.1946475134543657,-0.04790737986685455,0.9599016069208793,-0.4059403997974077,0.39661881935933035,-0.01706868539618277,0.35490766167640686,0.3948829174041748,-0.8474125266075134,0.0029379785992205143,-0.003907539416104555,0.011837709695100784,-0.02070729248225689,-0.057228147983551025,0.05843261629343033
1724162963.961677,-0.1951501007507481,0.19481142530336948,-0.04618417668950986,0.9601207911374126,-0.40359795306024276,0.39755656198165795,-0.013755431881161514,0.35605931282043457,0.3927297592163086,-0.8479298949241638,0.0037569322157651186,-0.005625882651656866,0.0036555035039782524,0.1087384819984436,0.027729230001568794,0.040492791682481766
1724162964.016612,-0.19250748813426824,0.19522644545733692,-0.045175881529783045,0.9606177753756229,-0.39790870677267387,0.3984555840609415,-0.012614219380926474,0.35768258571624756,0.38749128580093384,-0.849655032157898,-0.005640485789626837,0.028092755004763603,-0.003666994394734502,0.12039551883935928,0.04122115299105644,0.10875889658927917
1724162964.059685,-0.19002896030256464,0.19617911264153712,-0.04355387057883328,0.9609920663645922,-0.3923072154929294,0.4007828294677632,-0.0099029012967517,0.36050015687942505,0.3823213577270508,-0.8508055210113525,0.001399527071043849,0.012638567946851254,-0.0018148161470890045,0.11152246594429016,0.036908894777297974,0.10341490060091019
1724162964.1045852,-0.18859760877499793,0.19702909795440227,-0.04234226979747009,0.9611542513767631,-0.3889619465241786,0.40287572106444874,-0.007647807455358876,0.3627794086933136,0.3792281150817871,-0.851220965385437,0.0020311700645834208,0.010956970043480396,0.009557693265378475,0.043248265981674194,-0.0028748116455972195,0.07113547623157501
1724162964.138994,-0.1887603103577663,0.197155415493028,-0.041156869458191137,0.9611479456371931,-0.38880380137065856,0.4036400574237701,-0.005063380909488504,0.3634534776210785,0.3790817856788635,-0.85099858045578,0.0037349893245846033,-0.0012542593758553267,0.006231863517314196,-0.03520607575774193,-0.030524007976055145,0.036687422543764114
1724162964.171924,-0.18980053096453062,0.19669513515985682,-0.040412524860697054,0.9610689692341265,-0.39057556282008954,0.40310557783130785,-0.0032581406837934785,0.3627345561981201,0.38072070479393005,-0.8505735993385315,0.009148221462965012,-0.008870657533407211,-0.003748493967577815,-0.06261048465967178,-0.01117781549692154,0.027317438274621964
1724162964.212885,-0.19003165737921598,0.19689993848129367,-0.04031152702951347,0.9609855798636279,-0.39099665274740125,0.4036270797352285,-0.0028589159690219266,0.3631150722503662,0.3811100423336029,-0.8502367734909058,0.00652586854994297,-0.014560995623469353,0.006624988280236721,0.03159944340586662,0.02438730001449585,0.009230450727045536
1724162964.243751,-0.18829760228511977,0.1970999075568113,-0.040570604096065804,0.961274988936171,-0.3876398949242661,0.4036743569464568,-0.004074453559729567,0.3636557161808014,0.3780044913291931,-0.8513912558555603,0.014616630971431732,-0.012148546054959297,-0.005543195642530918,0.12771889567375183,0.049150604754686356,-0.02900853008031845
1724162964.301605,-0.1853786082694742,0.1977051635600994,-0.041378441492129235,0.9616835300811026,-0.38214604720694384,0.40420446011094757,-0.0067739954286459144,0.36491823196411133,0.37291258573532104,-0.8530948758125305,0.0060815769247710705,-0.010745981708168983,-0.013918406330049038,0.21135130524635315,0.06207956746220589,-0.07836679369211197
1724162964.359086,-0.18207724378518939,0.1971741087531578,-0.0449699633817502,0.9622618916164782,-0.3770139823802151,0.4011931315414817,-0.015858304904723033,0.36309024691581726,0.36814582347869873,-0.8559405207633972,0.0006796373636461794,0.009952173568308353,0.009400326758623123,0.15119220316410065,-0.04004089534282684,-0.15805038809776306
1724162964.3719358,-0.18074447214044384,0.19552727807649375,-0.048645014672453045,0.9626703007165334,-0.37580076049304595,0.39606944232231134,-0.0247035726784126,0.3588719666004181,0.367017537355423,-0.8582010269165039,0.002548907184973359,0.0064161475747823715,0.00986380223184824,0.050018660724163055,-0.09506040066480637,-0.18622706830501556
1724162964.414541,-0.18128050653730168,0.19364477485644535,-0.050205457546806234,0.9628698314085539,-0.37744132901816874,0.3914888040065836,-0.02848308093256434,0.35470688343048096,0.3685431182384491,-0.85927814245224,0.007095149718225002,-0.01328584086149931,-0.00034599663922563195,0.0019081557402387261,-0.07621240615844727,-0.09942587465047836
1724162964.444552,-0.18174134581269533,0.19181989130447988,-0.05140167457637479,0.963085130692185,-0.3787770725204427,0.3871558177743439,-0.031524555725186046,0.3507941663265228,0.36978450417518616,-0.8603504300117493,0.01015456859022379,-0.006285420618951321,-0.010717753320932388,0.01440341118723154,-0.023624012246727943,-0.0819455161690712
1724162964.501569,-0.18185468363937193,0.19065361720480986,-0.05310111388887213,0.9632031391738676,-0.37962677549793394,0.3840040498187939,-0.0354851664733708,0.3479629456996918,0.37057384848594666,-0.861160159111023,0.005203895270824432,-0.007548355497419834,-0.008616943843662739,0.011546020396053791,-0.0299077108502388,-0.11424650251865387
1724162964.54704,-0.18198833159279162,0.18956346757640896,-0.05498664389457693,0.9632872513899132,-0.380582116154691,0.3809439273761239,-0.03979643227970719,0.3451942801475525,0.37146100401878357,-0.8618918657302856,0.011392236687242985,-0.00596968736499548,-0.011242955923080444,0.0028864932246506214,-0.009570661932229996,-0.09700571745634079
1724162964.573143,-0.18207233641152018,0.18889908514294096,-0.05679644491476437,0.9632968821267666,-0.38141808449759135,0.37882199803212974,-0.043797462155055644,0.34324967861175537,0.37223702669143677,-0.8623335957527161,0.002519222442060709,-0.008111778646707535,-0.006203124299645424,0.014976242557168007,-0.028166653588414192,-0.09422141313552856
1724162964.602885,-0.1822071894085113,0.1881730994090491,-0.058522351768061566,0.9633101769638741,-0.3823143664379022,0.3766021343382,-0.04763300808109491,0.34121173620224,0.37306874990463257,-0.8627828359603882,-0.001939206849783659,-0.0037261205725371838,0.004085066728293896,0.02038947492837906,-0.035783056169748306,-0.1042017787694931
1724162964.658015,-0.1823986018341417,0.18728349221920035,-0.060016467702087885,0.9633554006431893,-0.3832207570841829,0.37412215145199984,-0.051036340494546556,0.3389472961425781,0.37390953302383423,-0.8633112907409668,-0.0046530067920684814,0.00737733906134963,-0.0010825933422893286,-0.022234391421079636,-0.027447430416941643,-0.058002058416604996
1724162964.6869311,-0.18320412023351804,0.18655005906762315,-0.06094249745849785,0.9632867300827839,-0.38514535637072717,0.37225518296300986,-0.05295924993746354,0.33707255125045776,0.3756938576698303,-0.86327064037323,-0.006173540372401476,0.0035151320043951273,0.00027564604533836246,-0.030453862622380257,-0.03781290724873543,-0.05454990640282631
1724162964.7180061,-0.18404656184278506,0.1853555175461491,-0.061510148628738874,0.9633205879178716,-0.38698077199670977,0.36953346364684364,-0.054321562604755326,0.334472119808197,0.3773941695690155,-0.8635404109954834,0.00043347396422177553,0.0049577136524021626,-0.005077194422483444,-0.03848949074745178,-0.038057006895542145,-0.044579893350601196
1724162964.7804189,-0.1852150942935189,0.1844473375924461,-0.06168456855454155,0.9632598169423772,-0.38933754869081694,0.3676119215366225,-0.054624887235624704,0.33249157667160034,0.37957563996315,-0.8633490800857544,-0.0030114660039544106,0.0024631861597299576,-0.0019842558540403843,-0.04906683787703514,-0.05201251804828644,-0.03431585058569908
1724162964.809334,-0.18626593947580458,0.18358683462036676,-0.06174742529573466,0.9632175708655834,-0.3914198680016164,0.36582543712003335,-0.05472462249872631,0.33066526055336,0.38150128722190857,-0.8632017374038696,-0.0009144670912064612,0.00030528646311722696,-0.00015564175555482507,-0.03855579346418381,-0.04679662361741066,-0.024568604305386543
1724162964.846661,-0.18707067396302507,0.18302932454043375,-0.06188203618560115,0.9631590958117896,-0.3930526867929659,0.36464107355896597,-0.054940733970551534,0.3294200897216797,0.3830100893974304,-0.8630096912384033,0.0,0.0,0.0,-0.014918489381670952,-0.021209070459008217,-0.015221599489450455
1724162964.880392,-0.18743840552978103,0.1830100186577677,-0.062289986571919295,0.9630649380907487,-0.39394054103755527,0.36446871890322796,-0.05566246681673721,0.32914999127388,0.38383010029792786,-0.862748384475708,-0.0029930733144283295,0.003909355960786343,0.0007442961214110255,-0.017907453700900078,0.003077303059399128,-0.011296765878796577
1724162964.960238,-0.18746996444720596,0.1832192334275924,-0.06280294162988276,0.9629856934954728,-0.3942059921755764,0.364716811885238,-0.056631977787581625,0.32932767271995544,0.38407519459724426,-0.8625714778900146,-0.0008593307575210929,0.0024736332707107067,-0.002353816758841276,0.005156850907951593,0.024526841938495636,-0.0312091875821352
1724162964.965812,-0.18735237307654953,0.18343637539879407,-0.06300248928832651,0.9629542291708577,-0.3940567665793341,0.3650950136945411,-0.05699953599770353,0.3296743333339691,0.38393741846084595,-0.8625003695487976,0.002967538544908166,0.004109897185117006,-0.00324685568921268,0.010952136479318142,0.022562669590115547,-0.007838152348995209
1724162964.99713,-0.18714214789064043,0.18430252892456675,-0.06284728414101481,0.9628398118589693,-0.39362818624036444,0.3670105312040118,-0.05638164177625748,0.3313848674297333,0.38354164361953735,-0.8620207905769348,0.00024253001902252436,0.006471926812082529,-0.0009852289222180843,-0.005471318960189819,0.039630819112062454,0.036352723836898804
1724162965.062986,-0.18829136517175038,0.1849183283986685,-0.06106725072232153,0.9626122088060992,-0.395303219533008,0.3691689437387428,-0.05195983912343695,0.3330124020576477,0.3850880563259125,-0.86070317029953,-0.0020122192800045013,0.01668400876224041,0.0016563073731958866,-0.12750503420829773,-0.007140008267015219,0.13466396927833557
1724162965.105885,-0.19070674360551054,0.18532406640836538,-0.05879831700829856,0.9621998524530466,-0.39931734804263286,0.3712170735583733,-0.04610896555465505,0.3342111110687256,0.38878947496414185,-0.8585718870162964,-0.0022695502266287804,0.005118282977491617,0.004991903435438871,-0.17157652974128723,-0.03160451725125313,0.026994828134775162
1724162965.136145,-0.19414206732367884,0.18440946152693322,-0.0578809922745558,0.9617440832305644,-0.40582574955354583,0.3699898565213853,-0.04325591555315947,0.3322351574897766,0.3947775661945343,-0.8566040396690369,0.005791611038148403,-0.0026568686589598656,-0.0024755457416176796,-0.16704469919204712,-0.03888614848256111,-0.013914475217461586
1724162965.168067,-0.1971723318473557,0.1837316461192373,-0.05744958507508542,0.9612830905103922,-0.4117214025163216,0.36904618652724364,-0.04147375578420096,0.33058130741119385,0.4001874625682831,-0.8547315001487732,0.0024202000349760056,-0.0015368794556707144,0.0011477696243673563,-0.11667898297309875,-0.04407443106174469,0.010864939540624619
1724162965.196854,-0.19856159594421346,0.1837220958086191,-0.05660583634443777,0.9610489914900178,-0.4141963082769136,0.3695491030985361,-0.03916239172582645,0.3306523859500885,0.40245434641838074,-0.8536389470100403,0.002041862579062581,-0.004326246213167906,0.004026789218187332,0.01006995514035225,-0.012130877934396267,0.027332648634910583
1724162965.2591639,-0.19769658581259994,0.1842605511918813,-0.05433707831886585,0.961255175271156,-0.4116238762529015,0.37157784170127994,-0.03449586081003455,0.3327583074569702,0.4000980854034424,-0.8539282083511353,0.00047025911044329405,0.00785005372017622,0.0003799095284193754,0.01481478288769722,-0.01677054725587368,0.13741086423397064
1724162965.289254,-0.19667350379851814,0.1849177550019469,-0.05232005343274058,0.9614507001026652,-0.40882732498829844,0.3737255085623588,-0.03037720264163999,0.3349986672401428,0.3975335657596588,-0.854249894618988,0.008211811073124409,-0.004193748347461224,-0.001327776350080967,0.04565824940800667,0.03272600844502449,0.06553193926811218
1724162965.325416,-0.19581737637599503,0.184796471817991,-0.05123583384121866,0.9617071872178704,-0.4066931348239072,0.3738036299811084,-0.028503479521493298,0.3353744447231293,0.3955743610858917,-0.8550116419792175,-0.0062873633578419685,0.0049962312914431095,0.009976907633244991,0.03531453013420105,-0.04821690544486046,0.028812739998102188
1724162965.357967,-0.1953738540517004,0.18325042433567357,-0.05039209671555096,0.9621376940664107,-0.4054386046558004,0.3707408214579935,-0.02760474013628655,0.3329336941242218,0.39442184567451477,-0.8564966917037964,-0.008288849145174026,0.008567187935113907,0.016486141830682755,0.006769489962607622,-0.1275196075439453,0.04097825288772583
1724162965.412931,-0.19536869502272725,0.18100288914018137,-0.04975745429561918,0.9625970577183122,-0.40512663524222076,0.36612832426606,-0.02727947711580926,0.3290235996246338,0.39413514733314514,-0.8581380844116211,0.001619597664102912,-0.0005425296840257943,0.001674697152338922,0.013196644373238087,-0.12233186513185501,0.0011365979444235563
1724162965.441914,-0.19574161051664637,0.1792128733783205,-0.049377747408017425,0.9628757349213465,-0.40568467037273453,0.3624523960625178,-0.027136066063686133,0.3257888853549957,0.3946479558944702,-0.8591359257698059,0.009886503219604492,-0.004738094285130501,-0.012235084548592567,-0.016131656244397163,-0.0775933489203453,-0.008397072553634644
1724162965.49795,-0.19593037692007736,0.17814224466361808,-0.04930085538455178,0.9630399897278532,-0.4060054868772706,0.36018699815708344,-0.027379363624160952,0.3237971365451813,0.3949427008628845,-0.8597532510757446,0.005942219402641058,-0.0012456283438950777,-0.006719703320413828,0.0039876531809568405,-0.03626035898923874,-0.008769717998802662
1724162965.569432,-0.19607530813816174,0.17802151335096025,-0.04981942199852,0.9630061040125553,-0.4064829341521218,0.3597266363030506,-0.0284644672614634,0.3233349025249481,0.39538130164146423,-0.8597256541252136,0.008825019933283329,-0.009491677395999432,-0.003067649668082595,-0.011047342792153358,-0.010801894590258598,-0.054317232221364975
1724162965.581753,-0.19645183432593952,0.17821785702382012,-0.05075697507457067,0.9628440702564581,-0.4075885348069941,0.35980646676564176,-0.03019768128233728,0.3232493996620178,0.39639657735824585,-0.8592901229858398,0.0023134774528443813,-0.011691366322338581,0.00023920810781419277,-0.009930247440934181,0.017974520102143288,-0.07796505838632584
1724162965.6004071,-0.1963041790710663,0.1785629405125323,-0.05216654738823355,0.9627348979830832,-0.4078186196115875,0.3599452453378331,-0.033056346867168365,0.32333651185035706,0.39660778641700745,-0.8591598868370056,-0.016056492924690247,0.0024354327470064163,0.00720581877976656,0.00046255893539637327,-0.008879333734512329,-0.007879546843469143
1724162965.6632771,-0.19591214251297195,0.17743596684187335,-0.050497532361151586,0.9631121089554822,-0.4063844900375067,0.3581530613103694,-0.030210536722424682,0.3219952881336212,0.39529088139533997,-0.8602698445320129,0.002710724016651511,0.01656881719827652,-0.0018096419516950846,-0.00031013472471386194,-0.07426450401544571,0.08899465948343277
1724162965.694172,-0.19635064717844294,0.17735726385102432,-0.04796928316382246,0.9631664721797086,-0.40634230625445017,0.35909524801536324,-0.024776169197074635,0.3228115439414978,0.39525213837623596,-0.8599816560745239,0.008112747222185135,0.00021098865545354784,-0.0043607125990092754,-0.06396942585706711,-0.013720856048166752,0.09158743172883987
1724162965.7266378,-0.1975522292502355,0.17716277323757249,-0.04713394699805833,0.9629978543819638,-0.4084480330675282,0.3591808718705722,-0.022646710423944574,0.3225919008255005,0.3971855044364929,-0.8591729402542114,0.015104725025594234,-0.029047133401036263,-0.01092018187046051,-0.022534575313329697,0.017779381945729256,-0.05331050604581833
1724162965.7716742,-0.19743019240102772,0.17700440694421793,-0.04932222407717823,0.9629424025751506,-0.408995969195464,0.35789981284269023,-0.027356361150106843,0.3214147090911865,0.3976882994174957,-0.8593814969062805,0.009115027263760567,-0.01541062816977501,-0.004126678686589003,0.060584042221307755,0.04694552719593048,-0.14132966101169586
1724162965.800756,-0.1963602388093549,0.17710557634609222,-0.0531206507701494,0.9629405522925921,-0.4082267313850367,0.35638911790748,-0.03569087964477527,0.3202227056026459,0.3969824016094208,-0.860152542591095,0.001079876092262566,0.006199753377586603,-0.006438883021473885,0.05077038332819939,0.022592833265662193,-0.16820114850997925
1724162965.857846,-0.19595341647509462,0.17716295178138095,-0.056224418789088314,0.9628365750952754,-0.4085335638910039,0.35516039468601523,-0.04233398806305552,0.31912320852279663,0.3972640037536621,-0.8604310750961304,-0.005148759111762047,0.009716701693832874,0.0064187683165073395,0.014837234281003475,-0.0033223023638129234,-0.13045641779899597
1724162965.8880482,-0.19611325192236356,0.17685997228702813,-0.05803086258138895,0.9627525453190302,-0.4094923915968629,0.3537573133379376,-0.046204696216502965,0.31778353452682495,0.3981437385082245,-0.8605203032493591,-0.00377883343026042,0.012167668901383877,0.00930468738079071,-0.0007641087286174297,-0.011304452084004879,-0.06670278310775757
1724162965.919141,-0.19684328713030794,0.1767639228293948,-0.05821178459474514,0.9626102578232195,-0.4110217866492843,0.3535481404320216,-0.04635709956317117,0.3173923194408417,0.39954623579978943,-0.8600144982337952,-0.003815618809312582,0.009275329299271107,0.00384758273139596,-0.03659391775727272,-0.012566661462187767,0.01879074051976204
1724162965.975364,-0.19683446534318988,0.1770622662798825,-0.057981438643036017,0.9625711580982762,-0.41093537827530935,0.3542927175389206,-0.045741304044581745,0.3180445730686188,0.39946702122688293,-0.8598102927207947,0.0038192106876522303,-0.01292295940220356,0.001231336034834385,0.10151831060647964,0.03173743188381195,-0.06853501498699188
1724162966.0045161,-0.19403332019390887,0.17647683214021356,-0.06197267092697986,0.962998593704522,-0.40670048551231597,0.3510623565785622,-0.055421114162597866,0.3158443570137024,0.39558112621307373,-0.8624140024185181,-0.0004850185359828174,-0.010773690417408943,0.012354288250207901,0.2524377703666687,-0.05332796275615692,-0.23976872861385345
1724162966.0355148,-0.18971663214144838,0.17600302472496254,-0.0674919894110934,0.9635742032118919,-0.3999471827596406,0.34738739946979325,-0.06876218157351524,0.31357523798942566,0.3893696963787079,-0.8660610914230347,-0.00317328330129385,-0.007689484395086765,0.009689188562333584,0.26969268918037415,-0.0023027523420751095,-0.2410648614168167
1724162966.115572,-0.18477571705649098,0.17600268050631415,-0.07336392785822364,0.9641050706778259,-0.39207946463283716,0.3446841427267616,-0.0827886910609746,0.31225842237472534,0.3821108937263489,-0.8697620034217834,-0.006669334601610899,0.0036843318957835436,-0.0026068228762596846,0.28305506706237793,0.06888172030448914,-0.1922035813331604
1724162966.1273708,-0.18051269426187203,0.1767493880746326,-0.0765875730646155,0.9645253118937525,-0.38471149896423573,0.3448070458673232,-0.09067299113216697,0.313308447599411,0.37529173493385315,-0.8723496198654175,-0.00013948261039331555,0.0029898639768362045,-0.023952791467308998,0.19955669343471527,0.1431829184293747,-0.08282635360956192
1724162966.1683378,-0.17795428537969996,0.17705644904229562,-0.07893421509533904,0.9647552141594024,-0.3804262436067002,0.3444519935641648,-0.09631238927525745,0.31353890895843506,0.3713162839412689,-0.8739665746688843,-0.017480606213212013,0.041525084525346756,-0.01804635114967823,0.0314527191221714,0.03451956808567047,0.09124034643173218
1724162966.22686,-0.17677343440897247,0.1771635100235444,-0.07966487870858947,0.9648925835765484,-0.3783225617819594,0.3443608381592466,-0.0981905442092849,0.31372225284576416,0.3693621754646301,-0.8747285008430481,-0.013287041336297989,0.017524966970086098,0.008276921696960926,0.04222596064209938,-0.06511363387107849,0.053100377321243286
1724162966.232853,-0.1763122663719234,0.17721034380182252,-0.07742720464403552,0.9651504453811229,-0.3766179114052549,0.3453117446219726,-0.09366069348650984,0.3147665560245514,0.3677775263786316,-0.8750209808349609,0.009945273399353027,-0.0040472145192325115,0.0010294901439920068,0.03704892471432686,-0.0023440923541784286,0.1331099420785904
1724162966.2916121,-0.17567867998490574,0.17868391140867237,-0.0727973127151207,0.965354613594334,-0.3738474888088156,0.3502232807941448,-0.0836360927770772,0.3194088041782379,0.36519986391067505,-0.8744181394577026,0.008454341441392899,0.0022781784646213055,-0.0023130050394684076,0.015323711559176445,0.08340708911418915,0.22062337398529053
1724162966.35321,-0.1742387415125973,0.1804962759813181,-0.06963413447782409,0.9655117382473694,-0.369979698540486,0.35523573436142986,-0.07683584979432752,0.3242766261100769,0.3615964949131012,-0.8741239309310913,0.00029359967447817326,-0.009566579945385456,0.004019889980554581,0.05145370215177536,0.03944248706102371,0.13043829798698425
1724162966.399445,-0.17302092556808843,0.1813405959461871,-0.06781269478134808,0.9657021920732656,-0.3669474364908314,0.3576587042086412,-0.07315322667552429,0.32677599787712097,0.3587677776813507,-0.8743587136268616,-0.004818415734916925,0.0008722987258806825,0.005511932075023651,0.048330847173929214,-0.014820640906691551,0.11587949842214584
1724162966.410585,-0.17189186434083192,0.18158183813276615,-0.06766134106635825,0.9658690617669331,-0.3646498710527199,0.35816610075568234,-0.07314973293555177,0.32750770449638367,0.35662221908569336,-0.8749624490737915,-0.0011385626858100295,-0.0025503074284642935,0.013941969722509384,0.03031988814473152,-0.045076921582221985,0.01529860869050026
1724162966.4617782,-0.17115110205382866,0.18125484076125903,-0.06758919493806351,0.9660670836030487,-0.3631158467045908,0.35745075988468267,-0.07339477424829505,0.32707273960113525,0.35518863797187805,-0.8757079839706421,-0.005784427281469107,-0.004638392012566328,0.012633384205400944,0.05214245989918709,-0.042149968445301056,0.0031146840192377567
1724162966.4738312,-0.17021036801708686,0.17973285035855463,-0.0670585293383723,0.9665545187888226,-0.36092570003781954,0.35433874747968824,-0.07322578054232799,0.32461509108543396,0.3531404435634613,-0.877449095249176,0.006970592774450779,0.001308311359025538,0.004502337891608477,0.05203833803534508,-0.10183122009038925,0.021465636789798737
1724162966.525485,-0.16898051837386294,0.17854849424496452,-0.06727966015357223,0.9669743861440481,-0.3584519856740005,0.3516626823298416,-0.07457778936344812,0.3225657343864441,0.3508250415325165,-0.8791320323944092,0.00875153299421072,-0.010936031118035316,0.006785804405808449,0.08560625463724136,-0.08089149743318558,-0.061160359531641006
1724162966.554545,-0.16816257008754568,0.17679040107689886,-0.06819503687330047,0.9673757991415196,-0.35700031517828995,0.3475378012202237,-0.07743629967897726,0.31910979747772217,0.3494652509689331,-0.8809329867362976,0.01395183615386486,-0.014836756512522697,-0.006910058669745922,0.055102523416280746,-0.04593595117330551,-0.0829768255352974
1724162966.609436,-0.1671060522910166,0.17593341155035355,-0.07012952647744193,0.9675767840938609,-0.35549251395892595,0.34496490946982755,-0.08213430393298518,0.3170200288295746,0.34805211424827576,-0.8822460174560547,-0.0003783375141210854,-0.0027893667574971914,0.002879019360989332,0.07624198496341705,-0.04280305281281471,-0.07848850637674332
1724162966.6404219,-0.16621037005598205,0.175286697713972,-0.07138569092796382,0.9677565032974645,-0.3540807181929275,0.34310049901752865,-0.08528664799826374,0.3155395984649658,0.34672826528549194,-0.8832973837852478,-0.010679489001631737,0.0181215051561594,0.00025380682200193405,0.02242405340075493,-0.035137057304382324,-0.004596129059791565
1724162966.669403,-0.16558358623903513,0.17441334530680816,-0.07090878981047012,0.9680568087781082,-0.3525834838218735,0.34138963134291306,-0.08484216381272837,0.31420138478279114,0.34532350301742554,-0.8843241333961487,-0.007910553365945816,0.009186390787363052,0.0032232915982604027,0.01564357988536358,-0.07515805959701538,0.042525485157966614
1724162966.772718,-0.16529588774839096,0.17313024403242586,-0.06943611543615527,0.968442902007303,-0.35138897519210777,0.3391742355670846,-0.08237533349051385,0.31237849593162537,0.3442022502422333,-0.8854063749313354,-0.003966268617659807,0.0056939260102808475,-0.0022920898627489805,-0.0017203947063535452,-0.07379002124071121,0.08595654368400574
1724162966.7854218,-0.16531329247266158,0.17181295690446374,-0.06775623033384039,0.9687934576801093,-0.3507387431631862,0.3369705542362338,-0.07938923139271463,0.31050053238868713,0.3435916602611542,-0.8863036632537842,0.008479834534227848,-0.007911238819360733,-0.010194276459515095,0.007998141460120678,-0.033336225897073746,0.07144029438495636
1724162966.803798,-0.1648585395756929,0.17093666648031414,-0.06694027001374886,0.9690826882790424,-0.3494788498203126,0.33537946363537835,-0.07818134492311109,0.3092321753501892,0.3424082100391388,-0.887204647064209,-0.0007531247683800757,-0.011396527290344238,0.0004531272570602596,0.04304167255759239,-0.04784034937620163,-0.0035944529809057713
1724162966.833117,-0.16416386721479442,0.169911859926095,-0.06669330896823611,0.9693978131952596,-0.347921046975771,0.3332621429958941,-0.07828353538426144,0.307527095079422,0.3409441411495209,-0.8883603811264038,0.00493583083152771,-0.00600102823227644,-0.010134274140000343,0.023063354194164276,-0.022259429097175598,0.0046520051546394825
1724162966.9028249,-0.16395993242896606,0.16952419978985153,-0.0668443332734992,0.9694897599541233,-0.34753202300303926,0.3323775097348052,-0.07880753525404496,0.30678436160087585,0.3405784070491791,-0.8887574076652527,0.0009144254145212471,-0.002475449349731207,-0.010228188708424568,-0.013331567868590355,-0.004266922362148762,-0.015823468565940857
1724162966.9147,-0.16404019488230553,0.1691267758088631,-0.06712581006343533,0.9695261654037824,-0.34775501330827896,0.3314363021774416,-0.07951157139609569,0.3059230148792267,0.3407880663871765,-0.8889738917350769,-0.0032427869737148285,0.00473268935456872,-0.008428312838077545,-0.009298913180828094,0.0031190915033221245,-0.01277501042932272
1724162966.966794,-0.1641690223849574,0.1691585143134367,-0.06730336226548878,0.9694865748383722,-0.3480753395382624,0.3314454024947895,-0.07982492772746413,0.3058955669403076,0.3410891890525818,-0.8888678550720215,0.0008189535001292825,-0.0017183430027216673,-0.008182206191122532,-0.01076016016304493,0.023972410708665848,-5.0577917136251926e-05
1724162967.002078,-0.16439314033082467,0.16922257188182974,-0.06692640535432832,0.9694634375018474,-0.3484030022655593,0.331722808704004,-0.0789476493690417,0.30610570311546326,0.3413971960544586,-0.8886772394180298,-0.005641002673655748,0.00406810874119401,-0.0017686119535937905,-0.02272621914744377,-0.01139439269900322,0.037648871541023254
1724162967.066743,-0.16477212938143165,0.16924960215345836,-0.06586891167523269,0.9694667753661833,-0.34880901324983626,0.3321690450950163,-0.07662497840065884,0.3064570128917694,0.34177878499031067,-0.888409435749054,-0.00283887330442667,0.0016729659400880337,0.0015790574252605438,-0.04202229902148247,-0.02538805827498436,0.0745551660656929
1724162967.106361,-0.16547036692536402,0.1693173920925465,-0.06361975544199792,0.9694862871248584,-0.34945560352296406,0.33314029909135995,-0.07171520252868517,0.3072474002838135,0.3423863649368286,-0.8879023790359497,-0.001450596610084176,0.0033999397419393063,-0.003190302988514304,-0.07017587125301361,-0.001554552698507905,0.16417169570922852
1724162967.118603,-0.1666985826380702,0.1693693091151247,-0.060686527107628896,0.9694548401710643,-0.3509290312028566,0.33435414726871393,-0.06521655558203807,0.30815908312797546,0.3437703549861908,-0.8870512247085571,-0.005163601599633694,0.002452738815918565,-0.0016146949492394924,-0.1055804044008255,-0.04063039273023605,0.11172261089086533
1724162967.166648,-0.16830600293121808,0.16924532856120186,-0.05876015887796383,0.9693174196782672,-0.3534894909678605,0.334869076289128,-0.06073470465985154,0.30832552909851074,0.34617364406585693,-0.8860582113265991,-0.002949187532067299,-0.004833890590816736,-0.004408423323184252,-0.08195053786039352,-0.020768562331795692,0.048608794808387756
1724162967.2241569,-0.16958462217542775,0.16959426671374175,-0.05820607455704532,0.9690669848235378,-0.3558855375691281,0.3358889009032493,-0.05902044443663768,0.3089546859264374,0.34842056035995483,-0.8849576711654663,-0.0010063888039439917,-0.004755400121212006,-0.0034145708195865154,-0.0575639083981514,0.009012333117425442,0.0005046002333983779
1724162967.235883,-0.1705496462207056,0.16998691815981815,-0.057900642974584186,0.9688470709768239,-0.35773951477578503,0.3368972093070864,-0.05790772447432815,0.3096327781677246,0.350157767534256,-0.8840345144271851,0.0021337426733225584,-0.0014357229229062796,-0.0030981129966676235,-0.05312686413526535,0.03519310802221298,0.001278216135688126
1724162967.2804542,-0.17174650966450583,0.17047767082451837,-0.05744090730861536,0.9685767616593769,-0.36001058581964684,0.3381901276165524,-0.05635459754694332,0.31051087379455566,0.35228413343429565,-0.8828809857368469,0.0024018073454499245,-0.002983049489557743,-0.0015807822346687317,-0.07700609415769577,0.03149860352277756,0.011785718612372875
1724162967.359674,-0.1727846775199558,0.1708518134338251,-0.05713357675179591,0.9683443471719326,-0.36200808475573487,0.33917234877892843,-0.0552135593385833,0.311143159866333,0.3541528880596161,-0.8819102048873901,-0.0003012166125699878,-0.002822480397298932,0.008488315157592297,-0.05068926140666008,-0.010776733048260212,0.019335133954882622
1724162967.3724952,-0.173338534534462,0.1709566602819592,-0.05647924958365704,0.9682652526729197,-0.36289948516838555,0.3396768334339063,-0.05362347548375089,0.3114827275276184,0.35498636960983276,-0.88145512342453,0.0004590502940118313,-0.0008913769270293415,0.007809195667505264,-0.02888902649283409,-0.02099231444299221,0.04277744144201279
1724162967.390672,-0.17360703873544275,0.17065174306344097,-0.055757484071017015,0.9683127410484469,-0.3631729820260066,0.33931192856090586,-0.05215245100254335,0.31112873554229736,0.3552420437335968,-0.8814771771430969,0.0018473268719390035,0.0008355971076525748,0.00303983548656106,-0.024313224479556084,-0.03267686814069748,0.017483079805970192
1724162967.4442348,-0.17446760747685,0.16998588089612499,-0.05528846123288612,0.9683020547619828,-0.36470231195707253,0.3381267981136985,-0.051142254096647514,0.30990326404571533,0.35667121410369873,-0.881331741809845,0.006401269696652889,-0.00213700532913208,0.0010894923470914364,-0.07046347111463547,-0.05803048610687256,0.006066746078431606
1724162967.474834,-0.17656763269561557,0.16854664327706723,-0.054512923969837555,0.9682169887214829,-0.3685760775406289,0.3354989751033222,-0.0493756304031506,0.30712899565696716,0.36028751730918884,-0.880831778049469,0.002768936101347208,-0.0089351125061512,0.0029694847762584686,-0.09726639837026596,-0.0767483040690422,0.004284554161131382
1724162967.531684,-0.17835998861608537,0.16739016043716823,-0.054459589564002445,0.9680920839674901,-0.3720970634735101,0.3331829199862262,-0.04911162829530808,0.30467134714126587,0.36356979608535767,-0.8803365230560303,0.005012951325625181,-0.006034142337739468,-0.004524977877736092,-0.07692662626504898,-0.03108225204050541,-0.02564845234155655
1724162967.5605621,-0.18034384329004233,0.16641201448359996,-0.05414362882374709,0.967910900667553,-0.37592580893732075,0.3313646407043921,-0.048170839526161136,0.30261507630348206,0.36713385581970215,-0.8795663118362427,-0.00011386460391804576,-0.0006890633376315236,-0.000682569167111069,-0.10444226115942001,-0.05978171527385712,-0.006057664752006531
1724162967.591656,-0.1820907839191258,0.16510492560162549,-0.05366921623913717,0.9678341460709311,-0.3792129624095466,0.32888648915930263,-0.04712151504479492,0.3000430166721344,0.37018945813179016,-0.8791666030883789,-0.0008593307575210929,0.0024736332707107067,-0.002353816758841276,-0.09570188820362091,-0.07728901505470276,0.018541257828474045
1724162967.661998,-0.1839534611548512,0.16327505692351174,-0.052640803306361554,0.9678487542570161,-0.3825292620968163,0.32551638202786637,-0.04510054023701606,0.296684205532074,0.37326812744140625,-0.8790047764778137,-0.0037752832286059856,0.006349875591695309,0.003999775275588036,-0.10373145341873169,-0.13721799850463867,0.021698204800486565
1724162967.6745949,-0.1860979655737625,0.16101673513620085,-0.050868781943225874,0.967911866938858,-0.3861603658932295,0.32155197366996235,-0.04161909773415703,0.29276686906814575,0.37663429975509644,-0.8788823485374451,-0.0018289341824129224,0.0006105729262344539,-0.00031128351110965014,-0.11375017464160919,-0.13244496285915375,0.04090600088238716
1724162967.7084532,-0.1882670968249516,0.1586093831286595,-0.04861869712271819,0.9680055261033014,-0.3896989384454975,0.31747443774028455,-0.03720166775924387,0.2887629270553589,0.3799099326133728,-0.8787971138954163,-0.0032795309089124203,0.0040105124935507774,-0.0035015863832086325,-0.11659303307533264,-0.1446385383605957,0.07045601308345795
1724162967.772956,-0.19014767352142806,0.15639410529778874,-0.045864539597475884,0.9681327875797808,-0.3925246597829426,0.3140037676203956,-0.031749581214387416,0.28537845611572266,0.3825222849845886,-0.8787695169448853,0.0012192756403237581,-0.0011304364306852221,-0.0032537546940147877,-0.09054668992757797,-0.12715913355350494,0.09876391291618347
1724162967.80193,-0.19176050814827547,0.15432945057274616,-0.04321127252441024,0.9682680842268903,-0.39487054991933873,0.31080650610461535,-0.026536564092272945,0.28229212760925293,0.38468870520591736,-0.8788206577301025,-0.00236506387591362,0.0037052263505756855,-0.0033459446858614683,-0.08791711181402206,-0.12659388780593872,0.10893209278583527
1724162967.842952,-0.19307469678290984,0.15261361030066098,-0.04055526153429186,0.9683937369333327,-0.3966419937937655,0.30834378678018864,-0.0212679156735742,0.27991974353790283,0.3863232135772705,-0.8788625001907349,0.0011789400596171618,0.0017950170440599322,-0.003405946772545576,-0.07437936961650848,-0.09906305372714996,0.0956471860408783
1724162967.884173,-0.19419487250718837,0.15126116308441084,-0.03840359735539142,0.9684696314051319,-0.3982019704082357,0.30644477684490073,-0.016965269263087012,0.2780681252479553,0.3877616226673126,-0.8788168430328369,0.0023027437273412943,0.0014216873096302152,-0.0046137189492583275,-0.05768318101763725,-0.07110670953989029,0.0646396279335022
1724162967.9190779,-0.19499897605528696,0.15031404873418192,-0.03720815787113594,0.9685021949275405,-0.399436964253854,0.30499288145158887,-0.014599980953742816,0.2766478657722473,0.38889968395233154,-0.8787621855735779,0.0011090028565376997,-0.005467129871249199,0.0011425954289734364,-0.01801157556474209,-0.056603942066431046,0.00705418735742569
1724162967.958993,-0.1946436930482099,0.14966471777657112,-0.037731183006652,0.968653969311666,-0.39887166085119014,0.30333743768218857,-0.016098727893480748,0.2752583622932434,0.3883788287639618,-0.8794286251068115,-0.0011421963572502136,-0.0010728401830419898,-0.001520780147984624,0.04441601783037186,-0.011838533915579319,-0.05134553462266922
1724162967.9954262,-0.1935824992409502,0.14945267498770032,-0.03898064844883907,0.9688499252051579,-0.39711157309044837,0.3022472028495977,-0.019162198248516907,0.2745024859905243,0.3867563009262085,-0.8803794384002686,0.0039958287961781025,0.002323511289432645,-0.012792475521564484,0.05618411302566528,0.04101839289069176,-0.053575530648231506
1724162968.0244498,-0.19254427702453983,0.14975334701220136,-0.040347467716399514,0.9689543459388612,-0.3954435701740631,0.302220916157288,-0.022239409592143513,0.27467095851898193,0.3852175772190094,-0.8810012936592102,-0.0010171227622777224,0.008357653394341469,-0.008267497643828392,0.043616488575935364,0.039375271648168564,-0.04423154145479202
1724162968.080404,-0.19215789612858328,0.1501542286375424,-0.04136159859825047,0.9689262619892771,-0.3949856046184446,0.30262652732126727,-0.024320909056349274,0.2750808298587799,0.3847948908805847,-0.8810580968856812,-0.005380080081522465,0.011986205354332924,-2.5288958568125963e-05,-0.006911430973559618,0.016896726563572884,-0.024287637323141098
1724162968.110437,-0.19267654068232648,0.15003939412626766,-0.04171832626516564,0.9688257748604413,-0.39613851264151345,0.3022851326297246,-0.024952175560084926,0.2746477723121643,0.38585877418518066,-0.8807278871536255,-0.005148759111762047,0.009716701693832874,0.0064187683165073395,-0.04031825438141823,-0.028765780851244926,-0.0033558569848537445
1724162968.149162,-0.1931713904455531,0.1499258687596367,-0.041624955485710755,0.9687488150712967,-0.3971051993438654,0.3021294164948624,-0.02464558722463047,0.2743995189666748,0.3867504298686981,-0.8804141283035278,-0.0025708083994686604,0.00012563931522890925,0.0030963881872594357,-0.0020126942545175552,-0.005170473828911781,0.013938520103693008
1724162968.2227778,-0.19288060971984516,0.14991207570810114,-0.041431826831753435,0.9688172026930963,-0.3964589318059448,0.3021500511411352,-0.024339606590776785,0.2744919955730438,0.3861543834209442,-0.8806468844413757,0.00449521467089653,-0.0014933188213035464,-0.004831087775528431,0.02809581533074379,0.02554222010076046,0.019826475530862808
1724162968.234329,-0.1922012856941285,0.15028993138226582,-0.041155734628521665,0.9689054831106917,-0.3950131695307874,0.3030072616401009,-0.023816336229623435,0.2754130959510803,0.3848203420639038,-0.880943238735199,0.004550350829958916,0.0006750279571861029,-0.007029262371361256,0.022190339863300323,0.0275100227445364,0.02161945030093193
1724162968.28552,-0.19166089067417205,0.15082990773866425,-0.040753003861336075,0.9689456025733805,-0.39381210875880895,0.30427781014949035,-0.02291437695660637,0.2766704261302948,0.38371148705482483,-0.8810328841209412,0.006283813156187534,0.0008215615525841713,-0.004671995993703604,0.008161382749676704,0.042379893362522125,0.022920215502381325
1724162968.331214,-0.19145994748841438,0.15140565036733208,-0.040661907817707864,0.9688993321453383,-0.39339221894937704,0.3055317435154532,-0.022542011086616145,0.27782341837882996,0.3833237290382385,-0.8808388710021973,0.001065075397491455,0.0011059537064284086,-0.004088515881448984,-0.0005136285908520222,0.024917839094996452,0.0028744270093739033
1724162968.362679,-0.19207645165211934,0.15187205827191375,-0.04061027214042558,0.9687064722939462,-0.394629871382435,0.3066199106896969,-0.022031808719498103,0.2786383330821991,0.3844665288925171,-0.8800830245018005,-0.0011090028565376997,0.005467129871249199,-0.0011425954289734364,-0.06050180271267891,0.017260199412703514,0.009434552863240242
1724162968.390986,-0.19287533056528763,0.15222093969629996,-0.04091975909524747,0.9684799415666214,-0.39634521178282445,0.30732742987683087,-0.022268606670622762,0.2790610194206238,0.3860494792461395,-0.8792557716369629,0.0,0.0,0.0,-0.03917866200208664,0.021833818405866623,-0.021094590425491333
1724162968.424423,-0.19324470653256692,0.15273652717285108,-0.041619959175189465,0.9682952620927587,-0.3973212365777307,0.3081871791511609,-0.023394117532972505,0.27970242500305176,0.38694965839385986,-0.8786560893058777,-0.0031804670579731464,-0.0003942240437027067,-0.00046865001786500216,0.006207641214132309,0.044563643634319305,-0.03484572097659111
1724162968.470348,-0.19272921496511905,0.15310197438682455,-0.04245784749137298,0.9683038840477941,-0.3965535610855279,0.3085743509640782,-0.025165069952768945,0.2801327407360077,0.3862416446208954,-0.8788304924964905,-0.0009144670912064612,0.00030528646311722696,-0.00015564175555482507,0.04100846126675606,0.01692424900829792,-0.02392621338367462
1724162968.557759,-0.19202310505995954,0.15331249198896496,-0.04277716342270147,0.968396866965747,-0.3952356623924432,0.3088236175150017,-0.025976817358783363,0.2805062532424927,0.3850257098674774,-0.8792448043823242,-0.0016415405552834272,0.004914152901619673,0.0009016625699587166,0.030086008831858635,0.00888950563967228,-2.113345544785261e-05
1724162968.570466,-0.1917672863373522,0.1533841871021468,-0.04262932647127489,0.9684426437099795,-0.394675400903737,0.3090123487050792,-0.025719904191905868,0.2807377576828003,0.38450857996940613,-0.8793972134590149,-0.0007454660953953862,0.003162696724757552,-0.0016712475335225463,-0.0038048431742936373,-0.0016675610095262527,0.019084341824054718
1724162968.5878692,-0.19192875697248046,0.1533066803132895,-0.042386074047754116,0.9684336406597543,-0.3949225118229756,0.3089618858833556,-0.02518967860145625,0.28066447377204895,0.38473665714263916,-0.8793208599090576,0.0,0.0,0.0,-0.014154546894133091,-0.018585270270705223,0.009945861995220184
1724162968.6442099,-0.1923322737067313,0.15315819981425077,-0.042428152097357105,0.9683752821451833,-0.3957453945229621,0.30866668625174976,-0.02520910668589564,0.28030863404273987,0.3854960799217224,-0.8791017532348633,0.002038270700722933,-0.0006786161684431136,-0.0010521301301196218,-0.01965571753680706,-0.0021630311384797096,-0.011303665116429329
1724162968.675383,-0.19276133889307148,0.1531498790429222,-0.042657019696719894,0.96828117335547,-0.39668206684365687,0.30859867818993786,-0.025551952007268484,0.2801390290260315,0.38636019825935364,-0.8787763714790344,0.0018105414928868413,-0.0020567430183291435,-0.0024172686971724033,-0.021264106035232544,0.007120928727090359,-0.020407648757100105
1724162968.7043738,-0.1931557960164646,0.15311400526739724,-0.04309996193096973,0.9681886487710566,-0.39761544200156335,0.3083790634195959,-0.026367932252770017,0.2798364758491516,0.38722091913223267,-0.8784939050674438,0.0,0.0,0.0,-0.013419423252344131,0.008879244327545166,-0.026285693049430847
1724162968.774199,-0.1932621696334391,0.15303911133078849,-0.04340654223867781,0.9681655228352314,-0.3979239505451677,0.3081018646229575,-0.02700943748838888,0.2795566916465759,0.38750535249710083,-0.8784575462341309,0.0023027437273412943,0.0014216873096302152,-0.0046137189492583275,-0.004575968720018864,0.0030038997065275908,-0.016240958124399185
1724162968.803083,-0.192911849486024,0.15325852608603113,-0.04395723552408192,0.9681758669521878,-0.397396276109631,0.3083112842590276,-0.028185808089524544,0.27980268001556396,0.3870188295841217,-0.8785936832427979,-0.00633894931524992,-0.0029899082146584988,0.006870171055197716,0.03477926924824715,-0.00575361168012023,-0.019554009661078453
1724162968.857943,-0.19194560265709623,0.15341120584826473,-0.04527636875170521,0.968282927596445,-0.39586572403243914,0.30800147186055665,-0.031205464466843434,0.27970969676971436,0.3856070935726166,-0.879243791103363,0.0030665607191622257,-0.0024650022387504578,-0.01059774961322546,0.08294298499822617,0.05979880318045616,-0.0881759449839592
1724162968.906662,-0.19007871406477253,0.15400195032808503,-0.048312486523570924,0.9684107772413009,-0.3930731338895531,0.307857061868036,-0.03792865842059165,0.2799079418182373,0.3830289840698242,-0.8803069591522217,0.004440078046172857,-0.0036616655997931957,-0.0026329124812036753,0.160677969455719,0.10676894336938858,-0.17091548442840576
1724162968.920084,-0.18786452039611892,0.15461814907707663,-0.051971797790435176,0.968555052272863,-0.3897809742468402,0.3075128321172508,-0.04604970125178243,0.27998507022857666,0.37998583912849426,-0.8816003203392029,0.0022991932928562164,0.0072394805029034615,0.0006911930395290256,0.11176563054323196,0.06771117448806763,-0.1317097544670105
1724162968.9567451,-0.18691394162187727,0.1550035488890388,-0.05451739642295754,0.9685374439664404,-0.38867986823701023,0.30724279289954426,-0.05152388388787625,0.2798733711242676,0.3789670765399933,-0.8820741772651672,-0.0020857485942542553,0.013069492764770985,0.0011259299935773015,0.0257528368383646,0.02936900220811367,-0.08144868910312653
1724162968.9984488,-0.18743275577200444,0.15505087145479632,-0.05565597003567319,0.9683648668089619,-0.39008345757792867,0.30692055449961037,-0.053727397134831364,0.2794281244277954,0.38026559352874756,-0.8816564083099365,-0.0012448104098439217,0.009149689227342606,0.0007511951262131333,-0.04136809706687927,-0.005093615967780352,-0.024283751845359802
1724162969.026884,-0.18844382998014889,0.15485077290203142,-0.0558615559495085,0.9681887781989764,-0.39217459069086896,0.30647644588757555,-0.05392591584265737,0.2787960171699524,0.3821988105773926,-0.8810203075408936,0.001065075397491455,0.0011059537064284086,-0.004088515881448984,-0.03945840895175934,-0.007214769255369902,-0.0029004227835685015
1724162969.0842462,-0.18919260970584934,0.15481514325328186,-0.05590677088153225,0.9680458334191651,-0.3936964224181883,0.30643304561041373,-0.05380073287734618,0.27858200669288635,0.38360467553138733,-0.8804768919944763,-0.004307820927351713,0.0057968986220657825,0.006044033449143171,-0.04880215972661972,-0.039061397314071655,0.014041712507605553
1724162969.113359,-0.19004506154666692,0.1547380658017651,-0.05573062756461201,0.9679013451290043,-0.39535631342706196,0.30639912220765525,-0.05319579476702129,0.27835971117019653,0.38513705134391785,-0.879878044128418,-0.0016160057857632637,-0.00310510047711432,0.0034042219631373882,-0.04013441503047943,-0.018644407391548157,0.0031620003283023834
1724162969.203357,-0.1910785036460042,0.1545897239970149,-0.055546850128055096,0.9677321398977722,-0.39737537371494785,0.30622928312843756,-0.052548260428055424,0.27797526121139526,0.38699957728385925,-0.8791820406913757,0.0020969989709556103,-0.0021578995510935783,0.0018286141566932201,-0.05953279882669449,-0.009241714142262936,-0.011477259919047356
1724162969.2632341,-0.19229806822507617,0.15431730309522163,-0.05546981487886298,0.9675384917869384,-0.39979712090917385,0.3057630268885696,-0.052120479563353334,0.27728238701820374,0.38923147320747375,-0.8784152269363403,0.0033162746112793684,-0.0032883360981941223,-0.0014251405373215675,-0.0605611726641655,-0.011795653961598873,-0.022699302062392235
1724162969.268783,-0.19345048273177842,0.15424936800274677,-0.05560720200067507,0.9673116739270143,-0.4021617908841053,0.3056438318789826,-0.052076215568481236,0.27689993381500244,0.3914085626602173,-0.8775680661201477,0.004572335630655289,-0.0015264323446899652,0.0007782087777741253,-0.06669437885284424,-0.011205974966287613,-0.02227146364748478
1724162969.271758,-0.1951469594150052,0.15427332158181123,-0.0556077356310513,0.9669669262361938,-0.4055877461538798,0.30582211297739237,-0.051531406834312954,0.2766510248184204,0.3945589065551758,-0.8762348294258118,0.0026882649399340153,-0.003084206022322178,0.002665100386366248,-0.06898587197065353,-0.0017160685965791345,-0.014703200198709965
1724162969.382345,-0.19637616697940133,0.15441007182877745,-0.05542653696158182,0.9667066544447898,-0.40802051999276745,0.30628867459986964,-0.05069943775984953,0.27676957845687866,0.3967931270599365,-0.875187873840332,0.0017186615150421858,-0.004947266541421413,0.004707633517682552,-0.05393572524189949,-0.006736738607287407,-0.014939759857952595
1724162969.393694,-0.1973322586934249,0.15440450152102675,-0.05508032313637979,0.9665325820879945,-0.40984308680950216,0.3064998271674058,-0.049667935626174345,0.27673572301864624,0.39846542477607727,-0.874438464641571,0.0025708083994686604,-0.00012563931522890925,-0.0030963881872594357,-0.06368274241685867,-0.004988509230315685,0.021248115226626396
1724162969.395854,-0.19863644307130332,0.1546111943329425,-0.05437291519347796,0.9662724427273002,-0.4122667271514896,0.30735702016282523,-0.047665452662026354,0.2771921753883362,0.40068715810775757,-0.8732779026031494,-0.0029379369225353003,0.00607770262286067,-0.0014538788236677647,-0.09735296666622162,-0.0025318628177046776,0.052328549325466156
1724162969.454653,-0.2008767519314352,0.15474626526153523,-0.05282502294051007,0.9658734989132606,-0.41631396467228154,0.30851435953223516,-0.04361249732894056,0.2777079939842224,0.4043920040130615,-0.871404230594635,-0.0018289341824129224,0.0006105729262344539,-0.00031128351110965014,-0.1356145590543747,-0.030530089512467384,0.050649113953113556
1724162969.5006518,-0.20328114841901967,0.1549921629598998,-0.052134029801695014,0.9653683843741481,-0.4209668909278078,0.3095721342115889,-0.04125565515653692,0.278053343296051,0.40864312648773193,-0.8693084120750427,0.0015976130962371826,0.001658930443227291,-0.00613277405500412,-0.14405275881290436,0.033508654683828354,-0.007002548780292273
1724162969.513407,-0.20612377764965242,0.1557934751734363,-0.05235219340071378,0.9646245946769287,-0.4268180256630311,0.31148989020099227,-0.04041025882011909,0.27898237109184265,0.41397640109062195,-0.8664827942848206,-0.0005218454170972109,-0.015836194157600403,-0.003486646106466651,-0.14488214254379272,0.061513882130384445,-0.05749080702662468
1724162969.55576,-0.20823867787970668,0.1566996492973632,-0.05365038698631851,0.9639520145872646,-0.4315488789772238,0.31308487762827036,-0.04203609808717701,0.27975770831108093,0.41827818751335144,-0.8641637563705444,0.00532130990177393,-0.012677084654569626,-0.013239285908639431,-0.08432009816169739,0.1126781776547432,-0.08012358844280243
1724162969.586648,-0.20942628633141244,0.15779360668170073,-0.05532610107732919,0.9634213397184083,-0.434538368569495,0.3148219814141731,-0.04467809887690446,0.2808699607849121,0.4209917187690735,-0.8624836206436157,0.0014653558610007167,-0.00047630281187593937,-0.009543894790112972,-0.06639835983514786,0.09067002683877945,-0.06927880644798279
1724162969.641234,-0.21062445323826517,0.15949142867986021,-0.05626349955085763,0.9628261195208102,-0.4373457626103224,0.31821524165565024,-0.045450349738735185,0.2834240794181824,0.4235365390777588,-0.8603996634483337,-0.0041756052523851395,0.005761968903243542,-0.0009286762215197086,-0.09652817249298096,0.09486409276723862,-0.043337296694517136
1724162969.672157,-0.21225421503449066,0.1608577602745966,-0.057924885230595205,0.96214219091564,-0.4412530235943538,0.3205942089445169,-0.04777049328281198,0.284946471452713,0.42707282304763794,-0.8581458926200867,-0.004032614175230265,-0.005215851124376059,0.007335371803492308,-0.0479111410677433,0.06273384392261505,-0.122403085231781
1724162969.7034168,-0.21352841857616234,0.16184699398748215,-0.06094349463705908,0.9615076554513747,-0.44487545470935874,0.3214707846275922,-0.05328688653799348,0.2852078974246979,0.43034547567367554,-0.8564223647117615,-0.004631063900887966,0.003005715785548091,-0.003658953122794628,-0.1357511430978775,0.10373952984809875,-0.16311746835708618
1724162969.7931309,-0.2148124210620166,0.16300580250534813,-0.06455537448840293,0.9607899449678015,-0.4487337889646664,0.3224218909934632,-0.05998840207324679,0.2854940891265869,0.4338250458240509,-0.8545694947242737,0.006456405855715275,3.134150756523013e-05,-0.0011086828308179975,0.026003601029515266,0.07457765191793442,-0.20257718861103058
1724162969.806284,-0.21484642665775425,0.16440103831560035,-0.06867315977573085,0.9602589233515959,-0.4502562664847762,0.3235255697489476,-0.06807840649635129,0.286226749420166,0.43519628047943115,-0.8536266088485718,0.0005070029874332249,0.00857223104685545,-0.004546817392110825,0.014193933457136154,0.1395835429430008,-0.140485018491745
1724162969.825554,-0.2139516371698837,0.16689740336152042,-0.07261618225462527,0.9597378667526024,-0.4499426360709911,0.32705639394080455,-0.07555344192352674,0.28928279876708984,0.43491387367248535,-0.8527399301528931,0.0024202000349760056,-0.0015368794556707144,0.0011477696243673563,0.08718372136354446,0.17786665260791779,-0.1633647084236145
1724162969.868403,-0.21204694291905143,0.16919818157774388,-0.07673569806629664,0.9594371273504381,-0.44766133309943723,0.33001695839364975,-0.08384021062164483,0.2921268939971924,0.43285849690437317,-0.8528161644935608,-0.0010318818967789412,0.005434016231447458,0.004466700833290815,0.13518428802490234,0.17204326391220093,-0.1626989096403122
1724162969.9017072,-0.2101787389020268,0.17109142532443647,-0.08045275033825185,0.9592080132989996,-0.44531237534549695,0.33230186144728247,-0.09145648609527854,0.29440560936927795,0.4307398200035095,-0.8531052470207214,-0.006771906744688749,0.01607702486217022,0.010048982687294483,0.08964287489652634,0.1100110411643982,-0.11483428627252579
1724162969.9653301,-0.20900797050543082,0.17244468642658756,-0.08326985099936589,0.958980984244536,-0.44403673252275266,0.3338833257301025,-0.09718654619971487,0.2959342300891876,0.4295882284641266,-0.8531569838523865,-0.004065291024744511,0.012268826365470886,0.005058804526925087,0.06258270144462585,0.08406782895326614,-0.09251321852207184
1724162970.004144,-0.20830685515296768,0.17326608870597499,-0.08544313639103862,0.9587942914783808,-0.44344703972357363,0.334632312155212,-0.10164953405676413,0.2966562807559967,0.42905566096305847,-0.8531742691993713,-0.004145962186157703,0.018119731917977333,0.004754419904202223,0.034655578434467316,0.04820918291807175,-0.060037761926651
1724162970.0592809,-0.2080794070732732,0.17367036349319256,-0.08643957340773137,0.9586811620851106,-0.44337171159221805,0.3350419987536523,-0.10365107580714823,0.2970164120197296,0.428987592458725,-0.8530831336975098,-0.010235239751636982,0.012136327102780342,0.010413369163870811,0.020074306055903435,-0.0023133817594498396,-0.012190823443233967
1724162970.075344,-0.20689692556377903,0.1719170641717609,-0.08667312985164288,0.9592319354952381,-0.4408689153349313,0.3310444370836199,-0.10539517136978832,0.2939518690109253,0.42672544717788696,-0.8552764058113098,-0.01251643244177103,-0.011171141639351845,0.04550060257315636,0.17191638052463531,-0.218903049826622,-0.04241969808936119
1724162970.108972,-0.20371685099479284,0.16680177781036307,-0.08811677032744501,0.9606831033901524,-0.43433885988326926,0.3191024284689167,-0.11195071594373858,0.284585565328598,0.420810729265213,-0.8613532185554504,0.002945637097582221,0.010651683434844017,0.00971333496272564,0.20491786301136017,-0.23574426770210266,-0.036512210965156555
1724162970.143505,-0.20026861757959447,0.16292854079730887,-0.0897441164841196,0.9619213486870779,-0.4274252606241072,0.3098715372606993,-0.11828703393296573,0.27750301361083984,0.41452908515930176,-0.8666935563087463,0.007363689132034779,0.0070213149301707745,-0.011110879480838776,0.17974071204662323,-0.1385290026664734,-0.04103269800543785
1724162970.199049,-0.19741798924348908,0.16074478384201177,-0.09041443403188014,0.9628148548087208,-0.4216004052912564,0.30481386931901827,-0.1215536370474875,0.27383604645729065,0.40922123193740845,-0.8703745007514954,0.0073452964425086975,0.005575145594775677,-0.01383943110704422,0.14115044474601746,-0.07909839600324631,-0.016348954290151596
1724162970.231657,-0.19574484095175904,0.15962080680323062,-0.09064215477616744,0.9633218807137338,-0.41814647937032595,0.3022777621229896,-0.1230283861553637,0.2720469534397125,0.4060673117637634,-0.8724102973937988,0.0009256342891603708,0.0062659806571900845,-0.017657475546002388,0.03477130085229874,-0.03348666802048683,0.03638790175318718
1724162970.2619019,-0.19596094104362663,0.1597639886591928,-0.08993021256218188,0.9633209407809399,-0.4183811606312974,0.302901203059458,-0.12139074015269895,0.2725623846054077,0.4062817692756653,-0.8721495866775513,0.002471703104674816,0.0021089345682412386,-0.01651315577328205,-0.039097823202610016,0.024663563817739487,0.020745117217302322
1724162970.300414,-0.19706856698376865,0.16041449904440602,-0.08993056593244121,0.9629867928077191,-0.4207018323421057,0.3043118084522553,-0.12077795391040944,0.27350911498069763,0.4084011912345886,-0.8708623647689819,0.0009144254145212471,-0.002475449349731207,-0.010228188708424568,-0.08368270099163055,0.03813786804676056,-0.021746603772044182
1724162970.3596148,-0.19882817319471846,0.16115693786532437,-0.09021307096077716,0.962474602212028,-0.4244405738407008,0.3058021885669876,-0.12053106415155806,0.27434512972831726,0.41181105375289917,-0.8689916133880615,-0.003860062686726451,-0.008176234550774097,0.0005148540367372334,-0.09017648547887802,0.006849215365946293,-0.04496430233120918
1724162970.387908,-0.20026482950064717,0.16148389324703,-0.09058655317437873,0.9620867563269523,-0.4275041003156526,0.3063512347475132,-0.12076005252971331,0.2744404375553131,0.41460081934928894,-0.8676338791847229,-0.007672089617699385,-0.0025485351216048002,0.009441357105970383,-0.05508865416049957,0.005303475074470043,-0.021313466131687164
1724162970.4196491,-0.2006794964474066,0.16169523372205252,-0.0912212345209251,0.9619049105391365,-0.428568579761839,0.30652563423977075,-0.12189259027830417,0.2744584083557129,0.4155692756175995,-0.8671647906303406,-0.005806411616504192,-0.0024369312450289726,0.004825913347303867,0.006801942363381386,0.013794896192848682,-0.037415761500597
1724162970.471833,-0.20022079591870676,0.16185275641208438,-0.09125850885068659,0.9619703982970221,-0.42767226107278494,0.30684924357512317,-0.12202952698867091,0.27485141158103943,0.41475385427474976,-0.8674306273460388,-0.002780186478048563,-0.001976480707526207,-0.005924029275774956,0.0461430624127388,0.03264888375997543,0.0012584958458319306
1724162970.502894,-0.19963942146001823,0.16211519719242548,-0.09090490645795575,0.9620805140641657,-0.4264183387561559,0.307576400589354,-0.12132123116923287,0.2756393253803253,0.4136125445365906,-0.8677255511283875,-0.004862384870648384,0.005275219213217497,-0.010103009641170502,0.013963770121335983,0.02878013625741005,0.035681430250406265
1724162970.558426,-0.19931319958692795,0.16236161286314643,-0.09032730084850724,0.9621610110237123,-0.42560748912772617,0.30836954248562554,-0.12007159504049332,0.2764291763305664,0.41287416219711304,-0.8678259253501892,0.000679554243106395,0.0056118471547961235,-0.011367334984242916,-0.01114906556904316,0.042976751923561096,0.03951083496212959
1724162970.589318,-0.19995734985242153,0.16266181621801248,-0.0895246780526101,0.9620517103467752,-0.4266935883806202,0.30938769399473665,-0.11803648652926103,0.2771759331226349,0.4138631224632263,-0.867116391658783,0.0010247398167848587,0.004031407181173563,-0.00424070842564106,-0.052106622606515884,0.0013333407696336508,0.026906847953796387
1724162970.620605,-0.20137942697350772,0.16288879477593826,-0.08838925992807589,0.9618215905111802,-0.42923728731692967,0.3104106815202874,-0.11509657236875616,0.27774035930633545,0.4161773920059204,-0.8658271431922913,-0.002229214645922184,0.002192829269915819,0.00514409551396966,-0.09436400234699249,-0.026818236336112022,0.04840371757745743
1724162970.711578,-0.20340987132882032,0.16268181719501726,-0.08669461064184172,0.9615835745677186,-0.4327825808056301,0.31076621490226586,-0.11098536819897853,0.27759525179862976,0.4193984568119049,-0.8643181324005127,-0.0012815541122108698,0.00842751283198595,0.005677922163158655,-0.1287325620651245,-0.048933763056993484,0.12117281556129456
1724162970.7170072,-0.20545818314538508,0.16271530349555907,-0.08374440401616641,0.9614038805007377,-0.4359917489006859,0.31224513246752483,-0.10406753292824308,0.27845829725265503,0.4223095774650574,-0.8626213073730469,0.0014031189493834972,0.008990936912596226,0.0032641030848026276,-0.15097355842590332,-0.03870365396142006,0.198386549949646
1724162970.741782,-0.20725956500926487,0.163295938312229,-0.07937113707645145,0.9612897505313333,-0.43829358038801347,0.31560038111705263,-0.09390955812593604,0.28104856610298157,0.42439496517181396,-0.8607558012008667,0.01206421572715044,-0.01057673804461956,0.00028174457838758826,-0.06358729302883148,-0.00372830918058753,0.14570647478103638
1724162970.7757092,-0.2071941649508138,0.16355888578763847,-0.07720174808208911,0.9614358640986099,-0.43748411226828465,0.31717571597818256,-0.08917793258301553,0.28251126408576965,0.42366185784339905,-0.8606381416320801,0.009185006842017174,-0.005978317931294441,0.001708609750494361,0.02553175762295723,-0.0013117219787091017,0.05574674531817436
1724162970.8216228,-0.20624382635097693,0.16382131482458076,-0.07675157718759455,0.9616315012886715,-0.43543870509623056,0.3179088273241087,-0.08839179436305358,0.2834123969078064,0.4218082129955292,-0.8612521290779114,0.005582274403423071,-0.002588825300335884,-0.0011121322168037295,0.05837268382310867,0.028577188029885292,-0.0050542838871479034
1724162970.854113,-0.20459413702342547,0.163898735130894,-0.07770520757884163,0.9618940963787631,-0.4324178841099867,0.31756215880198274,-0.09090377182028889,0.28351038694381714,0.4190673530101776,-0.8625568747520447,0.002210863633081317,-0.0014688362134620547,0.002511183265596628,0.12324497848749161,0.015737168490886688,-0.05600690841674805
1724162970.912863,-0.20238405516654434,0.1640787969788511,-0.07935137136727083,0.9621965598375436,-0.4284992887600685,0.31711342856434166,-0.09500906156160696,0.28363320231437683,0.4155062437057495,-0.8642376661300659,-0.0034153382293879986,0.007693072780966759,-0.0016077959444373846,0.12855607271194458,0.04019778221845627,-0.0759975016117096
1724162970.9571009,-0.19971434721581233,0.16358711202139772,-0.08164799155672862,0.9626458060236485,-0.42379367783102007,0.31492113503308283,-0.10094064592086288,0.2823403477668762,0.4112214744091034,-0.866706907749176,0.00022772920783609152,0.0013781266752630472,0.001365138334222138,0.20689885318279266,0.0024400153197348118,-0.09565932303667068
1724162971.000061,-0.19590341355983423,0.16353564506504148,-0.08360015402273678,0.963269855899989,-0.41671516946366727,0.31384931001032934,-0.10626082803782329,0.2823027968406677,0.40475893020629883,-0.8697559237480164,-0.009691493585705757,0.021430734544992447,0.0009398253168910742,0.19591137766838074,0.04673592746257782,0.00676326546818018
1724162971.023487,-0.19258771739076957,0.16387784531559677,-0.08279059029931822,0.963950015878378,-0.40979897266332116,0.31487071162979763,-0.10539580864502354,0.28405120968818665,0.3984249532222748,-0.8721080422401428,-0.0005101198330521584,0.016929883509874344,-0.012814315035939217,0.13185426592826843,0.054841890931129456,0.12942379713058472
1724162971.0766711,-0.19013623503584573,0.16476169372733876,-0.08106148575191395,0.9644328702352966,-0.4043909686529291,0.31746107973820886,-0.1021005957528777,0.28697773814201355,0.39345893263816833,-0.8734036087989807,0.0012708200374618173,0.004685540217906237,-0.010530848987400532,0.10580793023109436,0.037362489849328995,0.10111591219902039
1724162971.114157,-0.188388335643492,0.16562065032186277,-0.07990225417068345,0.9647253927880303,-0.40058049589944716,0.31975720348484826,-0.09982034109169273,0.28945159912109375,0.38995295763015747,-0.8741592764854431,-0.0002093365474138409,6.804324220865965e-05,0.0013634136412292719,0.07019825279712677,0.023072034120559692,0.07397842407226562
1724162971.145926,-0.18706981509453313,0.1659474970269063,-0.0794713004625806,0.964961380530763,-0.3978166539585825,0.3206065476846076,-0.09918090349227646,0.29053249955177307,0.3874064087867737,-0.8749326467514038,0.0055306884460151196,-0.010574965737760067,-0.00421886844560504,0.06261056661605835,0.01551814191043377,-0.006549776066094637
1724162971.174238,-0.1859157096930321,0.16598695926845028,-0.07981185750200713,0.9651495702598273,-0.3956070139937331,0.3205224761995221,-0.10023855750606502,0.2907279133796692,0.38536837697029114,-0.8757673501968384,0.008358827792108059,0.0008651220123283565,-0.010650853626430035,0.05482508987188339,0.03413502871990204,-0.010073201730847359
1724162971.239479,-0.18448095265506678,0.1667110326393036,-0.08021506317218402,0.9652666421294269,-0.39292494322292715,0.3218827785278153,-0.10122117780020831,0.29224488139152527,0.38289210200309753,-0.8763484358787537,0.003716554958373308,-0.004870592150837183,-0.006880519911646843,0.0873866006731987,0.05233665183186531,0.030390582978725433
1724162971.286931,-0.18277285711765173,0.16781471266007766,-0.08011807440904989,0.9654083289761062,-0.3895702068213089,0.3242573674602825,-0.10108238619344498,0.29473263025283813,0.37979087233543396,-0.8768646121025085,-0.011869596317410469,0.009755220264196396,0.0214728694409132,0.05264931917190552,-0.0380709171295166,0.09392072260379791
1724162971.317949,-0.18180000969069277,0.16880212901826455,-0.0782459703565388,0.9655733980516897,-0.38709362327340946,0.3271069853731162,-0.09704970222398354,0.29753145575523376,0.37749868631362915,-0.8769091963768005,-0.0028132968582212925,-0.004176124464720488,0.014465447515249252,0.020287135615944862,-0.008352071978151798,0.09726137667894363
1724162971.37444,-0.1813131956143234,0.16892970418750397,-0.07639415644973566,0.9657909322350962,-0.3855100106333879,0.3281053046972097,-0.0932741580509853,0.2985990047454834,0.376031756401062,-0.8771765828132629,0.004616221413016319,-0.010269679129123688,-0.004374510142952204,-0.0030041157733649015,0.003848576918244362,0.049708906561136246
1724162971.3860378,-0.1816602963295754,0.1688509602139654,-0.07534646739159012,0.9658217693371242,-0.3858508685840098,0.32836442131874755,-0.09100244101409441,0.29878494143486023,0.3763475716114044,-0.876977801322937,0.010540047660470009,-0.012961477041244507,-0.013822765089571476,-0.04704567790031433,0.0069329687394201756,0.020409686490893364
1724162971.498059,-0.18232550205369646,0.16853268328895002,-0.07538718866367944,0.9657488668186657,-0.38717248477074606,0.3276870389965374,-0.09100716900434848,0.2980304956436157,0.377571702003479,-0.8767082691192627,0.005949361249804497,-0.01071105245500803,-0.006945696193724871,-0.021565405651926994,-4.187790909782052e-05,-0.0326869934797287
1724162971.511843,-0.18231572338616256,0.16821618860752358,-0.07681324819945766,0.9656935047041971,-0.38759691395966894,0.3264359988289839,-0.09413043126764097,0.2968820333480835,0.37796467542648315,-0.8769285678863525,0.008064753375947475,-0.011422781273722649,-0.0023885297123342752,0.026905683800578117,0.01298846211284399,-0.095842644572258
1724162971.513813,-0.18104257602375665,0.1681326431289042,-0.07953819180246596,0.9657269640989748,-0.3859304649064251,0.32513405034935805,-0.10027716470523798,0.2959408462047577,0.37642133235931396,-0.8779100179672241,0.0013403238262981176,-0.007736633066087961,0.0075866528786718845,0.11390911787748337,0.007283268496394157,-0.11577434837818146
1724162971.6046572,-0.17890796408891632,0.16813695563921563,-0.08201196880287659,0.9659170906960952,-0.38245476808543744,0.32412248442511216,-0.10612342375465239,0.2954675257205963,0.3731990158557892,-0.8794438242912292,-9.906385093927383e-05,0.004404736682772636,-0.0030329362489283085,0.10113642364740372,0.034765858203172684,-0.06035108119249344
1724162971.6175919,-0.17762498867653295,0.1687078308643858,-0.08306365315306123,0.9659644702437238,-0.38028576452423907,0.32491620607509586,-0.10848761954615777,0.29642316699028015,0.371185839176178,-0.8799740672111511,0.0011202117893844843,0.003274300368502736,-0.006286690942943096,0.033413924276828766,0.03402692452073097,-0.0315416045486927
1724162971.6658149,-0.17797267565931013,0.16867728432120047,-0.08307404544283536,0.9659049142320858,-0.38098472940773204,0.32485065290156667,-0.1084137782667662,0.2962826192378998,0.37183478474617004,-0.8797473907470703,-0.0034153382293879986,0.007693072780966759,-0.0016077959444373846,-0.05616896227002144,-0.020580599084496498,0.007791460491716862
1724162971.677607,-0.17924028352384003,0.1683096675952713,-0.08273862315595733,0.9657634347255922,-0.38338173915438356,0.3242103338088778,-0.10746963603046072,0.29543444514274597,0.3740588426589966,-0.8790895342826843,0.001318339491263032,-0.005535172764211893,-0.00022081815404817462,-0.053796883672475815,-0.04026173800230026,-0.02024007774889469
1724162971.718205,-0.18034375660233487,0.16815743257025562,-0.08280445052554512,0.9655788208437766,-0.38560587448433414,0.32387252439207737,-0.10732799685661286,0.294871985912323,0.37612059712409973,-0.8783984184265137,-0.004664215724915266,-0.0013640911784023046,0.006346693262457848,-0.04862549901008606,-0.02164476364850998,0.010401733219623566
1724162971.777041,-0.18113766846983417,0.16776451026325143,-0.08233737103021359,0.9655385522722019,-0.38700583184594767,0.32322705427554566,-0.10626715115493807,0.2941374182701111,0.3774173855781555,-0.8780884146690369,0.006379284895956516,6.44550018478185e-05,-0.00671797851100564,-0.05042482912540436,-0.010846591554582119,0.005389714613556862
1724162971.789294,-0.1819286745883388,0.16813813632054225,-0.08221491292166713,0.965335221133637,-0.38859791323619564,0.32409172707054923,-0.10560711189086812,0.2947048246860504,0.3788912296295166,-0.877263069152832,-0.00021292839664965868,0.0037156734615564346,-0.0037155053578317165,-0.052113890647888184,0.004288274794816971,-0.004018653184175491
1724162971.810591,-0.18318519939182332,0.16867556013561835,-0.08167939775654207,0.9650493105653777,-0.39100757485671606,0.32548676413803335,-0.10386312749359107,0.29563555121421814,0.38112014532089233,-0.875983476638794,0.0024202000349760056,-0.0015368794556707144,0.0011477696243673563,-0.07854913175106049,0.0058132074773311615,0.007234870456159115
1724162971.8617802,-0.18510929232599532,0.1691581885897029,-0.08096961796764408,0.9646573773301671,-0.39469584470589036,0.32685779109879204,-0.10156004731163777,0.29638293385505676,0.38452744483947754,-0.8742401003837585,-0.0037681409157812595,-0.003115547588095069,0.0037737833335995674,-0.11050795763731003,0.0062775216065347195,0.012097439728677273
1724162971.890908,-0.18645663610239877,0.16959921451914756,-0.08088560510240755,0.964327434102739,-0.3974265696188209,0.3278775512602202,-0.1007654205161279,0.2969350218772888,0.38704678416252136,-0.8729400634765625,-0.0036690772976726294,-0.007520284503698349,0.006806719582527876,-0.03345686197280884,0.018425291404128075,0.012129897251725197
1724162971.945705,-0.18521854510872263,0.1702827274112211,-0.0806647800819354,0.9644641025443969,-0.3949314465253321,0.3294077492014758,-0.10040178662432178,0.29858192801475525,0.38474491238594055,-0.8733958005905151,0.003103346098214388,0.00042733742156997323,-0.005140646360814571,0.12854228913784027,0.08517058938741684,0.04906044900417328
1724162971.9757419,-0.1816257129285788,0.17232984478344984,-0.08028472753770047,0.964815431796862,-0.38778789492610244,0.333870280853004,-0.09989171946575548,0.3033694326877594,0.37814149260520935,-0.8746290802955627,-0.006602947600185871,0.01676427200436592,-0.0018504536710679531,0.172775998711586,0.13730193674564362,0.11200625449419022
1724162972.013099,-0.1784143916295237,0.1750231741187309,-0.07814840523159312,0.9651051317099826,-0.3808749406085921,0.34040749062558295,-0.09535694721023388,0.3099459409713745,0.3717328608036041,-0.8750703930854797,0.00347454147413373,0.012682127766311169,-0.007793672848492861,0.0951746478676796,0.1558603197336197,0.15092644095420837
1724162972.0482101,-0.17666727621775358,0.17724166864236543,-0.07559161521291276,0.9652253035805667,-0.3766887692149331,0.3460997735715693,-0.08970124598793303,0.3154471516609192,0.3678434193134308,-0.8747481107711792,0.0014066691510379314,0.0031731436029076576,-0.00204080855473876,0.04863421618938446,0.08844074606895447,0.12056531757116318
1724162972.151869,-0.17648048104109312,0.17796335544677286,-0.0736707694233973,0.9652752146744441,-0.37570222355570815,0.3483795853533491,-0.08546924812352764,0.31756433844566345,0.3669258654117584,-0.874367356300354,-0.0034153382293879986,0.007693072780966759,-0.0016077959444373846,-0.05460412800312042,-0.003760009305551648,0.10511881113052368
1724162972.164346,-0.1775500599675071,0.17770467646753968,-0.07215575902533558,0.9652411795836394,-0.37728963531948406,0.34845756009965806,-0.08204879821819468,0.31743323802948,0.3684020936489105,-0.8737940788269043,-0.0008741315104998648,-0.002620166866108775,-3.4495024010539055e-06,-0.07039691507816315,-0.0362698994576931,0.04835843667387962
1724162972.179537,-0.1790890547928466,0.17724059803907757,-0.0710916285878201,0.9651211301869087,-0.3799627834524091,0.34795122198830986,-0.07948722547320071,0.3166538178920746,0.3708859086036682,-0.8730257749557495,0.006272562779486179,-0.01009003259241581,-0.007626540493220091,-0.08211914449930191,-0.006111813243478537,0.017074527218937874
1724162972.221941,-0.18053430936813622,0.1774589131863441,-0.07040867816962278,0.9648617516695099,-0.3826397265662459,0.34876560750754815,-0.07746865570010592,0.31702426075935364,0.37337058782577515,-0.8718314170837402,0.007704766467213631,-0.014936140738427639,-0.007164789829403162,-0.0827799141407013,0.007236667908728123,-0.0018794621573761106
1724162972.256938,-0.18167376078590003,0.17776551771771498,-0.069561648433097,0.9646529193166321,-0.38465090406539587,0.3498241891715569,-0.07517361923816815,0.3176890015602112,0.37523558735847473,-0.8707881569862366,0.004575885832309723,-0.00734422542154789,-0.0045267026871442795,-0.0591721311211586,0.026976944878697395,0.032935939729213715
1724162972.308137,-0.1823647114054056,0.1784118406078828,-0.06887261660897534,0.9644525698358404,-0.38584226110749265,0.35152985699629413,-0.07322032359572805,0.3190196454524994,0.3763396143913269,-0.8698246479034424,0.0006867378833703697,-0.0016834131674841046,-0.001209496520459652,-0.05424395948648453,0.006416693329811096,0.024926038458943367
1724162972.358391,-0.18313827798754506,0.17811931289382188,-0.06805978154069266,0.9644177610875927,-0.38708332112636873,0.3512717321791185,-0.07137180670665207,0.31863415241241455,0.3774891495704651,-0.8694677948951721,0.009298829361796379,-0.007459417451173067,-0.00799265131354332,-0.030658841133117676,-0.004346867091953754,0.012297028675675392
1724162972.4106588,-0.18369980766838673,0.1780292681861326,-0.06752670264029381,0.9643650949125103,-0.388014028794521,0.35132697113111305,-0.07009687141309044,0.3185611367225647,0.3783508241176605,-0.8691199421882629,-0.0005325376987457275,-0.0005529768532142043,0.002044257940724492,-0.033391423523426056,-0.012203735299408436,0.03745069354772568
1724162972.422842,-0.18395542311260102,0.17807973951434664,-0.06709074255695811,0.964337449553672,-0.38837529651662683,0.351626685909679,-0.06907382515445129,0.3187745213508606,0.37868520617485046,-0.8688960075378418,0.005009359680116177,-0.002386511769145727,-0.009603897109627724,-0.016695236787199974,0.01575261540710926,0.00644313357770443
1724162972.460532,-0.184178013003385,0.17788773205803676,-0.06708981046419368,0.9643304718742173,-0.38880821088543105,0.3512286304607485,-0.06907386458313562,0.3183721899986267,0.37908583879470825,-0.8688688278198242,0.0030482097063213587,-0.0017410092987120152,-0.0029424710664898157,-0.00895380973815918,-0.002801674883812666,-0.02641604281961918
1724162972.511931,-0.1844344192141135,0.17799964730632134,-0.06707562329515075,0.9642617753558742,-0.38932605997443714,0.3514931869095603,-0.06890535843038723,0.31853440403938293,0.3795650005340576,-0.8686001300811768,-0.0012928046053275466,-0.002484080381691456,0.002723377663642168,-0.004840400069952011,0.0030737589113414288,-0.0022955392487347126
1724162972.564166,-0.18462981497650807,0.17769646656764637,-0.06746177864913379,0.9642534183067714,-0.3898344592915265,0.35069876686402446,-0.0697715390796062,0.31777793169021606,0.38003531098365784,-0.8686715960502625,-0.002813338302075863,-0.006346287205815315,0.00408161710947752,0.002797771478071809,-0.035793136805295944,-0.062135856598615646
1724162972.569415,-0.18474147702985685,0.1771518724948003,-0.06874030607412407,0.9642419108903353,-0.3904730464732451,0.34902001605295313,-0.07263642932241318,0.31623613834381104,0.3806259036064148,-0.8689755797386169,-0.006000989116728306,0.0005547489272430539,-0.0065448712557554245,-0.010062937624752522,-0.0038450320716947317,-0.05871013179421425
1724162972.621875,-0.18489820688299063,0.17657409740480814,-0.07092910555225387,0.9641593094364486,-0.39151708259672663,0.3469044533555074,-0.07740610166706784,0.314261794090271,0.38159114122390747,-0.8692684769630432,-0.011296805925667286,0.0030424175783991814,-0.0011868566507473588,0.003010967280715704,-0.028505144640803337,-0.12262170761823654
1724162972.651925,-0.1853453606107897,0.17594174597159962,-0.07368716088860977,0.963982217757695,-0.3933325013751055,0.34445167163363344,-0.08329591857456023,0.3118942677974701,0.3832685649394989,-0.8693832159042358,-0.005255523137748241,-0.00260794791392982,-0.004873624071478844,0.015814373269677162,0.006589487195014954,-0.16577480733394623
1724162972.696954,-0.1857486517585631,0.1763269635117608,-0.07636004940340715,0.9636261418066276,-0.39511375800897885,0.34421655408366814,-0.08859283876806624,0.3114590048789978,0.3849131762981415,-0.8688125014305115,-3.678532084450126e-05,-0.0028923400677740574,-0.005457104183733463,0.009131954982876778,0.0859346091747284,-0.13019110262393951
1724162972.8131099,-0.18539291714506373,0.17725061955544957,-0.0793354540987094,0.963284730995024,-0.39552948689033185,0.34498129171149033,-0.09455341465614113,0.3120691776275635,0.38529685139656067,-0.8684234023094177,0.003562354715541005,-0.0026342023629695177,-0.007715281099081039,0.0701933354139328,0.13111191987991333,-0.1552463173866272
1724162972.860639,-0.1844837373076945,0.17888436566035323,-0.08284734830744023,0.9628615662277575,-0.39510466397803906,0.34704207765338163,-0.10152096468902133,0.3139137923717499,0.38490480184555054,-0.8679322600364685,-0.00902362260967493,-0.003553332295268774,0.00928399059921503,0.07846275717020035,0.07304926216602325,-0.1706642508506775
1724162972.873495,-0.18272022163062002,0.17962854692931127,-0.08790107706378304,0.9626111308375437,-0.39342730759413497,0.34654627942764066,-0.11239054256476343,0.313702255487442,0.38335612416267395,-0.8686938285827637,0.004094892647117376,-0.0020812253933399916,-0.009759538806974888,0.14854401350021362,0.11674688011407852,-0.2516177296638489
1724162972.881545,-0.18038134290207603,0.18132940664706382,-0.09362778736565527,0.9621932809058744,-0.3909624033990787,0.34786700044173224,-0.12444629697921783,0.3151704668998718,0.3810783624649048,-0.8691644668579102,-0.001586404163390398,0.0070825000293552876,-0.0012965124333277345,0.15936456620693207,0.16987960040569305,-0.2232300490140915
1724162972.9145842,-0.1777718080980872,0.18350269516909917,-0.09881927917614013,0.9617476875564186,-0.387862396122125,0.3504655331039988,-0.13526417396225734,0.31783202290534973,0.3782104551792145,-0.8694478869438171,-0.008538562804460526,0.009390520863234997,0.007313532289117575,0.13778409361839294,0.1537402719259262,-0.18936531245708466
1724162972.965756,-0.17624224681967074,0.18513318028355277,-0.10304840643791578,0.9612727351920719,-0.38654338073177713,0.35230652874340596,-0.14393868049549974,0.31960397958755493,0.37698909640312195,-0.8693287372589111,-0.008450232446193695,0.01809883676469326,0.005493541713804007,0.06536730378866196,0.11959514766931534,-0.1372261792421341
1724162972.9789329,-0.17642427045308146,0.1862490145194102,-0.10558934412365588,0.9607479365840746,-0.3879918894515831,0.35369318075371875,-0.14873416762541875,0.32061967253685,0.3783303201198578,-0.8683715462684631,-0.0010022803908213973,0.015621616505086422,-0.00023403402883559465,-0.03784828633069992,0.062238555401563644,-0.08446061611175537
1724162973.061747,-0.17841273804280108,0.18715118264318029,-0.10688640353281996,0.9600617165459869,-0.39258963308309636,0.35507780814409706,-0.1504222029257965,0.32121357321739197,0.38258230686187744,-0.8662866950035095,0.006052533630281687,0.0052612279541790485,-0.0007322228047996759,-0.11702235043048859,0.04058361425995827,-0.06615820527076721
1724162973.067343,-0.18168395687700037,0.18758681929973925,-0.1076542708600065,0.9592771369414963,-0.39950196831248114,0.3556461546598155,-0.1507761165875903,0.32077738642692566,0.3889595866203308,-0.8636042475700378,-0.0011896323412656784,0.01348819863051176,0.008936851285398006,-0.19544069468975067,-0.01920156180858612,-0.029049400240182877
1724162973.132952,-0.18583117234438692,0.18732983955406038,-0.10705519098631223,0.9585997306108557,-0.407575595658811,0.3552822444829541,-0.14826617644548934,0.31936028599739075,0.39638468623161316,-0.8607486486434937,0.002144993282854557,0.009475870989263058,-0.00014356843894347548,-0.2233310341835022,-0.052167858928442,0.00888315960764885
1724162973.145772,-0.1901991964184291,0.18710610179848267,-0.10543524060237948,0.9579660968953697,-0.4157366237738214,0.355458093979414,-0.14350602644418692,0.31837520003318787,0.40386390686035156,-0.8576311469078064,0.0005325793172232807,0.0027231399435549974,0.008339572697877884,-0.24200321733951569,-0.08674267679452896,0.03851867467164993
1724162973.2320318,-0.19503353230924012,0.18724087132042963,-0.10260461476420626,0.9572748332705786,-0.4244558063127986,0.3570056010480843,-0.13583946016301177,0.31845927238464355,0.41182494163513184,-0.8538055419921875,0.010503821074962616,0.010340993292629719,-0.010794421657919884,-0.2824803292751312,0.013993578031659126,0.1307988315820694
1724162973.244165,-0.20054592563997217,0.187426294531938,-0.09743411205322007,0.9566395421470697,-0.4336918886205371,0.359832704129163,-0.12290226803653871,0.3195187747478485,0.42022374272346497,-0.8493054509162903,0.002681597601622343,0.028235699981451035,-0.009391119703650475,-0.3641609847545624,-0.09287738800048828,0.2662842273712158
1724162973.28448,-0.20714670581050093,0.18840427546756527,-0.09019427393651812,0.955750468889456,-0.44443417980486044,0.36558691400790533,-0.10469507623003838,0.32276806235313416,0.4299471080303192,-0.8431881666183472,0.025840898975729942,0.027073651552200317,-0.0190673116594553,-0.4528663754463196,0.012304120697081089,0.3565334379673004
1724162973.294936,-0.21364905804305095,0.1924450043732441,-0.08253531566590229,0.954204866574895,-0.4550385709010542,0.37858535901516477,-0.08390616513424916,0.33199673891067505,0.4394969642162323,-0.8346379995346069,0.0026582719292491674,-0.03078596480190754,0.04041571170091629,-0.3741753101348877,0.11711379885673523,0.3326079547405243
1724162973.351686,-0.217485081320674,0.19270758095504034,-0.07587637169627962,0.9538378461644131,-0.4602084809164345,0.3827534637116097,-0.06805272570754457,0.3346196115016937,0.444134920835495,-0.8311280608177185,-0.05609258636832237,-0.05347186326980591,0.08988434076309204,-0.14010828733444214,-0.29858583211898804,0.21302460134029388
1724162973.3993,-0.21966623352628664,0.1848208302009417,-0.0716099065651305,0.9552276912879166,-0.46243932023000756,0.36760125877437966,-0.06217613959409655,0.32163140177726746,0.4461325407028198,-0.8351759910583496,-0.015876758843660355,-0.007820210419595242,0.010543139651417732,-0.1369619220495224,-0.5221251845359802,0.013422207906842232
1724162973.412943,-0.22468948229429056,0.17493781737422173,-0.06897748954522967,0.9561136962481971,-0.47101492373331,0.3475697953061259,-0.059834575688752716,0.30352383852005005,0.45379093289375305,-0.8378227949142456,0.05214068293571472,0.044575270265340805,-0.07186075299978256,-0.3342794179916382,-0.3761894404888153,-0.011566218920052052
1724162973.45454,-0.23204199916638243,0.1715935817394101,-0.06550568493502575,0.9552073534829058,-0.48451265031764035,0.34277195549521255,-0.05145120173657106,0.29741474986076355,0.4657771587371826,-0.8334243297576904,0.0600033663213253,0.030265599489212036,-0.04196036607027054,-0.37408438324928284,-0.09955943375825882,0.11540636420249939
1724162973.505723,-0.2378670778119334,0.17294526734726934,-0.05992819222164124,0.9538960416460712,-0.49442946652204023,0.3495181167401782,-0.036423775916575245,0.3014337122440338,0.47452953457832336,-0.8270183801651001,0.027195550501346588,0.0025763334706425667,-0.0015488122589886189,-0.32031530141830444,0.017626937478780746,0.3234593868255615
1724162973.5569382,-0.24096936382274012,0.1737412089478588,-0.051959681155395586,0.953440032124037,-0.49786948782345847,0.35605466467784225,-0.017469848662649667,0.3062622547149658,0.4775547683238983,-0.8234955072402954,0.005676879081875086,-0.042714573442935944,0.042173974215984344,-0.1412217915058136,-0.15717241168022156,0.3498881161212921
1724162973.568485,-0.24158798929025357,0.17038162293533599,-0.043718530529880395,0.9543028586547063,-0.49609381054116275,0.3530358450216095,-0.001270262136956548,0.30406758189201355,0.47599390149116516,-0.825210690498352,0.013198318891227245,-0.0437474399805069,0.02659294195473194,-0.03389811888337135,-0.34286749362945557,0.2986915111541748
1724162973.6154861,-0.24140096647569775,0.16477116929875738,-0.03700069178198706,0.9556186242269323,-0.49333723425964715,0.3440151819114617,0.010031011137538083,0.297052800655365,0.47356781363487244,-0.8291520476341248,0.016272498294711113,-0.03382338210940361,0.0034869881346821785,-0.06795903295278549,-0.4085187613964081,0.186221182346344
1724162973.668258,-0.24223599010784302,0.15832304402683814,-0.032037026816709,0.9566760554933006,-0.49340459660109043,0.33241788020884555,0.01749211571061322,0.28740668296813965,0.47362715005874634,-0.8325110673904419,0.02527417615056038,-0.02589842677116394,-0.0032206419855356216,-0.04351336881518364,-0.36704331636428833,0.08718019723892212
1724162973.699259,-0.24272023140590826,0.15240515597097254,-0.02949715575946036,0.9575957051920757,-0.49365395018153074,0.3206655933788646,0.01986365505790007,0.27756592631340027,0.4738467335700989,-0.835719108581543,0.008163775317370892,-0.017997680231928825,-0.009739424102008343,-0.03099602460861206,-0.31433334946632385,0.006731342524290085
1724162973.7281852,-0.2433095802351481,0.1452794605071457,-0.028622391432966233,0.9585796636557705,-0.49471372906420025,0.3053648297905275,0.017978472052689057,0.2645956575870514,0.47477972507476807,-0.8393886685371399,-0.06576845049858093,0.01025114580988884,0.032757874578237534,-0.08014775067567825,-0.5570324659347534,-0.03346948325634003
1724162973.783217,-0.2448490504336501,0.13504403071863644,-0.02581640105616372,0.9597632506673159,-0.49720058202447487,0.2843635230048481,0.018860077125381364,0.24657835066318512,0.4769669473171234,-0.8436241149902344,0.005476460326462984,0.02879549190402031,-0.03696895390748978,-0.08677183836698532,-0.4966807961463928,0.038044847548007965
1724162973.813122,-0.24699064736750279,0.13014918586560215,-0.021063960275581748,0.9600067963109851,-0.5003222500811002,0.27644514394363673,0.027182982760697215,0.23948299884796143,0.47970831394195557,-0.8441136479377747,0.013916433788836002,0.045664191246032715,-0.05959763005375862,-0.16442431509494781,-0.11874929815530777,0.2674657702445984
1724162973.843076,-0.2494664994003648,0.1292048541889339,-0.013262640927178122,0.9596335419712655,-0.5031870927784249,0.2791212503586121,0.044544162536143406,0.24136145412921906,0.4822200536727905,-0.8421451449394226,-0.026336176320910454,-0.0028798035345971584,0.014286459423601627,-0.15440014004707336,-0.20955486595630646,0.34907999634742737
1724162973.890626,-0.2515802966796695,0.126852748935983,-0.004952911500795036,0.959474406415907,-0.5052500842259923,0.27893694440708633,0.06211948995562038,0.24093180894851685,0.48402631282806396,-0.8412314653396606,-0.028007319197058678,-0.008153250440955162,0.019888857379555702,-0.1354215443134308,-0.27121108770370483,0.3494751751422882
1724162973.965539,-0.2525136768611431,0.12328596240596014,0.0026463577786714734,0.9597032640073866,-0.5052473297969446,0.27542026979525847,0.07703388563009514,0.23797236382961273,0.48402389883995056,-0.8420748114585876,-0.0064860074780881405,-0.010218941606581211,0.005809417460113764,-0.030774226412177086,-0.240555077791214,0.3094535768032074
1724162973.9792929,-0.25209004809960794,0.1201869761669044,0.00961200867417755,0.9601630993645973,-0.5026901700642803,0.2722627530375797,0.0903373695186359,0.2356443703174591,0.4817846715450287,-0.8440114259719849,-0.013518878258764744,-0.004230176564306021,0.0037312463391572237,0.004269550554454327,-0.24203823506832123,0.29672178626060486
1724162974.003067,-0.2517827475444667,0.11633463767502618,0.016556172147297737,0.9606235073050418,-0.5005233314360109,0.26743782116319026,0.10321216869216,0.2318446785211563,0.4798847436904907,-0.8461434245109558,-0.008175109513103962,0.002745762001723051,-0.013982782140374184,-0.049086153507232666,-0.2606128752231598,0.279664009809494
1724162974.056943,-0.25193744340487506,0.11269178650736385,0.02229310184098712,0.9609011210666145,-0.49968541966046215,0.2625427334772358,0.11374828106889295,0.2278042584657669,0.4791494607925415,-0.8476561903953552,-0.01758425310254097,0.0036983229219913483,-0.011977610178291798,-0.058142270892858505,-0.24001817405223846,0.20170238614082336
1724162974.0870051,-0.2532377300591209,0.10808816278213143,0.027704087553293785,0.960947444710505,-0.5014611787695794,0.2556792395469005,0.12346393067866043,0.22176551818847656,0.4807073473930359,-0.8483752012252808,-0.006202708929777145,0.013011852279305458,-0.017689663916826248,-0.12604869902133942,-0.25521883368492126,0.20322632789611816
1724162974.142877,-0.25508212204609065,0.10478446197003205,0.03297767730313,0.9606589663969819,-0.5042863616081955,0.25181735842739983,0.1338260421224944,0.21814829111099243,0.48318275809288025,-0.8479066491127014,0.013188410550355911,0.006564090959727764,-0.03397590294480324,-0.12711067497730255,-0.11217689514160156,0.1959245502948761
1724162974.188408,-0.2571276010912526,0.10360049525293989,0.03717391147765281,0.9600887407269668,-0.5075392422423142,0.2521631844937066,0.1431262734062638,0.21804820001125336,0.48602816462516785,-0.8463046550750732,0.009331981651484966,-0.003089610952883959,-0.01799829676747322,-0.11277133226394653,-0.03976128250360489,0.16793212294578552
1724162974.224714,-0.25870085967850903,0.10382474968396671,0.03997224297068662,0.9595292442908837,-0.5099823748199144,0.25473893530330327,0.15000647108186269,0.21992745995521545,0.4881618618965149,-0.844588577747345,0.004469204694032669,-0.015328548848628998,0.004948566202074289,-0.08153887838125229,-0.00492873415350914,0.07725945115089417
1724162974.2619991,-0.2597750948969927,0.10396757020246608,0.041079788614001675,0.959176718939402,-0.5118586333145035,0.25603496232155754,0.15294300189875715,0.22078955173492432,0.48979851603507996,-0.8434153199195862,-0.0018804788123816252,-0.0052054040133953094,0.0069658104330301285,-0.057696595788002014,-0.012807220220565796,0.01975952461361885
1724162974.2919312,-0.2607191649425992,0.10444892563974419,0.04137776101017482,0.958855490577162,-0.513627926536987,0.25758890351701397,0.15424954922516276,0.2218787968158722,0.4913402795791626,-0.8422318696975708,0.00968482531607151,0.009889173321425915,-0.012996045872569084,-0.05234760418534279,0.06693535298109055,0.022196926176548004
1724162974.370668,-0.2616028913921066,0.10694477833266576,0.04126656986303739,0.9583442576201461,-0.5150573610748794,0.2633815760173257,0.15581157619133404,0.226570725440979,0.49258479475975037,-0.840253472328186,0.01410296093672514,0.01059912983328104,-0.013052599504590034,-0.047600094228982925,0.18474194407463074,0.01704654097557068
1724162974.382275,-0.2628524683524065,0.11061073601880389,0.0408163738518892,0.9576052071428999,-0.5171310039326806,0.27172678664284067,0.15747716094978284,0.23330019414424896,0.4943883419036865,-0.837347686290741,-0.0013438325840979815,0.01572459004819393,0.00810209009796381,-0.06351719051599503,0.17984718084335327,0.02743748389184475
1724162974.423188,-0.2640953965577738,0.11373612165223751,0.040541380209055566,0.956908587549277,-0.5192259655180628,0.27898238087702343,0.15923298007955358,0.23908372223377228,0.4962082803249359,-0.8346354365348816,-0.0004880521446466446,0.019068751484155655,0.015760816633701324,-0.06770503520965576,0.12881842255592346,0.03773485869169235
1724162974.46072,-0.26544828980581275,0.11610345825606697,0.041228441072899934,0.9562202897389859,-0.5213838024225093,0.28515470659621434,0.16272958609607002,0.24392899870872498,0.4980805516242981,-0.8321143984794617,0.0014363540103659034,0.01770106889307499,0.014026118442416191,-0.06174122169613838,0.10785717517137527,0.07187251001596451
1724162974.539456,-0.2661652827344102,0.11755400803045031,0.04303591676161723,0.9557640509444368,-0.5220571606593942,0.28970518746592044,0.1678881413835932,0.24761711061000824,0.49866434931755066,-0.8306741714477539,-0.00605600094422698,0.004896891303360462,0.026804795488715172,-0.007698241621255875,-0.020876945927739143,0.1145738735795021
1724162974.5769491,-0.2663456143529029,0.11746087551060849,0.04554581551852855,0.9556089118494056,-0.5216885474753273,0.2910120091425239,0.17344267185466455,0.24875517189502716,0.4983448088169098,-0.8305259346961975,0.012332797050476074,0.0119005823507905,-9.930739179253578e-05,-0.019127221778035164,-0.015629436820745468,0.13074356317520142
1724162974.6231651,-0.2670687809579524,0.11796442338611109,0.04819497323939004,0.9552150527991063,-0.522266364844592,0.29394376203147177,0.17990508829238006,0.25110551714897156,0.4988456666469574,-0.8295173048973083,0.0031769585330039263,0.008382179774343967,0.016157392412424088,-0.035991936922073364,-0.02458871155977249,0.1509845107793808
1724162974.634756,-0.267105688909958,0.11812662214272639,0.051157321888345555,0.9550306381691827,-0.521408709810602,0.296027148786883,0.1865428218455445,0.25295791029930115,0.4981021583080292,-0.8294013142585754,0.006779648829251528,0.0028225244022905827,0.008594303391873837,0.0038187610916793346,-0.03058996982872486,0.1504017412662506
1724162974.654381,-0.2667833621919438,0.11829569056310947,0.05440456716776481,0.9549203239805292,-0.5197256784264414,0.2981384941899951,0.19364021508771817,0.25495436787605286,0.4966420829296112,-0.8296655416488647,0.006346133537590504,-0.0043053519912064075,0.0032876674085855484,0.018494121730327606,-0.044217802584171295,0.14773927628993988
1724162974.679181,-0.266158965798827,0.11825345502707382,0.05779700055783563,0.9549004444634331,-0.5174219863560773,0.29972437224699094,0.20078223375912796,0.25660693645477295,0.4946412444114685,-0.8303510546684265,0.004285878036171198,-0.0014252756955102086,-0.0034676736686378717,0.006763922981917858,-0.041792772710323334,0.17239727079868317
1724162974.733161,-0.2653145250301456,0.11785795811671479,0.06126547919340758,0.9549681695872552,-0.5147216731205856,0.3004580375438736,0.20777139011852505,0.2576104402542114,0.4922926127910614,-0.8314354419708252,0.004704550839960575,-0.0015613619470968843,-0.006194501183927059,0.024156633764505386,-0.07234185189008713,0.1695975810289383
1724162974.763233,-0.2644489232067592,0.1173192378094535,0.06484921970725831,0.9550379293280394,-0.5119766264922433,0.3009118137482222,0.21491224804495793,0.2583872377872467,0.4899013936519623,-0.8326059579849243,0.00425268430262804,-0.00796524528414011,-0.0038458583876490593,0.0202485341578722,-0.09432201832532883,0.1617007851600647
1724162974.818394,-0.2639255683960273,0.116792446375619,0.06806506089324137,0.9550234948722752,-0.5100389815923316,0.3013187422955297,0.2214114654886738,0.2590072751045227,0.4882112741470337,-0.833405613899231,0.0046636988408863544,-0.022660555317997932,-0.004448310937732458,-6.795395165681839e-05,-0.08313657343387604,0.13144312798976898
1724162974.861446,-0.26331066599444086,0.11616174454639543,0.0706500872997413,0.9550823906270985,-0.5081399855080078,0.30109335812312177,0.2264204102945121,0.25909391045570374,0.4865531027317047,-0.8343479037284851,0.0017145113088190556,-0.02749444730579853,-0.00885673426091671,0.0181773342192173,-0.08917970210313797,0.0981733649969101
1724162974.8919759,-0.2625242143965717,0.11547557835308098,0.07256777563207552,0.9552383980360898,-0.5061194011237118,0.30029139972233226,0.22985064019718018,0.2587150037288666,0.4847868084907532,-0.8354928493499756,0.005196195095777512,-0.024277741089463234,-0.016876399517059326,0.007623353973031044,-0.04194338992238045,0.06901440769433975
1724162974.92198,-0.2618815273823787,0.11488578000563048,0.07404713142069413,0.9553722817892681,-0.5045056969759449,0.2995195425825563,0.23244506822690947,0.2583005130290985,0.48337480425834656,-0.8364386558532715,0.010943878442049026,-0.02036152593791485,-0.024583056569099426,-0.0006768708117306232,-0.05079828202724457,0.0513945110142231
1724162974.9806728,-0.26163117468350283,0.11469948046075472,0.07536500560326395,0.9553602235310849,-0.5036384301793788,0.29972291247834715,0.23510325865347512,0.2585943043231964,0.4826153814792633,-0.8367863297462463,0.015086807310581207,-0.008638817816972733,-0.025930946692824364,-0.024591855704784393,-0.009335833601653576,0.0526481457054615
1724162975.015692,-0.26145523236615326,0.11393733640466432,0.07689913721659847,0.9553773933818762,-0.5029969709307782,0.29880557470700725,0.23794795769355398,0.2579176723957062,0.4820534884929657,-0.8373188972473145,0.01856134831905365,0.004043308552354574,-0.033724620938301086,-0.017380407080054283,-0.08014002442359924,0.030708909034729004
1724162975.045625,-0.26224871516907794,0.11294669234814782,0.07954137283765644,0.9550610932251576,-0.5040310571306476,0.29843568431911577,0.2435656212667835,0.25746122002601624,0.48295924067497253,-0.8369373083114624,0.02507700026035309,0.026620013639330864,-0.03385094180703163,-0.12041789293289185,-0.050329066812992096,0.17987604439258575
1724162975.080662,-0.2631635347927422,0.11267003784432256,0.08343634190004866,0.9545096447398397,-0.5047432377463199,0.30040141541770554,0.25239497556302926,0.2590040862560272,0.4835827350616455,-0.8361008167266846,0.03582603484392166,-0.0017535013612359762,-0.00560341589152813,-0.050007641315460205,-0.07669898122549057,0.15563005208969116
1724162975.156898,-0.26393799607385937,0.11208951799511407,0.08665878593070626,0.9540769648536066,-0.5054568820438208,0.30127168371313173,0.25952008546069577,0.25962913036346436,0.48420724272727966,-0.8355453610420227,0.03058539517223835,0.005072677042335272,0.007940255105495453,-0.08549883216619492,-0.04589870944619179,0.1304572969675064
1724162975.1869931,-0.2642254414075664,0.11022109416979242,0.08991916437767886,0.9539133115064806,-0.5055335882288888,0.2990970741475327,0.26576746099226667,0.2578005790710449,0.48427435755729675,-0.8360724449157715,0.013316892087459564,0.005683612078428268,0.049325332045555115,-0.009156523272395134,-0.20385637879371643,0.13187552988529205
1724162975.27054,-0.2625677412405014,0.1070099039349924,0.09451883919285782,0.9542919797071205,-0.5016851043190544,0.29376004674404627,0.2732307697978414,0.2538725733757019,0.480903685092926,-0.8392141461372375,0.037959985435009,0.007661591749638319,0.043217625468969345,0.10570599883794785,-0.2611798346042633,0.19014383852481842
1724162975.282675,-0.25972940263242117,0.10410916454709321,0.10010301906400663,0.9548199483909257,-0.49513034444384896,0.2890502787446159,0.28245337890831984,0.2508103847503662,0.4751463532447815,-0.8434038162231445,0.07007703930139542,0.020997578278183937,0.02160269394516945,0.1359320431947708,-0.22908538579940796,0.22256095707416534
1724162975.284539,-0.2580287718263705,0.10388703611486741,0.10479619318528391,0.9548017353147511,-0.4903772405284421,0.29024802685826495,0.2917472583741591,0.2524639070034027,0.4709587097167969,-0.8452572822570801,0.07449512928724289,0.019537372514605522,0.011162308044731617,0.03867799788713455,-0.07288247346878052,0.2180195152759552
1724162975.374466,-0.2579021464219001,0.10491990754849857,0.10804971092827098,0.9543602406887497,-0.4888263085309733,0.2941780132249723,0.29934157544497614,0.2559952735900879,0.4695899784564972,-0.8449565768241882,0.0574246346950531,0.004828345961868763,0.027461763471364975,-0.01752610132098198,-0.02195845916867256,0.10892203450202942
1724162975.385915,-0.2596162182471699,0.10547674402090382,0.10942225026286895,0.953677533870562,-0.4916683858848874,0.29701196457743123,0.3035157354775648,0.25799718499183655,0.4720973074436188,-0.8429481387138367,0.03782452642917633,0.026688147336244583,0.0016777098644524813,-0.17197252810001373,-0.0009645966347306967,0.07716607302427292
1724162975.448534,-0.263007063528653,0.10572219986203629,0.11196790996337153,0.9524248940378698,-0.4975954479642337,0.30071279085144365,0.31099004964410304,0.26028159260749817,0.47731396555900574,-0.8393002152442932,0.03406703844666481,0.006119218189269304,-0.01046324148774147,-0.139911487698555,-0.029165595769882202,0.10308139771223068
1724162975.459729,-0.2648104260365195,0.10623167105138324,0.11657156617701488,0.9513155568009148,-0.4995941944212798,0.30532006088322333,0.3223242948987024,0.2638584077358246,0.47906938195228577,-0.8371805548667908,0.06312450766563416,0.003774133278056979,-0.06324174255132675,-0.11434755474328995,0.10185082256793976,0.27113986015319824
1724162975.498141,-0.2654586232461927,0.11318943062338649,0.12210016470502946,0.9496374433566518,-0.49671261369013797,0.32389759147097735,0.3385640416029494,0.27980291843414307,0.4765380024909973,-0.8334397673606873,-0.03921094536781311,-0.11080003529787064,0.09883474558591843,0.15471434593200684,0.1488204151391983,0.3632672429084778
1724162975.560656,-0.25728143399005976,0.11432892839056373,0.12710594281828408,0.9510936846929141,-0.47837108210796003,0.3243034758100795,0.34545011730989744,0.2828790247440338,0.4603337347507477,-0.8414703011512756,-0.04727526381611824,-0.07969292998313904,0.07855723053216934,0.5147880911827087,-0.2507646083831787,0.3069930076599121
1724162975.5723119,-0.24725927062817615,0.11572011916315564,0.13391392513617742,0.9526482537345885,-0.4557202296766827,0.3249795089854949,0.35530252991901645,0.28670406341552734,0.44010916352272034,-0.8509434461593628,-0.01815400831401348,-0.01943131536245346,0.007275588344782591,0.3859732449054718,-0.024604100733995438,0.5025581121444702
1724162975.6081672,-0.2386128202077571,0.1196741629463648,0.14279900692830552,0.9530741444723526,-0.4341646667313477,0.33266375296082884,0.3714691430624296,0.29626405239105225,0.42065271735191345,-0.8574840426445007,0.007520840037614107,-0.029397841542959213,-0.034450311213731766,0.37347543239593506,0.14834189414978027,0.5843388438224792
1724162975.6382341,-0.2306591893967003,0.12708845848005076,0.1532229850072276,0.9524534056371072,-0.41199535517276414,0.3483402316534004,0.3925123158935108,0.31277623772621155,0.400438517332077,-0.8612897396087646,-0.0036401585675776005,-0.030037984251976013,-0.03753095865249634,0.3541294038295746,0.20277637243270874,0.6332108974456787
1724162975.6903648,-0.22556725320476553,0.134488389903772,0.16256015627833037,0.9511080035008335,-0.3955900461296036,0.36474548042054517,0.4124501312846671,0.32916244864463806,0.3853527307510376,-0.8620645999908447,-0.019802425056695938,0.005951931234449148,-0.05579812452197075,0.033602166920900345,0.26177603006362915,0.5488772392272949
1724162975.7203999,-0.22564107099694466,0.13935440441117342,0.17008732234270318,0.9490714428879053,-0.3907631607639578,0.3780348817293648,0.43034709245080893,0.34127193689346313,0.38089418411254883,-0.8593329191207886,-0.013504761271178722,-0.03184167668223381,-0.03825606405735016,-0.12084638327360153,0.17829634249210358,0.25093844532966614
1724162975.818738,-0.2302624128452194,0.14242191799797257,0.17347201694547013,0.9468910098168648,-0.3970010533318573,0.38881045146898235,0.441552765824503,0.34960421919822693,0.38665440678596497,-0.8533904552459717,-0.04583717882633209,0.016745422035455704,0.0019191736355423927,-0.3689301609992981,0.14616148173809052,0.16269057989120483
1724162975.83281,-0.23669511913995928,0.1417890948577277,0.1762857306908894,0.9448780439507778,-0.4085785169369769,0.39295307346334246,0.45132751395557746,0.3513987362384796,0.39730527997016907,-0.8477425575256348,-0.043266285210847855,0.020960109308362007,0.01959044672548771,-0.37493547797203064,-0.05834906920790672,-0.007090735714882612
1724162975.871945,-0.2437702938861732,0.13909770454495454,0.17808305218366802,0.9431406478499248,-0.4227582850047756,0.3929457834406054,0.4586142926864151,0.3492000997066498,0.41027748584747314,-0.8424557447433472,-0.07757213711738586,0.011231821961700916,0.06726933270692825,-0.32789257168769836,-0.19206860661506653,0.06696051359176636
1724162975.882637,-0.24566180445467442,0.13270128817674698,0.1778260726349703,0.9436198462952966,-0.4295120362713721,0.3806869004027312,0.45653628876667735,0.3378092646598816,0.41642722487449646,-0.8440812826156616,-0.04257954657077789,0.0192766971886158,0.01838095113635063,-0.015364626422524452,-0.2784966230392456,-0.2108934074640274
1724162975.9269772,-0.2461106243090875,0.12625431565449377,0.17513130630866208,0.944890632614649,-0.4344075811460803,0.3661812503119657,0.4482123528934959,0.3247963786125183,0.42087310552597046,-0.8469788432121277,-0.06961986422538757,0.06251326948404312,0.016967760398983955,-0.0482935793697834,-0.3039200007915497,-0.20208993554115295
1724162975.979367,-0.24649162234854566,0.11753805123977536,0.17291869505476296,0.9463221833444805,-0.4399253537877252,0.3470078432149835,0.4397983426924479,0.30770373344421387,0.42587193846702576,-0.8508533835411072,-0.06040889024734497,0.0682000145316124,-0.00148711446672678,-0.08397188037633896,-0.4360696077346802,-0.26392555236816406
1724162976.009296,-0.25006644603495576,0.10872356444593202,0.17088475411137602,0.9468074111753844,-0.4515615869398163,0.32974448967523845,0.43352381999059003,0.29134562611579895,0.4363711476325989,-0.8512918949127197,-0.049923501908779144,0.07492467761039734,-0.02539391815662384,-0.266481876373291,-0.3039495050907135,-0.18242864310741425
1724162976.0578141,-0.2551425464385238,0.1012827215821532,0.16932830202461963,0.9465579041953274,-0.46532618135599213,0.3164953868793846,0.4296233862632168,0.27814561128616333,0.44871434569358826,-0.8492881655693054,-0.04615942761301994,0.05983337014913559,-0.021964408457279205,-0.2770059108734131,-0.22916430234909058,-0.1332176923751831
1724162976.086924,-0.2594805991031376,0.09604838547614791,0.16886302543748818,0.946007227241734,-0.4763099711368309,0.3079386832309411,0.42859733696118724,0.2693582773208618,0.45850300788879395,-0.846889078617096,-0.037422697991132736,0.043803539127111435,-0.012828236445784569,-0.1883702278137207,-0.1569196581840515,-0.05886244773864746
1724162976.1179671,-0.2624319430174048,0.09285237059538735,0.16967114787628604,0.945367395672079,-0.48327371948426256,0.3034734376534885,0.4305068506413453,0.26461344957351685,0.4646804928779602,-0.845015823841095,-0.015409658662974834,0.023361794650554657,-0.016821913421154022,-0.1250087320804596,-0.058776602149009705,0.018713440746068954
1724162976.172941,-0.26448763616194354,0.0923057555843974,0.169977289676818,0.9447928623331833,-0.4874702434852362,0.3038352318947053,0.4321180901870565,0.2643333971500397,0.4683923125267029,-0.8430518507957458,-0.0010610916651785374,0.012760573998093605,-0.023882439360022545,-0.08498148620128632,0.09967899322509766,0.008557493798434734
1724162976.2081609,-0.26612736373205376,0.09432535030281884,0.16920802534207258,0.9442708867945462,-0.49005161706221273,0.3088616120497608,0.43243639546363943,0.2681991159915924,0.4706714451313019,-0.8405579328536987,0.000591224292293191,-0.003096469445154071,-0.009547344408929348,-0.018410883843898773,0.1605074405670166,-0.030422458425164223
1724162976.240493,-0.2674945214883227,0.09882950605439547,0.1669285475393906,0.9438295239927486,-0.4914939480846292,0.31824448130603117,0.43056360366732027,0.27586135268211365,0.47194352746009827,-0.837358832359314,0.022946331650018692,0.0003834588569588959,-0.023775527253746986,-0.02456955797970295,0.3431066870689392,-0.040480948984622955
1724162976.295382,-0.27044024058391086,0.10606908616354885,0.1623498687700465,0.943002546916538,-0.49565856735353364,0.3333815122734634,0.4260772200937902,0.2878586947917938,0.4756110906600952,-0.8312228322029114,0.029233653098344803,-0.0067829350009560585,-0.04413626343011856,-0.12393192201852798,0.4841982424259186,-0.19707754254341125
1724162976.4118772,-0.27455148927010586,0.11431286851818816,0.15382607110171612,0.942279944775646,-0.5032100247091362,0.3493972535067004,0.41431884937712715,0.2998957931995392,0.48224014043807983,-0.8231080770492554,0.04939534142613411,-0.044096969068050385,-0.0335826501250267,-0.03446517884731293,0.598800003528595,-0.436674565076828
1724162976.417602,-0.27649482978565887,0.12400963585128544,0.13804882720866596,0.9429287362909469,-0.5088703860954736,0.3631397158800908,0.38616464245646825,0.31020405888557434,0.4871910810470581,-0.8163444399833679,0.03506460785865784,-0.058244384825229645,-0.03227902576327324,0.18133938312530518,0.7515127658843994,-0.8168572783470154
1724162976.420675,-0.27496848943374,0.13317296100222373,0.1161148487361309,0.9450791167200708,-0.5107219961846922,0.3701272307926642,0.3421660282871101,0.3155738115310669,0.4888072609901428,-0.8133146166801453,-0.017261959612369537,-0.03721946105360985,0.022289801388978958,0.38084638118743896,0.6284698843955994,-1.0416884422302246
1724162976.464511,-0.2707440833774234,0.13901076061961287,0.09176772941928792,0.9481309147280119,-0.5096689145524198,0.36709641324414655,0.2896161308773038,0.3132919371128082,0.48788827657699585,-0.8147473335266113,-0.04634760692715645,0.020501473918557167,0.04292239248752594,0.4283882975578308,0.47140204906463623,-1.0531302690505981
1724162976.4756699,-0.26604180791694765,0.14079412987224507,0.07035542142706676,0.9510250859213543,-0.5077514511611032,0.35682415012172286,0.2412015724706424,0.3052324652671814,0.4862136244773865,-0.8187975287437439,-0.06926018744707108,0.05285279452800751,0.07556155323982239,0.39412423968315125,0.18702907860279083,-0.8581385612487793
1724162976.524427,-0.26135889144835905,0.13866648102706317,0.05534778945469457,0.9536244925265095,-0.5042223492953701,0.3417184335583329,0.20478085008006347,0.293402761220932,0.4831267297267914,-0.8249262571334839,-0.055458009243011475,0.08031376451253891,0.048331230878829956,0.29343894124031067,-0.041823726147413254,-0.568396806716919
1724162976.582011,-0.25838393340117544,0.13430632960843186,0.04794704632585739,0.9554582817043278,-0.5016477849716126,0.32675586039721716,0.18470443758596977,0.28142568469047546,0.48087096214294434,-0.8303990960121155,-0.04490315914154053,0.07244608551263809,0.03215809538960457,0.13311894237995148,-0.23482026159763336,-0.23783951997756958
1724162976.638516,-0.25718184367847635,0.12951275436191806,0.04611126270522795,0.9565341584914526,-0.5007258933273563,0.31464402094349275,0.17742809445427815,0.27148470282554626,0.48006245493888855,-0.8341678977012634,0.007379006594419479,0.03613976389169693,-0.015359628945589066,0.026417523622512817,-0.1441032737493515,-0.08248189091682434
1724162976.6731029,-0.25737544812382046,0.12744270394594145,0.04490063645508076,0.9568176516286966,-0.5018841988882969,0.3094651412800365,0.1737120202236104,0.2669914960861206,0.48107823729515076,-0.8350324630737305,0.018902983516454697,0.008280661888420582,-0.02129308320581913,0.009217824786901474,-0.018969813361763954,-0.0913676843047142
1724162976.684834,-0.2577096700016311,0.12869669670792666,0.04204269763421202,0.9566896732352975,-0.5032496602919047,0.3108125303096579,0.16834314890732993,0.2679152190685272,0.4822748601436615,-0.8340457677841187,0.034643419086933136,-0.004241214599460363,-0.028044048696756363,0.06888736039400101,0.19994831085205078,-0.13510006666183472
1724162976.745469,-0.25665295908313956,0.13310144817404695,0.0378463727319418,0.9565462951798153,-0.5017106354848939,0.317912924227873,0.16120322346956195,0.2740621566772461,0.4809260666370392,-0.832826554775238,0.030846234411001205,0.008650447241961956,-0.011084083467721939,0.10758397728204727,0.3049781918525696,-0.14419297873973846
1724162976.784214,-0.25498993129123265,0.13970738986382666,0.03379633890775198,0.9562006912600577,-0.4986039247923828,0.32978449579954494,0.15534071903934285,0.28441205620765686,0.47819989919662476,-0.8309239745140076,0.017606278881430626,-0.0037296200171113014,0.030168911442160606,0.12177573144435883,0.3481574058532715,-0.04484342783689499
1724162976.81539,-0.2512517409814898,0.1453734411567276,0.030650729736601264,0.9564515651495331,-0.4912275462499726,0.3393188128441452,0.14990227319329674,0.29348739981651306,0.47170865535736084,-0.8314782381057739,0.007906177081167698,-0.040567073971033096,0.05779753997921944,0.29375243186950684,0.20201919972896576,-0.07969370484352112
1724162976.845377,-0.2461143564433923,0.14764539828444675,0.02719366333222518,0.9575432016288614,-0.48171559486917737,0.34072121448261844,0.14124247966307976,0.2961391806602478,0.4633002281188965,-0.8352571129798889,0.008604558184742928,-0.013824738562107086,0.026492711156606674,0.26880475878715515,0.04004988446831703,-0.11601036787033081
1724162976.874404,-0.24219300992602552,0.1466699440783426,0.024416077652298307,0.9587670467631835,-0.4749018312934623,0.3358152615689693,0.13292063082717126,0.2930714190006256,0.4572511613368988,-0.8396609425544739,0.010382297448813915,-0.00490729371085763,-0.009352615103125572,0.1757822483778,-0.11378267407417297,-0.1408020257949829
1724162976.959481,-0.2408168125278373,0.144105930396219,0.022346440979415044,0.9595526397515313,-0.4731722809784112,0.3286676407567303,0.12648915875604314,0.2873172461986542,0.45571231842041016,-0.8424814939498901,0.009853784926235676,0.010576419532299042,-0.024895483627915382,0.0031630597077310085,-0.12901028990745544,-0.12457726150751114
1724162976.972415,-0.24157513564570054,0.14064312235809984,0.02071438548597242,0.9599123674842085,-0.475693710810958,0.3204461177218822,0.12147145598754101,0.28001829981803894,0.4579552710056305,-0.8437219262123108,0.0006902465829625726,-0.009671368636190891,-0.01689823716878891,-0.02464694157242775,-0.18518880009651184,-0.16941094398498535
1724162976.990704,-0.24265358344663585,0.13685276869385407,0.018217083641043515,0.9602388333229479,-0.47914955818955696,0.3111342955804502,0.11451945666619726,0.2716635465621948,0.461024671792984,-0.8447811007499695,-0.013566398061811924,0.005990536883473396,-0.006578783970326185,-0.051221106201410294,-0.15447917580604553,-0.17362476885318756
1724162977.0383492,-0.24378397745150546,0.13226471992367794,0.01585738533193891,0.9606371884669959,-0.48270992205450375,0.3001113575961969,0.10740987734293907,0.2618483603000641,0.46418118476867676,-0.846150815486908,-0.028363198041915894,0.008710406720638275,0.01829313486814499,-0.04746221378445625,-0.24016696214675903,-0.1799628585577011
1724162977.0938768,-0.24602017439100315,0.12664562110681962,0.014207341626385948,0.9608501355641922,-0.4883602384624428,0.28744862896514045,0.10165462235686121,0.2503654956817627,0.4691784381866455,-0.846869945526123,-0.016070302575826645,0.04322076216340065,-0.004624408669769764,-0.19261060655117035,-0.2616608440876007,-0.15361173450946808
1724162977.1177878,-0.2512934439130086,0.12153190546375608,0.01296683171624972,0.9601632125635224,-0.4999864795790451,0.2768845296662372,0.09813140279382407,0.23989787697792053,0.4794136881828308,-0.844163179397583,-0.00220320513471961,0.016028059646487236,-0.004635557997971773,-0.2795906662940979,-0.19476380944252014,-0.17310303449630737
1724162977.1566591,-0.256332481351217,0.1178874546173362,0.010470490782142123,0.9593156558200654,-0.5113314687973305,0.2687338317250733,0.09246786640997559,0.2315504103899002,0.48933884501457214,-0.8407924175262451,0.008245437406003475,0.02203054167330265,-0.023615635931491852,-0.1904466301202774,-0.052723824977874756,-0.16090890765190125
1724162977.212888,-0.2597639759641369,0.11665054987929233,0.008417302996462431,0.958563725079472,-0.5190285756357835,0.26570508761761286,0.08849521114734489,0.2280069887638092,0.4960368871688843,-0.837830662727356,-0.016628850251436234,0.028832556679844856,0.007199503015726805,-0.14940200746059418,-0.05925489589571953,-0.0717429369688034
1724162977.2575622,-0.2623679500767298,0.11590334859465345,0.00900726786082521,0.9579395862521879,-0.5242655658145191,0.26506049667714865,0.09031126088152168,0.22678324580192566,0.5005773305892944,-0.8354589343070984,-0.008696313016116619,0.017444703727960587,0.011783681809902191,-0.12879817187786102,-0.02698539011180401,0.054316695779561996
1724162977.289768,-0.2639834065087336,0.11600325527072695,0.0112102251927263,0.9574603385068138,-0.526958105490437,0.26701067045722016,0.09584103653046257,0.2280556559562683,0.5029064416885376,-0.8337120413780212,-0.015424850396811962,0.0007538363570347428,0.01857833005487919,-0.057851292192935944,-0.03040800243616104,0.15771132707595825
1724162977.317799,-0.26463995149345737,0.11587230748185766,0.014875865095640614,0.9572449369006667,-0.5273013694454807,0.2690504385623769,0.10411287264690114,0.22970984876155853,0.5032030940055847,-0.8330786228179932,-0.004719351883977652,-0.003532437840476632,0.008544867858290672,-0.04212600365281105,-0.06336767226457596,0.1967444270849228
1724162977.4006429,-0.26565504311606386,0.11544618284181568,0.018736050491857933,0.9569474397567265,-0.5283509190032313,0.2706568701264813,0.11278190365085991,0.23090650141239166,0.504109799861908,-0.8321991562843323,0.01427862886339426,-0.01786336675286293,-0.002511983970180154,-0.08972243219614029,-0.051770515739917755,0.13150079548358917
1724162977.4138,-0.266757646154174,0.11501709920981566,0.019882182799681555,0.9566692405016395,-0.5303370104677109,0.27069984267935987,0.11549016489249318,0.23067408800125122,0.505824089050293,-0.8312228322029114,0.009349381551146507,-0.04752257093787193,-0.0010891500860452652,-0.018686797469854355,-0.03300527110695839,-0.05298313871026039
1724162977.455638,-0.2665920629853153,0.11362199690715412,0.01744855485545244,0.9569295822271665,-0.5308361303936578,0.26607360718414014,0.10918860478404875,0.22675979137420654,0.5062546133995056,-0.8320374488830566,0.0003962134360335767,-0.019789110869169235,0.0017479148227721453,0.02134394459426403,-0.05637510120868683,-0.18696457147598267
1724162977.50816,-0.266659402524886,0.11122595472272555,0.014126956312487424,0.9572470394859898,-0.5321361582524908,0.25873072428504873,0.10039176149797925,0.22047559916973114,0.5073752999305725,-0.833043098449707,-0.002655071672052145,0.009624175727367401,-0.0022869156673550606,-0.04809841513633728,-0.10889670997858047,-0.20060129463672638
1724162977.519536,-0.26811076692984387,0.10826635459430183,0.013229067667789233,0.95719377038658,-0.535653813773065,0.2519281314838974,0.09711374674197475,0.21435746550559998,0.5104033946990967,-0.8327900171279907,-0.019537227228283882,0.04292769730091095,-0.009338942356407642,-0.13589662313461304,-0.1686982363462448,0.014133828692138195
1724162977.563127,-0.27280575710555255,0.10609197038162055,0.018149653761292288,0.9560293272155461,-0.5442417529523083,0.25132442673654526,0.10843684412808456,0.21275672316551208,0.5177695751190186,-0.8286430239677429,0.00454779202118516,0.052371952682733536,-0.015904946252703667,-0.41939038038253784,-0.14146684110164642,0.2993999123573303
1724162977.594213,-0.2805570282244009,0.10563452778145542,0.02296904300176664,0.9537302505893467,-0.5589529655674945,0.25564067559808334,0.12189190415706895,0.21438193321228027,0.5302988290786743,-0.8202582001686096,0.016190750524401665,-0.07819192856550217,-0.0034044641070067883,-0.33856913447380066,-0.03847988694906235,0.014288711361587048
1724162977.650141,-0.28482660460307674,0.10406781056323759,0.019902988215096788,0.9527053458439803,-0.5687379959753858,0.25143557442000336,0.11562428118113166,0.20962971448898315,0.5385691523551941,-0.8160874247550964,0.03165597841143608,-0.07970105856657028,-0.011446765623986721,-0.049791980534791946,0.03597966209053993,-0.3353961110115051
1724162977.678076,-0.2849045319641201,0.10387439383124605,0.012923728942315827,0.952823386937687,-0.57072527107789,0.24646839217276453,0.09976816279116416,0.20531195402145386,0.5402425527572632,-0.8160790205001831,0.005031344015151262,-0.004587972071021795,-0.0017964261351153255,0.020531611517071724,0.07948585599660873,-0.3323657512664795
1724162977.70821,-0.28424259613227965,0.10412670133479379,0.0067261294513850465,0.953057399071745,-0.5709103854537384,0.2428101771273852,0.08569369920519074,0.20230114459991455,0.5403982996940613,-0.8167275786399841,-0.01829233393073082,0.038118332624435425,0.010677525773644447,-0.06711268424987793,0.0022567985579371452,-0.1894826889038086
1724162977.76788,-0.2850067307822277,0.1037664718486533,0.0034418373507061313,0.9528859685105339,-0.5733430376916545,0.24003063056646876,0.0782947639686112,0.19971711933612823,0.542443573474884,-0.8160073757171631,-0.0005248375236988068,0.016176410019397736,0.01030371431261301,-0.031635694205760956,-0.005272304639220238,-0.14309029281139374
1724162977.798604,-0.2856460733496703,0.10365636813634657,0.00039267532304960165,0.9527126992166113,-0.5754303378504756,0.23792820790974406,0.07153808432581704,0.1977338045835495,0.5441958904266357,-0.8153233528137207,0.00887660589069128,-0.0015055380063131452,3.9086968172341585e-05,0.04471169784665108,0.0726761668920517,-0.18142351508140564
1724162977.8302588,-0.2848653042054313,0.10414623542840366,-0.0038636593895237754,0.9528852191023067,-0.5748306275001123,0.23604898874942357,0.0619638883615946,0.19627755880355835,0.5436926484107971,-0.8160106539726257,0.0021593188866972923,-0.007284813094884157,0.009788276627659798,0.10356824845075607,0.0574672557413578,-0.2261868268251419
1724162977.8731132,-0.28289637021850356,0.10452387036918294,-0.009497256332952536,0.9533908626395357,-0.5721097045937581,0.23275699682570347,0.04882002542150823,0.1939307153224945,0.54140704870224,-0.8180888295173645,0.013257998041808605,-0.001517757074907422,0.004909261129796505,0.1445704698562622,0.125395730137825,-0.2848353087902069
1724162977.927836,-0.28059316479323504,0.10507455689190937,-0.01652225568758782,0.9539149584767866,-0.5690074706877603,0.22894656698354246,0.03258360679615551,0.19119231402873993,0.5387961864471436,-0.8204536437988281,0.010650403797626495,-0.004284457769244909,0.0025485455989837646,0.16795019805431366,0.12639658153057098,-0.3344556987285614
1724162977.970716,-0.27739969766411693,0.10545455650850086,-0.02439443499123147,0.9546379309661904,-0.564244475055535,0.2241314842440693,0.014119426559807153,0.1878078132867813,0.5347775816917419,-0.8238574862480164,0.005754909012466669,-0.0012088825460523367,0.012835010886192322,0.2286500483751297,0.09598658233880997,-0.35859203338623047
1724162978.0244288,-0.2740708554023774,0.10514218979960803,-0.03235559249856716,0.9553968806451613,-0.5591864718648315,0.21779951769305841,-0.004945294585890329,0.18316958844661713,0.5304967761039734,-0.8276605606079102,0.0043227048590779305,0.0036372279282659292,0.012373261153697968,0.21567785739898682,0.06686804443597794,-0.38850852847099304
1724162978.028589,-0.27130646182332274,0.10373325762866667,-0.040225867322834286,0.9560408073215945,-0.5551909959146203,0.20924230394517138,-0.024276496931742858,0.17651936411857605,0.5271056294441223,-0.8312644362449646,-2.9043469112366438e-05,0.016007209196686745,0.013186182826757431,0.15113423764705658,-0.007720768451690674,-0.36391907930374146
1724162978.074337,-0.2704959830868315,0.10232085646749846,-0.04693553274948779,0.9561167584848055,-0.5548978179505163,0.20169268454145753,-0.040480218068855024,0.17026962339878082,0.5268564820289612,-0.8327247500419617,0.012094291858375072,0.021465346217155457,-0.01670120283961296,0.03544197231531143,0.06428121775388718,-0.30273759365081787
1724162978.126545,-0.26963290081271535,0.10314224668929332,-0.053668359874012465,0.955918061926215,-0.5545547977192179,0.19922451693039264,-0.05529472103316571,0.16824954748153687,0.52656489610672,-0.8333195447921753,-0.0094127357006073,0.004600191488862038,-0.0030737482011318207,0.1346476525068283,0.14909596741199493,-0.29033952951431274
1724162978.166552,-0.26800449008581395,0.10462610493431829,-0.05876259774705118,0.9559152087965306,-0.5523336992355642,0.19928380549424207,-0.06613940130474427,0.16853007674217224,0.5246753692626953,-0.8344539403915405,-0.012012112885713577,0.0425875261425972,0.000926609558518976,0.047878608107566833,0.12687669694423676,-0.13048212230205536
1724162978.195589,-0.2680902791795955,0.1062894230341876,-0.06073425483602167,0.9555843608378627,-0.5530401054240514,0.20182113732876458,-0.06948932882971061,0.17057248950004578,0.5252766013145447,-0.8336603045463562,-0.012225516140460968,0.024448713287711143,0.009493316523730755,-0.031678128987550735,0.07322186976671219,-0.03789602592587471
1724162978.231746,-0.26974809575035447,0.10647101789529963,-0.06078234369661646,0.9550943944916107,-0.5564945198938626,0.2022781428178128,-0.06914496445725066,0.17058789730072021,0.5282129049301147,-0.8317998051643372,-0.0035511041060090065,0.01354579534381628,0.010669825598597527,-0.07796192914247513,-0.013319953344762325,0.01527465134859085
1724162978.286849,-0.271592101434159,0.10596871367045081,-0.059928368275309084,0.9546815651382561,-0.5600977436020242,0.2017675062345255,-0.06717074601445971,0.16978059709072113,0.5312690138816833,-0.8300167322158813,-0.003698162268847227,0.006316762417554855,0.009609071537852287,-0.08076903223991394,-0.0706704705953598,0.05407853424549103
1724162978.315682,-0.27352518075675997,0.10571800998883812,-0.05808558318456143,0.9542712743213152,-0.5636981443080208,0.2024865137741148,-0.06277241044582893,0.16999156773090363,0.534315824508667,-0.8280153870582581,-0.004803614690899849,0.005966098979115486,0.0031615644693374634,-0.109267957508564,-0.05393717810511589,0.09503311663866043
1724162978.413162,-0.27593082365515725,0.10531769262001997,-0.05561898980971345,0.9537697925656868,-0.5681389510750964,0.20332341567730636,-0.056946676240652264,0.17020367085933685,0.5380643010139465,-0.8255407214164734,-0.002005118876695633,0.005048423074185848,-0.008953515440225601,-0.1418577879667282,-0.021256130188703537,0.1177762970328331
1724162978.418748,-0.2780359901335013,0.10524505473340748,-0.05297103928609482,0.9533170907202657,-0.5719381949223936,0.2050461046699415,-0.050532763471949654,0.17120809853076935,0.5412628054618835,-0.8232389092445374,-0.006173581816256046,0.0013449687976390123,-0.010108184069395065,-0.11164713650941849,-0.02262044884264469,0.1336744874715805
1724162978.4631891,-0.2797847033587572,0.10568743685074002,-0.049265237397409525,0.9529551733541838,-0.5747893399374084,0.2086621444538246,-0.04142181213557207,0.1738634556531906,0.5436580181121826,-0.8211013674736023,-0.0032167357858270407,0.020738083869218826,-0.00782413687556982,-0.1419973373413086,-0.018419120460748672,0.20994402468204498
1724162978.468935,-0.28267463961080785,0.10659638337029433,-0.043409391116671976,0.9522855293884518,-0.5795273312676554,0.2149590518184982,-0.026788795008056178,0.1784789115190506,0.5476285219192505,-0.8174645304679871,0.005534755066037178,0.007631887681782246,-0.011422162875533104,-0.1948307752609253,0.000544071604963392,0.3002111613750458
1724162978.5106869,-0.285049011591193,0.1080582598025296,-0.037432455141339645,0.9516665513664592,-0.5831223514910041,0.22265731267653366,-0.011551811582724765,0.18433068692684174,0.5506330132484436,-0.8141409754753113,-0.0005437883664853871,-0.01146457064896822,-0.0009102862677536905,-0.1241631954908371,-0.014260121621191502,0.2726295590400696
1724162978.5707521,-0.28687092546913373,0.10919552114640124,-0.032473688861718135,0.9511712368388929,-0.5857430369713629,0.22891768841709917,0.0010487956107372957,0.18909575045108795,0.5528187155723572,-0.8115628361701965,0.006882220972329378,-0.00957016833126545,-0.004061502404510975,-0.11700905114412308,-0.018021579831838608,0.2109629362821579
1724162978.591737,-0.2882693008723698,0.1100355636063164,-0.02901693445558822,0.9507633016135659,-0.587807120591265,0.23344812659115738,0.00993009283270594,0.19250616431236267,0.5545375347137451,-0.8095859885215759,0.004953748546540737,-0.026409342885017395,0.0048764911480247974,-0.05511878803372383,-0.02689146064221859,0.1117900013923645
1724162978.657146,-0.28823187532205263,0.11058430769323309,-0.027119128926308685,0.9507670396505662,-0.5872581669164257,0.2360049215862546,0.014631679406917477,0.19464662671089172,0.5540806651115417,-0.8093870282173157,-0.0014434130862355232,-0.0038953204639256,0.006967535242438316,-0.012575426138937473,-0.020695526152849197,0.10682123154401779
1724162978.704626,-0.2879105894489688,0.11086866821954318,-0.02442093601564192,0.9509043437519443,-0.5859196758219184,0.2384362263897413,0.020880656176740824,0.19678889214992523,0.5529658794403076,-0.8096312880516052,-0.0011421546805649996,0.0010973229072988033,0.008863050490617752,-0.021353360265493393,-0.0411088801920414,0.14286495745182037
1724162978.7174459,-0.2886413923426272,0.11090191612366372,-0.02085190385036208,0.9507639181387992,-0.5865424383304505,0.241078999821602,0.029266371264400785,0.19884562492370605,0.5534846782684326,-0.8087738156318665,0.001028331695124507,0.00038377687451429665,0.000838210922665894,-0.08739398419857025,-0.04968743026256561,0.17092494666576385
1724162978.7609072,-0.28973786534825857,0.11129852565283005,-0.01747658941821235,0.9504520630490413,-0.5879472530752146,0.24452192837067105,0.037593505470502185,0.20144055783748627,0.5546541810035706,-0.8073292374610901,0.007510230876505375,-0.009774298407137394,-0.00815174262970686,-0.0591144934296608,-0.022704483941197395,0.15573395788669586
1724162978.791898,-0.2905584942848164,0.11184726384188082,-0.014997312811263867,0.9501794295163863,-0.5889884802086666,0.2476642187212951,0.04390579095514925,0.20383474230766296,0.555520236492157,-0.806131899356842,0.004594278521835804,-0.005898055620491505,-0.0017981507116928697,-0.06708398461341858,-0.022889623418450356,0.10415736585855484
1724162978.846754,-0.2914982001896273,0.11212421510044479,-0.013321895987127751,0.9498839250902633,-0.5904878406911794,0.24966768007005305,0.04824429509055111,0.20524334907531738,0.5567663311958313,-0.8049139380455017,0.007851824164390564,-0.007707107812166214,-0.006104035768657923,-0.06775201857089996,-0.0065862094052135944,0.05427787825465202
1724162978.876748,-0.2925896868274282,0.11224537828103295,-0.012437087500318446,0.9495459491957858,-0.5925121526676239,0.2508147477316674,0.05072996653408567,0.2058863490819931,0.5584467053413391,-0.8035845160484314,0.005031344015151262,-0.004587972071021795,-0.0017964261351153255,-0.07586847990751266,-0.009660057723522186,0.022408178076148033
1724162978.9076939,-0.29363164340123543,0.11226189467821447,-0.012260807717682315,0.9492246081933643,-0.5946243323214443,0.25122605760124445,0.05151104285676289,0.2059231698513031,0.5601975917816162,-0.8023554682731628,0.00249727931804955,-0.0037401558365672827,-0.0036267649848014116,-0.07059425860643387,0.00756789231672883,-0.023807184770703316
1724162978.962115,-0.29467075093380224,0.11230193655048812,-0.012028344027756207,0.948900760825423,-0.5967150096432258,0.25173331937913773,0.052438822891794475,0.2060379683971405,0.5619282126426697,-0.8011148571968079,0.0077196089550852776,-0.007672178093343973,0.0008686741348356009,-0.03120223805308342,0.0017027209978550673,-0.021663131192326546
1724162979.0105891,-0.29503003931088073,0.11339562089531188,-0.012065979411060478,0.948658530277941,-0.597408817979655,0.2543405087694814,0.05326351956182595,0.20802778005599976,0.5625020265579224,-0.800197422504425,0.0007015386945568025,0.0034103868529200554,-0.0035598636604845524,-0.007821065373718739,0.07245448976755142,0.028758026659488678
1724162979.0393171,-0.29459209660050395,0.11433117331097424,-0.011912242672787161,0.9486842717376959,-0.5964073074389797,0.25651465248223204,0.05412653642265947,0.2099098563194275,0.5616737008094788,-0.8002877831459045,-0.009085901081562042,0.0037437439896166325,0.011708157137036324,0.04087585210800171,-0.0005549783236347139,0.01609637215733528
1724162979.073453,-0.2935376899250155,0.11509278431409135,-0.01151479658073825,0.9489239085562907,-0.5940724979212413,0.2582947657896326,0.05519463568200133,0.21166852116584778,0.559740424156189,-0.8011785745620728,-0.005629752296954393,0.014979701489210129,0.0011859320802614093,0.05441385135054588,0.03999682888388634,0.06511445343494415
1724162979.1321468,-0.29221478770563225,0.1155505360787168,-0.010240803419674921,0.9492910745185257,-0.5909623733001342,0.25989560913975,0.057941693157182075,0.21339714527130127,0.5571604371070862,-0.8025171756744385,-0.010749425739049911,0.010859357193112373,0.004802348557859659,0.07978306710720062,-0.006343023385852575,0.08251386880874634
1724162979.1546888,-0.2908478342579867,0.11581607927186037,-0.008608156138298802,0.9496946910141891,-0.5876745555655479,0.2612706863128314,0.06134283473838433,0.21497249603271484,0.5544272065162659,-0.8039883375167847,-0.004957815166562796,0.008202488534152508,0.0023268030490726233,0.07118888944387436,-0.02097533456981182,0.10430778563022614
1724162979.20802,-0.28919554527536623,0.11619092584599547,-0.0068784971118590705,0.9501674409380049,-0.5837619956813926,0.2628738834676955,0.06492175824098761,0.21682320535182953,0.551166832447052,-0.8057312369346619,-0.00022772920783609152,-0.0013781266752630472,-0.001365138334222138,0.11531917750835419,0.002162752440199256,0.09873714298009872
1724162979.258998,-0.2870338110632136,0.1166158047499664,-0.005100155127021367,0.9507819146217544,-0.5787795048610217,0.2644705590756335,0.06843828442682959,0.21882455050945282,0.5470026731491089,-0.8080247044563293,-0.0003706787247210741,0.011769856326282024,0.0007546445121988654,0.08944153040647507,-0.025633078068494797,0.12273117899894714
1724162979.271865,-0.28511684640876356,0.11770404293438246,-0.00312225594241335,0.951233033241058,-0.5741962682096099,0.26776647872493675,0.07292873624026952,0.22214752435684204,0.5431601405143738,-0.809708297252655,-0.0016160057857632637,-0.00310510047711432,0.0034042219631373882,0.09867500513792038,0.0018768548034131527,0.11018539220094681
1724162979.3133302,-0.2831645748012283,0.11903936407357199,-0.001701065199200712,0.9516535522856094,-0.5696699315823641,0.2712276496762884,0.07628750091430155,0.2256051003932953,0.539354145526886,-0.8112949132919312,-0.003106937976554036,0.003220292739570141,6.172689609229565e-05,0.09048616886138916,0.04974827542901039,0.10514005273580551
1724162979.3683438,-0.28134368848749636,0.12102322889725216,7.695703450798232e-05,0.9519448817405767,-0.5652521255463335,0.276414550545665,0.08090351908356215,0.23045818507671356,0.5356287360191345,-0.8123981952667236,0.0003451440716162324,-0.003750602947548032,-0.0032572040800005198,0.10114531219005585,0.11024250090122223,0.11215128749608994
1724162979.419622,-0.27944741383480465,0.12269802813495605,0.0011220554215765107,0.9522882749086694,-0.5609060595004617,0.2803739121010233,0.08360533584154874,0.23431488871574402,0.5319536328315735,-0.8137086629867554,-0.001028331695124507,-0.00038377687451429665,-0.000838210922665894,0.0870048776268959,0.0640457347035408,0.0801098421216011
1724162979.432276,-0.2776396883763101,0.12402200230376174,0.001972104852837557,0.9526441143571609,-0.5568261439968629,0.283414296517101,0.08565203917139863,0.23739272356033325,0.5284944772720337,-0.8150694966316223,-0.0011421963572502136,-0.0010728401830419898,-0.001520780147984624,0.09019197523593903,0.03094988316297531,0.08225087076425552
1724162979.474485,-0.27560731832213475,0.125280474732381,0.00277181964559516,0.9530675074563498,-0.5523042275133633,0.2861936424644239,0.08743467165787755,0.24032935500144958,0.5246502757072449,-0.8166908025741577,-0.004921071231365204,0.008924665860831738,-0.0025999238714575768,0.08066549897193909,0.04137150198221207,0.10964604467153549
1724162979.506666,-0.2738482075768943,0.12634890045591013,0.004149917529523551,0.9534284907006245,-0.5481869386478859,0.2889612061055498,0.09047696953761833,0.24320216476917267,0.5211406946182251,-0.8180862069129944,-0.0045355502516031265,0.004418772179633379,0.004678895231336355,0.061728719621896744,-0.0018141025211662054,0.1116916686296463
1724162979.5666242,-0.2719200939728816,0.12722618312203735,0.005138514079494835,0.953858707463628,-0.5438556562112661,0.2909893198087092,0.0924439910265091,0.24550612270832062,0.5174391865730286,-0.8197458982467651,-1.839266042225063e-05,-0.0014461700338870287,-0.0027285520918667316,0.10465492308139801,0.04506237804889679,0.07397454231977463
1724162979.5984259,-0.26989366025339995,0.12826204626148727,0.005502878711686133,0.9542933832478789,-0.5394962402845157,0.2929593134832123,0.09307133009234193,0.24776962399482727,0.5137038826942444,-0.8214125037193298,-0.006191933061927557,0.0020689619705080986,-0.0024529059883207083,0.08889190107584,0.031420737504959106,0.05404875427484512
1724162979.626626,-0.2685542040749124,0.12890559234209842,0.005913504279209061,0.9545820861035706,-0.5365682138979836,0.29426623531199086,0.09383061214432563,0.24927812814712524,0.5111895203590393,-0.8225239515304565,0.0005948161706328392,-0.00674409931525588,-0.004468425642699003,0.0452536940574646,0.0052505964413285255,0.026271456852555275
1724162979.7167711,-0.2680323427226489,0.1298927152475967,0.005611584120281668,0.9545967565175347,-0.5354961538070133,0.2961640798248846,0.09355857512135517,0.25099849700927734,0.5102677941322327,-0.8225731253623962,-0.0036175327841192484,-0.0017043075058609247,-0.0004703747690655291,0.0029828143306076527,0.031058181077241898,-0.017879435792565346
1724162979.728785,-0.2693436927273287,0.13005592118880635,0.0052265026797478345,0.9542075322689503,-0.5382801310973364,0.2966916374096781,0.09335075678266071,0.25101611018180847,0.5126600861549377,-0.821078896522522,-5.158607382327318e-05,-0.007986140437424183,-0.0031067365780472755,-0.10488871484994888,0.013244377449154854,-0.06852661818265915
1724162979.7719998,-0.27164910964941164,0.12946352632535596,0.004597787482345924,0.9536375905843043,-0.5432480007532835,0.29565604307338805,0.09254253338390186,0.24942053854465485,0.5169191360473633,-0.8188919425010681,0.0022072717547416687,0.0021787940058857203,-0.002567735966295004,-0.13227970898151398,-0.025708913803100586,-0.033016499131917953
1724162979.792966,-0.27353278981884616,0.12949198637102935,0.0043777702681836025,0.953096269400649,-0.5471698782836454,0.29615016141181627,0.09285638713495734,0.24923157691955566,0.5202723741531372,-0.8168233036994934,-0.001200882950797677,0.002576606348156929,0.005982306785881519,-0.08997101336717606,-0.0005748673574998975,0.012794730253517628
1724162979.859067,-0.27447335997972205,0.12929333519597458,0.004540122298443948,0.9528520198780854,-0.5490662727420409,0.29608143060444336,0.09348445701264098,0.2488871067762375,0.5218909978866577,-0.8158951997756958,0.003852404188364744,-0.006382989231497049,0.0016095206374302506,-0.026692654937505722,-0.014381119050085545,-0.006178541574627161
1724162979.872386,-0.274521141077583,0.12919039409816493,0.004468851645779282,0.9528525328275881,-0.5491960391799667,0.29581793711328497,0.09327996972769714,0.2486523687839508,0.5220016837120056,-0.8158959746360779,0.0025192638859152794,-0.005941615905612707,0.0041807061061263084,0.002673381008207798,-0.012518331408500671,-0.015752194449305534
1724162979.905623,-0.27488072958475673,0.12832422436216506,0.0042855179601999915,0.9528667161472498,-0.5500730737826421,0.2938429072016982,0.09246723446476515,0.2469077706336975,0.5227495431900024,-0.8159469366073608,-0.003077811561524868,-0.008446590974926949,0.00764320557937026,-0.053731612861156464,-0.07957141846418381,-0.03645461052656174
1724162979.9593859,-0.2768113014835152,0.12615572125051952,0.003587806828370931,0.9526002660385621,-0.5544500221956532,0.2890482239273684,0.09031213630196906,0.24233822524547577,0.5264757871627808,-0.8149204850196838,0.0032938567455857992,-0.020771196112036705,0.013433433137834072,-0.13129059970378876,-0.1438475400209427,-0.12349633872509003
1724162979.986604,-0.2798863755572662,0.12207329940591197,0.001552341401433536,0.9522390492364894,-0.5617386488434181,0.27934443848664703,0.0843338403793309,0.23335488140583038,0.5326584577560425,-0.8135234713554382,0.005721632391214371,-0.012089178897440434,-0.0083108339458704,-0.13830554485321045,-0.1602843999862671,-0.23706810176372528
1724162980.04068,-0.2822668717679007,0.11694498064620522,-0.001626237434723111,0.9521799370078088,-0.5679654755719196,0.2662275145512355,0.07471083643960813,0.2217872589826584,0.5379180908203125,-0.8132985830307007,0.004378066398203373,0.014639079570770264,-0.06441011279821396,-0.05839618295431137,-0.10248428583145142,-0.25006675720214844
1724162980.0742989,-0.2825350188647307,0.11718658919378634,-0.006040617781136384,0.9520528427614208,-0.5697152488258118,0.26399157837912013,0.06502575582001054,0.21972227096557617,0.5393922924995422,-0.8128825426101685,0.004598695319145918,0.027652792632579803,-0.05243515223264694,0.039676353335380554,0.23304760456085205,-0.1804075688123703
1724162980.104389,-0.2806742827686979,0.12236815855542832,-0.011285186911377414,0.9519036099289474,-0.5670091282359649,0.2720173151988365,0.055993387051846505,0.22663044929504395,0.5371116399765015,-0.8124959468841553,-0.026658903807401657,0.01835366152226925,0.002685091458261013,0.19275249540805817,0.3639087677001953,-0.13685524463653564
1724162980.1584082,-0.2755389018340191,0.12718759580701958,-0.015573866441604885,0.9527113967087036,-0.5573978407440422,0.27906681527496896,0.04764213084289805,0.23376372456550598,0.5289797186851501,-0.8158032894134521,-0.04089754819869995,0.01794758066534996,0.04878297448158264,0.34932613372802734,0.20965957641601562,-0.0603506863117218
1724162980.193203,-0.26867001910713284,0.12907327647174457,-0.018108084460792418,0.954373363712756,-0.5439238664237459,0.2802002889992816,0.04067162556044919,0.23663799464702606,0.5174975991249084,-0.8223130106925964,-0.01760602928698063,0.016750598326325417,0.032134074717760086,0.39197683334350586,0.08472499251365662,-0.01679019257426262
1724162980.242008,-0.2622310376052482,0.12971804737639103,-0.019315072089979252,0.9560517640537352,-0.5310324990418065,0.279525898325104,0.0360745441710731,0.23790431022644043,0.5064239501953125,-0.8288162350654602,-0.007128260098397732,0.011086197569966316,0.020735472440719604,0.35543304681777954,0.012410844676196575,0.03157009184360504
1724162980.267791,-0.25619185593997895,0.12972599104041754,-0.019479035652475708,0.9576833876392544,-0.5187042488945809,0.27818849839815646,0.03358288495635359,0.23849210143089294,0.49575525522232056,-0.8350738286972046,-0.005009317770600319,0.004556674975901842,0.01998772658407688,0.3217617869377136,-0.0331818051636219,0.06644728779792786
1724162980.318233,-0.2507369368399777,0.1288323970595701,-0.018969685503191416,0.9592565778498802,-0.5074268515564472,0.2753833475310541,0.032285428635428444,0.23765383660793304,0.485929936170578,-0.8410664200782776,0.0017074942588806152,-0.011518534272909164,0.022520750761032104,0.2926294803619385,-0.09769167006015778,0.04980536177754402
1724162980.370565,-0.24512044095405175,0.12698860854730676,-0.01798566623943881,0.96097161839978,-0.49573184323892316,0.2707373874736839,0.03148191908071249,0.23524758219718933,0.4756755232810974,-0.8475797176361084,0.00906309112906456,-0.03874076157808304,0.03620029240846634,0.3361338675022125,-0.14573070406913757,0.0798666849732399
1724162980.421702,-0.2376522109328498,0.1254557814518373,-0.016752716656838522,0.963068799560498,-0.4801974563422615,0.266629154833316,0.03085565219424306,0.23368245363235474,0.4619543254375458,-0.855564534664154,0.025346798822283745,-0.06382271647453308,0.03225799277424812,0.4630676805973053,-0.05561647564172745,0.09905548393726349
1724162980.469643,-0.22724004033148268,0.12346274845109137,-0.016652703691811946,0.9658371903923799,-0.45901551455973616,0.2605212895517202,0.026711541841968712,0.23092149198055267,0.4430657625198364,-0.8662378191947937,0.003984103444963694,-0.03044256567955017,-0.0034648070577532053,0.541710376739502,-0.15162204205989838,0.012399138882756233
1724162980.483,-0.21850892667993213,0.12037286001536714,-0.017175235288435793,0.9682299056984424,-0.4414695907728419,0.2521778309510224,0.02139905271264193,0.22559131681919098,0.4272686243057251,-0.8755284547805786,-0.01054337341338396,0.027612775564193726,-0.05545751750469208,0.3205544352531433,-0.16227193176746368,0.004155775997787714
1724162980.5220041,-0.21395984749238664,0.11695607588167667,-0.016188181785622303,0.9696805446419902,-0.43204857987293344,0.2445744050485481,0.020541997719869347,0.21989281475543976,0.41873201727867126,-0.8810849189758301,-0.004215674474835396,0.019691091030836105,-0.06528224050998688,0.172886922955513,-0.17131370306015015,0.057477694004774094
1724162980.575622,-0.21133526964732902,0.11524793068196314,-0.014008541758137719,0.9704941446295522,-0.42621588431268576,0.2415118835775157,0.023638249558224234,0.21777388453483582,0.4134281873703003,-0.8841106295585632,-0.010370738804340363,0.02899271994829178,-0.04151037707924843,0.0808689072728157,-0.062151167541742325,0.17499862611293793
1724162980.586834,-0.2103138044869673,0.11580069058663453,-0.009078479525937891,0.9707089122134426,-0.4229031412453524,0.2447868624267342,0.03409345756154134,0.2209988534450531,0.4104095697402954,-0.8847166299819946,-0.0006607696413993835,0.013348480686545372,-0.01895398646593094,-0.012441905215382576,0.04452728107571602,0.29524290561676025
1724162980.678128,-0.21011006556609357,0.11914096695129645,-0.0036453483132354554,0.9703843904651289,-0.4209675009067159,0.254400338742457,0.04712046710189954,0.2296932190656662,0.4086436927318573,-0.8833183646202087,0.006346091628074646,-0.006475514732301235,-0.007096163462847471,-0.021649863570928574,0.17864809930324554,0.28153982758522034
1724162980.690857,-0.21008892909219756,0.12332926553808818,0.00033473605343365374,0.9698723452883867,-0.4196450421072424,0.2652083094736989,0.05748631953723682,0.23936793208122253,0.4074363112449646,-0.8813050985336304,0.021014349535107613,-0.008467759005725384,0.0008512082858942449,-0.022604046389460564,0.2082265019416809,0.17359693348407745
1724162980.7509809,-0.21007399625491477,0.1272657989406168,0.0018771265246851434,0.9693650945032996,-0.41894729110766005,0.2743856165188507,0.0625570572590739,0.24752271175384521,0.4067990183830261,-0.879344642162323,0.0022660414688289165,0.0028696733061224222,0.010696838609874249,-0.0216068085283041,0.12650159001350403,0.06871050596237183
1724162980.7945251,-0.21033641048330987,0.12941238100545085,0.001876429837924491,0.9690239456204311,-0.4193385161238785,0.2790716391680937,0.06362900473546762,0.25159674882888794,0.407156378030777,-0.8780220746994019,0.0004483578959479928,0.014391839504241943,0.013340099714696407,-0.034660860896110535,0.04650401324033737,0.000751071609556675
1724162980.808237,-0.2114187324446369,0.1300303572114618,0.001400050570225116,0.968706454108407,-0.4216223691687962,0.280410969343703,0.06327382774263592,0.25251448154449463,0.40924128890037537,-0.8767884373664856,0.009684909135103226,0.014229497872292995,0.007771615404635668,-0.06706812977790833,0.028236158192157745,-0.02849411964416504
1724162980.846998,-0.212814160097971,0.1305307046114974,0.0004895840729054264,0.968334402673173,-0.42467287230882916,0.281365100085733,0.06205404803402591,0.2530031204223633,0.41202273964881897,-0.8753437399864197,0.007727309130132198,0.009057207964360714,0.009128130041062832,-0.04860939830541611,0.04250199720263481,-0.05994676798582077
1724162980.900593,-0.2141213695637674,0.13097587300574903,-0.0006113215602847746,0.967985984868774,-0.42760551694226284,0.2820942013561048,0.06037546355826654,0.2533038258552551,0.41469311714172363,-0.8739947080612183,0.01144031435251236,0.010004408657550812,0.007552522234618664,-0.037525519728660583,0.04317525401711464,-0.06247541680932045
1724162980.912749,-0.215185929095817,0.13164963446158098,-0.001883291314907114,0.967656854159821,-0.4300850931106861,0.28318945927187594,0.058358317967179926,0.2539728283882141,0.416948139667511,-0.8727267980575562,0.010929719544947147,0.005079809110611677,0.007020419929176569,-0.03541786968708038,0.023563973605632782,-0.07656154036521912
1724162980.954352,-0.21616172607095616,0.13192097906209604,-0.0030534795792908497,0.967399414560295,-0.4323823484505467,0.283437166643445,0.05633634957965718,0.25392046570777893,0.4190351068973541,-0.8717419505119324,0.013559214770793915,0.0013047232059761882,-0.0035790542606264353,-0.02478218264877796,0.018526041880249977,-0.05089496076107025
1724162981.0569959,-0.21644775840773905,0.1322015830411565,-0.004458152910416304,0.9672916685740145,-0.4333516348074083,0.28345817836719983,0.05358090302943579,0.2538250684738159,0.41991499066352844,-0.8713462352752686,0.013999871909618378,-0.0010328234639018774,0.0015015896642580628,0.012207906693220139,0.009133429266512394,-0.07832162082195282
1724162981.069531,-0.21645538209182752,0.13244107692608978,-0.0061508775317997005,0.967247891658444,-0.4338434526554611,0.2832018027442281,0.05009642443489371,0.2535439133644104,0.4203612804412842,-0.8712128400802612,0.005597116891294718,0.004675137810409069,0.006921331398189068,0.012362148612737656,0.009067205712199211,-0.06710302829742432
1724162981.105627,-0.21610171276190104,0.13265973777196158,-0.007709328555267806,0.9672858573762358,-0.43356619740629565,0.2828934308832405,0.046764140616357114,0.2533077597618103,0.42010968923568726,-0.87140291929245,0.006070926319807768,0.006707397755235434,0.001996329054236412,0.025194372981786728,0.019321121275424957,-0.04885711520910263
1724162981.116551,-0.21562874044849928,0.13291299841693366,-0.00869232430115764,0.9673483181220351,-0.43287994852327183,0.28290433738667853,0.04463305514822769,0.25339770317077637,0.4194868505001068,-0.8716767430305481,0.0043594068847596645,0.0021892411168664694,-0.002937296638265252,0.02919742651283741,0.016519533470273018,-0.04110792279243469
1724162981.159298,-0.21524447714181888,0.13317176297752928,-0.00938630876465323,0.9673918454203408,-0.4322902724297076,0.2830776893293508,0.04315008974508166,0.2536178529262543,0.41895148158073425,-0.871870219707489,-0.0011605473700910807,-0.00034884712658822536,0.006134498864412308,0.018949944525957108,-0.028134861961007118,-0.01946849934756756
1724162981.210607,-0.2151927277053689,0.1336764840504509,-0.009960688132819428,0.9673279954699812,-0.43232929543807963,0.28390107858925856,0.04215150671420791,0.2543310821056366,0.4189869165420532,-0.8716453909873962,8.067116141319275e-05,-0.0058509064838290215,0.0003043845063075423,0.0034892591647803783,0.013435601256787777,-0.030911700800061226
1724162981.223419,-0.2155500848680486,0.13369684707928192,-0.010656495041856145,0.9672381538735736,-0.43325361122590145,0.28369090984707657,0.0408022072645556,0.25403934717178345,0.41982603073120117,-0.8713266253471375,-0.00045545841567218304,-0.0027562533505260944,-0.002730276668444276,-0.017319388687610626,0.023312784731388092,-0.0485890731215477
1724162981.265668,-0.21605482116385338,0.13391690888286445,-0.011752098215378216,0.9670824209097497,-0.4345841558426939,0.28375566815052033,0.03874678543792012,0.2539391815662384,0.42103326320648193,-0.8707731366157532,-0.00016545073594897985,-0.008675203658640385,-0.0037893056869506836,-0.012265625409781933,0.03620767220854759,-0.06524407118558884
1724162981.319438,-0.21598567361414303,0.13395732664150542,-0.013456747865523446,0.967069998898897,-0.43493537082852884,0.28304537279917924,0.03511427126998915,0.25327929854393005,0.4213517904281616,-0.8708112239837646,0.0027357423678040504,-0.015475083142518997,0.0025913002900779247,0.03855520859360695,0.0164143405854702,-0.12080502510070801
1724162981.373026,-0.21514847658951067,0.1337258100892074,-0.01576632252678919,0.9672537361495878,-0.43391154436100937,0.28133526139136966,0.029808117549126524,0.25190937519073486,0.42042306065559387,-0.8716570734977722,-0.0029379369225353003,0.00607770262286067,-0.0014538788236677647,0.048779405653476715,0.0042172325775027275,-0.08225378394126892
1724162981.3847961,-0.214279825501046,0.13387330599661554,-0.01703798010004037,0.9674046709494658,-0.43251162867982024,0.28092826499806695,0.02688618642750605,0.25171753764152527,0.41915246844291687,-0.8723241686820984,-0.004557534586638212,0.006620232481509447,-0.0031285760924220085,0.037357691675424576,0.006509809289127588,-0.03515860438346863
1724162981.429535,-0.21390222135234643,0.13398496290174502,-0.017647490834665384,0.9674617980079687,-0.43191802340144836,0.28083030779474405,0.025518869358424505,0.2517009973526001,0.418613463640213,-0.8725877404212952,-0.009126278571784496,0.0044990344904363155,0.001172134536318481,0.008586039766669273,-0.021781397983431816,-0.007387331686913967
1724162981.480535,-0.21397081618486047,0.13373918523436554,-0.017495171831540337,0.9674834021100068,-0.4320199393768385,0.28037741705487607,0.0257482765973812,0.25129395723342896,0.4187059998512268,-0.8726606369018555,-0.004587136209011078,-0.0035673677921295166,0.001572158420458436,0.01283932477235794,-0.0013816703576594591,0.007636088877916336
1724162981.5318809,-0.21379586817957724,0.13359640378442258,-0.01746686824659694,0.9675423538584537,-0.43166112976848603,0.28005220294406563,0.025683289483696928,0.251051664352417,0.41838014125823975,-0.8728866577148438,-0.0021153916604816914,0.0007117295172065496,-0.0045571657828986645,0.00834411010146141,0.0001116479397751391,0.012467175722122192
1724162981.5372128,-0.213657973489229,0.1337332898330035,-0.017786650526452872,0.9675480441739847,-0.4314694629079901,0.28018098437882083,0.025023181507639176,0.2511862516403198,0.41820603609085083,-0.8729313611984253,0.0021337426733225584,-0.0014357229229062796,-0.0030981129966676235,0.003878330811858177,0.0031119154300540686,-0.028937794268131256
1724162981.584306,-0.21360508134020414,0.13421897869944377,-0.018672235084727786,0.9674757979190606,-0.43160354096891346,0.2808220481649388,0.02335336301191139,0.2517302632331848,0.41832783818244934,-0.8727162480354309,0.0,0.0,0.0,0.011429930105805397,0.038461457937955856,-0.04073410853743553
1724162981.651897,-0.21341224271498088,0.13498902546291552,-0.01986899152098883,0.9673873590594798,-0.431538556176148,0.28191646257474723,0.02111145182047286,0.2526927888393402,0.4182687997817993,-0.8724663853645325,-7.352902321144938e-05,-0.003614516695961356,-0.0005303769721649587,0.020259017124772072,0.04717663303017616,-0.051005054265260696
1724162981.698267,-0.21318316578932422,0.13571436330052303,-0.02112201846080574,0.9673098542260854,-0.43142040022049455,0.28288326949494136,0.01871693703855457,0.2535499632358551,0.4181614816188812,-0.8722690939903259,-0.001773797906935215,0.0027789196465164423,-0.002509458689019084,0.013405922800302505,0.04507992044091225,-0.03936207294464111
1724162981.743052,-0.21298534127454927,0.13648404699022412,-0.02210694672565956,0.9672231134835444,-0.4312901759915425,0.28407452508896597,0.016924017415237348,0.25460413098335266,0.41804319620132446,-0.8720186948776245,-0.0022511992137879133,0.004394289571791887,-0.0026633755769580603,0.004988407716155052,0.047864243388175964,-0.021208131685853004
1724162981.7562099,-0.21280154512091293,0.13743201578480416,-0.022793934395438333,0.9671133816874053,-0.43110139153484134,0.28579181355039607,0.01585400120827813,0.25612351298332214,0.4178716838359833,-0.8716558814048767,-0.0015057330019772053,0.0012315930798649788,-0.0009921279270201921,0.01378079317510128,0.05802740529179573,-0.016168519854545593
1724162981.801913,-0.21266467405794146,0.13821287196225585,-0.02329497622843856,0.9670202588486204,-0.4309580299976856,0.2872385347690911,0.015115122687561926,0.2574012577533722,0.41774141788482666,-0.8713418841362,0.0015057330019772053,-0.0012315930798649788,0.0009921279270201921,0.008954677730798721,0.042170315980911255,-0.018916042521595955
1724162981.853074,-0.21262806798404246,0.13884605806866057,-0.023941304695210185,0.9669218192425708,-0.43106404662817466,0.2883137319890932,0.014030283670704954,0.25832536816596985,0.4178377389907837,-0.8710221648216248,-0.0017518133390694857,0.000577459461055696,0.005298012867569923,-0.005758500657975674,0.0048565128818154335,-0.017913930118083954
1724162981.865497,-0.21277946444919602,0.13909522153017684,-0.024346657012674147,0.9668425505228867,-0.431486465401623,0.28869298171615104,0.0133372274068901,0.258605420589447,0.41822150349617004,-0.8707548379898071,-5.51363336853683e-05,-0.0021683466620743275,0.002198175061494112,0.0031880426686257124,0.010613121092319489,-0.022423386573791504
1724162981.9044871,-0.21254731809425875,0.13939032026726816,-0.024892967507776382,0.9668372329931175,-0.43117329392359427,0.2890500389312227,0.012239684277085749,0.25895363092422485,0.4179370105266571,-0.8707879781723022,0.0012963964836671948,-0.0011635497212409973,0.002355541568249464,0.018760034814476967,0.02142864651978016,-0.01917329989373684
1724162981.959404,-0.2127597014939914,0.13993109991284275,-0.02531870424295731,0.9667013239161028,-0.4317225459752355,0.29006262899060314,0.011662462325261634,0.2597695589065552,0.4184359312057495,-0.8703051805496216,0.003294290043413639,-0.0010868757963180542,-0.009232611395418644,-0.030085058882832527,0.03481946140527725,-0.024543292820453644
1724162982.045696,-0.21353789531769835,0.14032017284751044,-0.025187355660970204,0.9664767918600153,-0.4332551717386704,0.29108571894911184,0.012386070858298244,0.2604754567146301,0.4198274314403534,-0.8694236278533936,0.011494850739836693,-0.01619221642613411,-0.013514931313693523,-0.011824285611510277,0.06657542288303375,-0.02052648924291134
1724162982.058549,-0.2125556898797804,0.1414421025586138,-0.025697714871887687,0.966516283532777,-0.4314039663645173,0.2931431234805737,0.011508799574568155,0.2624877989292145,0.418146550655365,-0.8696284294128418,-0.0010135308839380741,0.004710023291409016,-0.0031885781791061163,0.0690605565905571,0.059890374541282654,0.04258830472826958
1724162982.065783,-0.21085060124756524,0.14357338369511607,-0.02496164413556056,0.9665947631504046,-0.42770302107690283,0.2978474441833948,0.013506507583580647,0.26702821254730225,0.4147818386554718,-0.8698574304580688,-0.0033198664896190166,0.0069359662011265755,-0.0036537786945700645,0.0722857192158699,0.09075712412595749,0.10869266837835312
1724162982.1084452,-0.208864920757416,0.14622175032280513,-0.023976566346275707,0.9666538594834175,-0.42334445802122955,0.3037268468279981,0.016153804735045407,0.27267590165138245,0.4108119606971741,-0.869989275932312,-0.002262408146634698,-0.004347140900790691,0.004765911027789116,0.08830581605434418,0.10294351726770401,0.06297986954450607
1724162982.148637,-0.20737614072922517,0.14860621537383062,-0.02307139062092165,0.9666327797996843,-0.42001073477632606,0.3090594821369335,0.0186539457989439,0.27772635221481323,0.4077702462673187,-0.8698226809501648,0.0025080135092139244,-0.0168532095849514,0.0012261619558557868,0.0815558135509491,0.11247876286506653,0.06006866320967674
1724162982.176913,-0.20570675081512685,0.15046268336947824,-0.02380282180452001,0.9666845586958042,-0.41683660007720846,0.3124922278457246,0.017370936800704895,0.281107097864151,0.404869943857193,-0.870091438293457,0.0009507360518909991,-0.021437592804431915,0.007511128205806017,0.08080582320690155,0.07356280833482742,-0.04862142726778984
1724162982.258309,-0.2044382974699399,0.1509065492924292,-0.02586741844263322,0.9668313763514811,-0.41492560233913345,0.3123559731537791,0.012766931230862167,0.2812258005142212,0.40312185883522034,-0.8708643913269043,0.013955428265035152,-0.018484387546777725,-0.0018311392050236464,0.09099376201629639,0.08048069477081299,-0.14393001794815063
1724162982.300853,-0.20351142793268465,0.151415328822068,-0.02809255998754014,0.9668852985930159,-0.41375653509528426,0.3123534159608764,0.007978238629548388,0.2813681960105896,0.402051717042923,-0.8713129758834839,-0.006522276438772678,0.010913364589214325,-0.0015460689319297671,-0.007227015215903521,0.028664765879511833,-0.036114998161792755
1724162982.313266,-0.20378643250061332,0.1515782603232914,-0.028414127656172107,0.9667924546632871,-0.4144125750416858,0.31260774375354067,0.00747047424791137,0.28150859475135803,0.4026522934436798,-0.8709902763366699,0.00030840036924928427,-0.004472780041396618,0.0016695228405296803,-0.060487519949674606,-0.0016706481110304594,0.008982567116618156
1724162982.361727,-0.2057506759484609,0.15111244591282863,-0.027877659430745758,0.9664649111053978,-0.41821171654699046,0.3121269861597866,0.009080082318551353,0.2806180417537689,0.4061269462108612,-0.8696633577346802,0.0054827360436320305,-0.02003857120871544,0.008137144148349762,-0.14939457178115845,-0.05352918058633804,0.0007178840460255742
1724162982.390421,-0.20924746006481537,0.149678883178848,-0.02763216118098861,0.96594413046106,-0.4252127696242309,0.309660547893136,0.010162746530604663,0.27759894728660583,0.4125146269798279,-0.8676234483718872,0.010748950764536858,-0.032713841646909714,0.00747986463829875,-0.19832879304885864,-0.08806247264146805,-0.07362055778503418
1724162982.424123,-0.2134437552859926,0.14735506083523667,-0.028396221965427442,0.9653609608367081,-0.43396238354897326,0.30490942713774494,0.008904301796701111,0.27237963676452637,0.42046919465065,-0.8654565215110779,0.01205296441912651,-0.021488331258296967,-0.002672799862921238,-0.24230508506298065,-0.12428776174783707,-0.11913429945707321
1724162982.456877,-0.21899766280207927,0.1439164753027648,-0.02975141587104648,0.9645946742217744,-0.44565765792585144,0.2976287578457015,0.006249024173050957,0.264611154794693,0.4310514032840729,-0.8626561760902405,0.010617168620228767,-0.012994591146707535,-0.008213469758629799,-0.330044150352478,-0.17208902537822723,-0.1875770092010498
1724162982.5066872,-0.22680456733427565,0.13912011786192824,-0.031777642918938184,0.9634289761073276,-0.4621370525434499,0.2873122819114079,0.002094905731627961,0.25365006923675537,0.4458619952201843,-0.8584105968475342,0.002684673061594367,0.0005634240224026144,-0.0024138190783560276,-0.47157999873161316,-0.25581175088882446,-0.2554921507835388
1724162982.593045,-0.23818528286123297,0.1320002237123612,-0.03359618248620873,0.9616209694104462,-0.4858467971307451,0.27234622685073234,-0.001959297205952373,0.23786412179470062,0.46695733070373535,-0.8516874313354492,-0.002412541303783655,0.016096102073788643,-0.003272144589573145,-0.6829919815063477,-0.40801742672920227,-0.2677654027938843
1724162982.606275,-0.2550036834105946,0.12202910967993352,-0.03330901146625527,0.9586305042124141,-0.5201818669292665,0.2527297888487061,-0.0018742318885265302,0.21697381138801575,0.49703797698020935,-0.840164065361023,-0.012141252867877483,0.014950176700949669,0.014876619912683964,-1.0078729391098022,-0.5982089042663574,-0.17805297672748566
1724162982.6260161,-0.2744209170037753,0.10793443346116056,-0.03082243619192196,0.9550357282130331,-0.5595644964984282,0.22520123444337312,0.00043172003316391326,0.18924583494663239,0.5308171510696411,-0.8260866403579712,0.013867697678506374,0.0011722692288458347,0.018858131021261215,-0.9215701222419739,-0.7332654595375061,-0.1902378499507904
1724162982.6561708,-0.29238619552992495,0.09459223968836276,-0.024993184962684205,0.9512822124757492,-0.5956076756398818,0.20110020175803292,0.009378868166984036,0.1653524935245514,0.5610119104385376,-0.8111252188682556,-0.008710121735930443,0.05823003500699997,-4.6545814257115126e-05,-0.9975120425224304,-0.7359949350357056,0.11580018699169159
1724162982.711755,-0.31290845045761434,0.08131588174089213,-0.015106594313731155,0.9461752682619539,-0.6367547328736111,0.18060572313760317,0.027741196992173478,0.1444241851568222,0.5945892930030823,-0.7909520864486694,-0.004326213616877794,0.0043507288210093975,0.0033154815901070833,-1.1216251850128174,-0.8227178454399109,0.12345526367425919
1724162982.740913,-0.3336859738350928,0.0662065402487776,-0.007690957874700439,0.9403250183782673,-0.6797066839086908,0.15410002986813792,0.038222248804404536,0.11937858909368515,0.6285649538040161,-0.7685407400131226,-0.029284372925758362,0.038165438920259476,-0.004302559420466423,-1.1189155578613281,-0.8583858013153076,-0.011445799842476845
1724162982.790735,-0.35558235243474595,0.05140301651928484,0.0009741878292256625,0.9332298135353443,-0.7255940243646024,0.12953420820718617,0.05131782863400967,0.09663444757461548,0.6635800004005432,-0.7418378591537476,-0.04085690155625343,0.028195958584547043,-0.004882371053099632,-1.2003507614135742,-0.8213002681732178,0.19663307070732117
1724162982.821641,-0.37538360870442383,0.03668318440130298,0.010144894534824924,0.9260876951745367,-0.7677691933586817,0.10521718642334395,0.06444086355094238,0.07556013017892838,0.694532036781311,-0.7154829502105713,-0.018766701221466064,0.009891262277960777,0.007117078639566898,-0.8895241618156433,-0.7735293507575989,0.15523795783519745
1724162982.8631968,-0.39021355972935234,0.024152300039594187,0.019445653171635564,0.9202020403237368,-0.7997922192174621,0.08566896069166294,0.0784855513223216,0.05962589010596275,0.7172113656997681,-0.69430011510849,-0.06364086270332336,0.06415998190641403,0.015705158933997154,-0.7399182319641113,-0.791755199432373,0.4169394075870514
1724162982.9035711,-0.4004696341783102,0.01293692920508751,0.041413314336656064,0.9152822423316802,-0.8212733854655297,0.08354394439142616,0.12682252622807627,0.05685141310095787,0.732014000415802,-0.678913414478302,-0.011467932723462582,0.07156625390052795,-0.031212979927659035,-0.5497463941574097,-0.8677448630332947,1.099043607711792
1724162982.932389,-0.40964728363957204,0.008749799351214472,0.06973650918875464,0.9095324503638096,-0.8389690961725186,0.10953935055955637,0.2019351137402364,0.07305117696523666,0.7439546585083008,-0.6642251014709473,0.006158181466162205,-0.03480374068021774,-0.006410726346075535,-0.4789498746395111,-0.691925048828125,1.1137295961380005
1724162982.9703,-0.4150856144191465,0.00301910758993574,0.09240876730761612,0.9050720278394139,-0.8492826508280917,0.12474019766046297,0.2599564948571037,0.08218009769916534,0.7508068084716797,-0.6553896069526672,0.00992636475712061,-0.02951803058385849,0.00019932090071961284,-0.2714341878890991,-0.7024651765823364,0.7684006094932556
1724162983.014086,-0.41904239981478714,-0.000738964643510948,0.11061626494181738,0.9012030023700662,-0.8563376335193067,0.13991377610350722,0.30820411548042814,0.09137387573719025,0.755448043346405,-0.6488058567047119,0.027800068259239197,-0.06533011794090271,0.002632454503327608,-0.20737093687057495,-0.42661574482917786,0.6021918058395386
1724162983.0478048,-0.41818547832513775,-0.00527513839959568,0.11936801990749502,0.900468916246541,-0.8547173633028212,0.13805448321007444,0.32654042524545757,0.09033572673797607,0.7543854713439941,-0.6501861214637756,0.0021807868033647537,-0.03351091966032982,0.019494131207466125,0.20832282304763794,-0.3826129734516144,0.07206473499536514
1724162983.1041632,-0.4120327496064255,-0.010107196964705217,0.13007256586680416,0.9017804753791566,-0.8416681563195858,0.1339285866236237,0.3465180577630476,0.08895935118198395,0.7457555532455444,-0.6602537035942078,-0.027144497260451317,0.1510351449251175,-0.02219749428331852,0.15841981768608093,-0.3611792027950287,0.8607348799705505
1724162983.16988,-0.40886703009143976,-0.005144426013150161,0.1500014954168791,0.9001670313701216,-0.8295692272950589,0.16875110922837214,0.4046892213214921,0.11339962482452393,0.7376406192779541,-0.6656025648117065,-0.004146478604525328,-0.00590491434559226,0.006652802228927612,0.20837029814720154,-0.20472219586372375,0.9599214196205139
1724162983.1820989,-0.40499537937322744,-0.00041342717947140064,0.1643681740337262,0.8994228993968708,-0.8163635611239305,0.1945342902050707,0.4458544924057098,0.1323929876089096,0.7286601662635803,-0.6719571352005005,0.045138031244277954,-0.08053338527679443,-0.031018946319818497,0.3042607307434082,0.09285808354616165,0.5512995719909668
1724162983.2831988,-0.39775459812138975,0.005901923633232085,0.16520483458114335,0.9024764441837719,-0.7980243713574596,0.20494123841625608,0.44876391221345135,0.14207464456558228,0.7159782648086548,-0.6835128664970398,0.016587523743510246,-0.07178623229265213,0.0068289004266262054,0.5496885776519775,0.2506244480609894,-0.11556877195835114
1724162983.296496,-0.38702622065396125,0.010126551373202591,0.16006252489014344,0.9080132467904736,-0.7748488850454361,0.20047458367576712,0.4310024791154191,0.14228685200214386,0.6996081471443176,-0.7002162933349609,0.010804562829434872,-0.008691010065376759,-0.007000523619353771,0.6585796475410461,0.19551557302474976,-0.22620190680027008
1724162983.298668,-0.37588356926049904,0.015243806659088683,0.1555731629338424,0.9133871471791075,-0.7503726650627043,0.19928600250195264,0.4161203492299012,0.1448017656803131,0.6819114089012146,-0.7169583439826965,0.0227150097489357,0.0026529631577432156,-0.030219584703445435,0.6015095114707947,0.28426772356033325,-0.09670072048902512
1724162983.347902,-0.36514455961361064,0.020596044715380114,0.1526732904493821,0.91811549677397,-0.7264242575317932,0.20109020334943364,0.4062143399812754,0.14931471645832062,0.6642008423805237,-0.7324904799461365,-4.3885898776352406e-05,0.008743247017264366,0.005152719095349312,0.6380628347396851,0.11910617351531982,-0.022690868005156517
1724162983.376769,-0.3550366208864656,0.025057617942380265,0.15355664143851108,0.9218141405994073,-0.7034598007484738,0.20498835989143832,0.4055878509770541,0.15523338317871094,0.6468600630760193,-0.7466422319412231,-0.010980188846588135,0.03932367265224457,0.006843739654868841,0.5228819251060486,0.06544571369886398,0.25468310713768005
1724162983.407939,-0.34733587604180216,0.029446681258247828,0.16017893668969674,0.923489729490286,-0.6842457837934288,0.21544534829926787,0.420467941331585,0.16565918922424316,0.6320887804031372,-0.756981372833252,-0.009177222847938538,0.027048029005527496,0.027318507432937622,0.37738609313964844,-0.05521233007311821,0.49297451972961426
1724162983.4590368,-0.3420245884707569,0.032807708685059646,0.17018860059852797,0.9235683899013268,-0.6695066344924643,0.22771391696270074,0.443968373236965,0.1770176887512207,0.6205992102622986,-0.7638856768608093,0.0008629642543382943,-0.003951100632548332,0.017816567793488503,0.2449953258037567,-0.1202862486243248,0.5304540991783142
1724162983.515537,-0.3385823311664735,0.03477087093180451,0.1808675904051498,0.9227349559524799,-0.6589229780792347,0.2383149875247152,0.4689445898168092,0.1866457164287567,0.6122657060623169,-0.7683059573173523,0.020445028319954872,-0.011913075111806393,-0.0025616372004151344,0.1496845781803131,-0.11180036514997482,0.5433757305145264
1724162983.5806398,-0.3371944053237014,0.03625398112541424,0.18997905744273486,0.9213541800050965,-0.6530050677168737,0.24794978715145688,0.491035123475727,0.1949252486228943,0.6075759530067444,-0.7699711918830872,0.018171843141317368,-0.005317325703799725,-0.01303248479962349,-0.004667406436055899,-0.14163020253181458,0.3868662118911743
1724162983.585647,-0.33838145337813125,0.03801426218363888,0.19640682845746898,0.9194983461992621,-0.6527204278441531,0.2581707805147336,0.5086927748379063,0.20282894372940063,0.6073498725891113,-0.7681058049201965,0.01597885601222515,-0.02642696537077427,-0.01091673318296671,-0.05566862225532532,0.025516318157315254,0.2545809745788574
1724162983.6154342,-0.33778073647307055,0.03986396837170211,0.19879234957949918,0.9191281278751586,-0.6498641447916764,0.263768245917433,0.5153209424859779,0.20757663249969482,0.6050782799720764,-0.7686300873756409,0.014553835615515709,-0.02887611649930477,-0.0012206453830003738,0.078498475253582,0.03192692995071411,0.09159832447767258
1724162983.6454349,-0.33529712981419807,0.043301345629895044,0.1982778746778735,0.9199926808117697,-0.6432141560277258,0.26897159104644974,0.5146459072644366,0.21263782680034637,0.5997704267501831,-0.7714016437530518,0.026317309588193893,-0.020420851185917854,-0.004732798784971237,0.18978111445903778,0.18279282748699188,-0.045734506100416183
1724162983.706574,-0.333169318384237,0.04722496918801423,0.1954501156075273,0.9211770804619912,-0.6377081963498735,0.2737889357866315,0.5090364323803204,0.2172410637140274,0.5953556299209595,-0.7735360264778137,0.006258320063352585,0.011010977439582348,0.003209274960681796,0.047241538763046265,0.2187783122062683,-0.1057884618639946
1724162983.764005,-0.33488054149451874,0.04991762376726114,0.19279936396227956,0.9209731686266894,-0.6404842854202718,0.27933998845212493,0.5059109227653974,0.22107508778572083,0.5975838303565979,-0.7707265019416809,0.0003380851703695953,0.010055145248770714,0.01773644983768463,-0.15121078491210938,0.19335928559303284,-0.17835743725299835
1724162983.769463,-0.34030806783011974,0.05048970529355156,0.18994718441382502,0.9195440267464405,-0.6518721685576223,0.28320490226343253,0.5036943200171471,0.22213612496852875,0.6066757440567017,-0.7632824182510376,-0.016951968893408775,0.03255186229944229,0.028648007661104202,-0.38200652599334717,0.04898674786090851,-0.12265132367610931
1724162983.824147,-0.34719681281554143,0.04841721940749235,0.18419849231165922,0.9182488294786615,-0.6684742850502666,0.27993272027838634,0.49371310973266436,0.21682435274124146,0.6197894215583801,-0.7542203068733215,-0.01733437180519104,0.011555640958249569,0.03873031958937645,-0.2641541361808777,0.0027109580114483833,-0.3666486442089081
1724162983.854056,-0.34992029778992434,0.04423998284003599,0.17815242656565783,0.9186186397892687,-0.6778550129954702,0.2675967611830853,0.4779463037486035,0.20595763623714447,0.6271237134933472,-0.7511972188949585,-0.0024047994520515203,0.03499565273523331,0.015371141955256462,0.013432459905743599,-0.09291499108076096,-0.28568121790885925
1724162983.8831248,-0.3484112624821609,0.043215230279058346,0.17387626053740363,0.9200592357966448,-0.6765283687604369,0.26029626075067436,0.4655857263387231,0.20068202912807465,0.6260898113250732,-0.7534840703010559,0.03660871833562851,0.017660463228821754,-0.021141108125448227,0.1795327067375183,0.09039486199617386,-0.25253936648368835
1724162983.938304,-0.3479391503990559,0.045353566379871944,0.16878886370357796,0.9210818085500933,-0.6759651052461955,0.26060460060484714,0.4545308089297305,0.20100519061088562,0.6256505250930786,-0.7537627816200256,-0.00818883627653122,0.0478714182972908,-0.005045348312705755,-0.02403789386153221,0.13045355677604675,-0.10532986372709274
1724162983.971113,-0.35253021382603245,0.046437034611796796,0.1661296659475961,0.9197645362839533,-0.6855003840015849,0.26474455937882535,0.452344739340783,0.20255371928215027,0.6330604553222656,-0.7471321225166321,-0.03867248073220253,-0.006792428437620401,0.030074510723352432,-0.37059277296066284,0.018961116671562195,-0.11380459368228912
1724162984.015325,-0.3589112861111853,0.04310388094332583,0.16281570120389535,0.9180499398700486,-0.7009722390188236,0.25939192809933664,0.44634035238631875,0.19601580500602722,0.6449609994888306,-0.7386494874954224,0.019664818421006203,-0.08736428618431091,0.001084077637642622,-0.1892915964126587,0.02729993499815464,-0.4151374101638794
1724162984.069138,-0.3606180461272592,0.039154662684395894,0.15606982414943144,0.9187293650739022,-0.7081096718555896,0.2453586242967348,0.4276254497368206,0.18450824916362762,0.6503990888595581,-0.7368430495262146,-0.0032646884210407734,0.01127447560429573,0.004531876649707556,-0.05355491861701012,-0.06618940085172653,-0.29310330748558044
1724162984.099146,-0.3613471989582315,0.03615991183558597,0.15241229656134864,0.919179570879609,-0.711886811952443,0.2354480147888242,0.4165212540537199,0.1766224056482315,0.653263509273529,-0.736241340637207,0.0035664213355630636,0.015572651289403439,-0.014918575063347816,-0.08220072835683823,-0.048004500567913055,-0.21167413890361786
1724162984.139617,-0.36249668561771253,0.03239049572133826,0.15017215741535767,0.9192362452357945,-0.7164503591570431,0.22523000129811727,0.4085003140301067,0.16842283308506012,0.6567119359970093,-0.7350940108299255,0.004458904266357422,0.017468824982643127,-0.022570405155420303,-0.0952766165137291,-0.11510264128446579,-0.11940135806798935
1724162984.1678538,-0.3629141767254554,0.02962453860671175,0.1487077946270435,0.9194028599151454,-0.7188476145675975,0.21751999023685276,0.4027201833421212,0.16241009533405304,0.6585178971290588,-0.7348313927650452,0.00331268273293972,0.0003592942957766354,-0.0065040597692132,0.011287572793662548,-0.09386304765939713,-0.12788179516792297
1724162984.2226892,-0.36219222519275207,0.027759518404849054,0.14664925050600483,0.9200761443292949,-0.7186206303280958,0.21054525978673305,0.3954531662172133,0.15731215476989746,0.6583470702171326,-0.7360923886299133,0.0026401872746646404,-0.01905830390751362,-0.01613037846982479,0.0372774712741375,0.03002772480249405,-0.18463338911533356
1724162984.261832,-0.36086319205466955,0.026790150129186147,0.14342010929706675,0.9211354965577141,-0.7169960303469296,0.2042132283627709,0.38566391231676445,0.15286478400230408,0.657123327255249,-0.7381200790405273,-0.012604453600943089,-0.00670562544837594,-0.006496942136436701,0.09863825887441635,-0.0050501031801104546,-0.14828041195869446
1724162984.311867,-0.3595062366258508,0.0274039462737388,0.1416561768029349,0.9219206569671006,-0.7143263179408245,0.20307941419291065,0.38092943291293946,0.1523810774087906,0.655108630657196,-0.7400085926055908,0.002853590762242675,-0.0009194916347041726,-0.024697087705135345,0.0198637954890728,0.11284486949443817,-0.06693356484174728
1724162984.3672209,-0.35968509679992494,0.027813916389297352,0.1379880655481416,0.9223947905788589,-0.7153310336453657,0.20081727359365717,0.3722638804926659,0.15057530999183655,0.655867338180542,-0.7397060394287109,0.01178079191595316,-0.040318019688129425,-0.00737066799774766,0.014920175075531006,0.09157141298055649,-0.3492189347743988
1724162984.380495,-0.360081012577187,0.02554785873178937,0.13137790153418552,0.9232706609576271,-0.7184141880118142,0.18946716876016687,0.3540223934894467,0.1417885422706604,0.6581916213035583,-0.7393779158592224,-0.011072194203734398,0.02992265857756138,-0.01718285121023655,-0.12651988863945007,0.026470227167010307,-0.20960505306720734
1724162984.421688,-0.36169946950534654,0.02340199455036432,0.12817136648416183,0.9231456796670073,-0.7232221477577742,0.18232102217238447,0.34504582218668706,0.13592591881752014,0.6618037223815918,-0.7372516989707947,0.007212522905319929,-0.02058473601937294,-0.015352169051766396,-0.05528753250837326,-0.02494998648762703,-0.21428829431533813
1724162984.460429,-0.36191629566196437,0.022981910237098203,0.12585716961463125,0.9233895909288692,-0.7242776672363773,0.17925743729390237,0.33899592229429754,0.1335420161485672,0.6625946164131165,-0.7369768619537354,-0.02281368337571621,0.019265931099653244,-0.005863226484507322,0.02473813109099865,-0.01846344769001007,0.014512358233332634
1724162984.4958658,-0.3604142613561355,0.025266551764848537,0.12742340772515157,0.923702505138879,-0.7200097631740073,0.18532088173981734,0.34409482719884543,0.13852795958518982,0.6593920588493347,-0.7389262914657593,-0.012174529954791069,0.004069880582392216,-0.006269225385040045,0.13252325356006622,0.08224744349718094,0.15473885834217072
1724162984.5261211,-0.35778905383108955,0.028419538206176913,0.12816898911184132,0.9245279922085197,-0.7132394000905021,0.19193992604558624,0.3472041477293267,0.14426422119140625,0.6542869806289673,-0.7423586249351501,0.004557493142783642,-0.008790395222604275,-0.007255254779011011,0.18915651738643646,0.17268599569797516,0.04840368032455444
1724162984.579011,-0.35469198811880626,0.03216993905930903,0.12732550667231704,0.925714195906172,-0.7056052938349336,0.19819363015251149,0.3465542843248331,0.14988300204277039,0.6484947204589844,-0.7463173866271973,-0.018031928688287735,0.022011782974004745,0.014319230802357197,0.19440744817256927,0.1330624371767044,0.062378980219364166
1724162984.6081939,-0.35191042680277834,0.035540738828352764,0.1289124238414694,0.9264325969887078,-0.6982513943280624,0.20587700420170166,0.35170038692634864,0.15658342838287354,0.64287930727005,-0.7497918009757996,-0.008754999376833439,0.021094150841236115,0.01928677037358284,0.14019854366779327,0.06363419443368912,0.18342630565166473
1724162984.669426,-0.3498039504461871,0.03821627394858543,0.13135484688463692,0.9267807118733556,-0.6923441172369077,0.21301718881835394,0.3586774436788342,0.1627330780029297,0.638343334197998,-0.7523534297943115,0.012148519977927208,-0.017905110493302345,0.01604887843132019,0.138479545712471,0.051220156252384186,0.09564802050590515
1724162984.685633,-0.34824577355476477,0.04023942882822498,0.13130812302492087,0.9272883758645144,-0.6883723069479329,0.21674709595505293,0.35929821955958524,0.16608208417892456,0.6352810263633728,-0.7542113661766052,0.0033383008558303118,-0.003319633426144719,0.01676616258919239,0.10228259116411209,0.05172253027558327,0.039703093469142914
1724162984.7406158,-0.3463652286137668,0.041443057996973044,0.13080791947656037,0.9280101534909662,-0.6841554334785679,0.2179060991420658,0.35792576126199427,0.1675337702035904,0.6320187449455261,-0.7566272020339966,0.002222114009782672,0.00944275688380003,0.005465727299451828,0.09899120777845383,0.01645648293197155,0.014377683401107788
1724162984.77163,-0.3453660638221418,0.04253417412267019,0.1308926546636223,0.9283211824882823,-0.6816645275983344,0.21989674973324877,0.3584192082196888,0.1693824976682663,0.6300864815711975,-0.7578262686729431,0.00037837919080629945,0.004959529731422663,0.0075048115104436874,0.0425507128238678,0.0075813280418515205,0.046724382787942886
1724162984.825616,-0.34503288508657626,0.04293505925759709,0.1319534955626959,0.9282763875713049,-0.6805761240976665,0.2215263245531386,0.36112135005170226,0.17076778411865234,0.6292409300804138,-0.7582177519798279,-0.012662582099437714,0.023138631135225296,0.009491591714322567,-0.034479618072509766,-0.06148053705692291,0.14326518774032593
1724162984.8566852,-0.3462836112413709,0.042891464057430786,0.1357596520266344,0.9272632530668715,-0.682256835872268,0.2255309428684898,0.3711150403519338,0.1735660284757614,0.6305462718009949,-0.7564959526062012,0.014620181173086166,-0.017966339364647865,-0.010848106816411018,-0.08862750232219696,-0.027455976232886314,0.1850145310163498
1724162984.885553,-0.34696940675003257,0.04366213732101836,0.13711169605150736,0.9267718699687626,-0.6830346581065228,0.22899851054562637,0.37546846874830614,0.17607679963111877,0.6311498284339905,-0.755411684513092,0.011322258040308952,-0.015401997603476048,-0.01707824505865574,-0.007776929065585136,0.07673221826553345,0.08590828627347946
1724162984.9608068,-0.346992503138019,0.04525729369557657,0.136290744768544,0.9268077691179001,-0.6826538838345362,0.23209898307669308,0.3747884231836052,0.1784733384847641,0.6308544278144836,-0.7550959587097168,0.014087685383856297,-0.016349153593182564,0.0015799817629158497,0.04007694125175476,0.07700648903846741,-0.0844247043132782
1724162984.972466,-0.34711978624864803,0.046624100927385,0.13463567319367012,0.9269342653295299,-0.6827898864003935,0.23402090546694587,0.37196161090672436,0.17990435659885406,0.6309599280357361,-0.754668116569519,-0.011436122469604015,0.014712934382259846,0.016395675018429756,-0.0771091878414154,0.01986664906144142,0.026339910924434662
1724162985.0184011,-0.3481339977284079,0.04635180215547329,0.1345474314335492,0.9265803716751394,-0.6850028597661948,0.23401860219268988,0.37217550724357773,0.17957839369773865,0.6326752305030823,-0.7533084750175476,-0.006512017920613289,-0.02405417338013649,0.01558907050639391,-0.05837388336658478,-0.08530712872743607,-0.03268427401781082
1724162985.0489979,-0.3492383452564901,0.042010772376954615,0.13459491634528814,0.9263648840432833,-0.6889608593712405,0.22450650065583078,0.36941375605407833,0.17184600234031677,0.6357354521751404,-0.752535343170166,0.02275123819708824,-0.020649507641792297,-0.0332479290664196,-0.11543288081884384,-0.16800862550735474,-0.16602113842964172
1724162985.081624,-0.3519559193336561,0.03651813022757114,0.13568541510331492,0.9254095334034536,-0.6964478192048138,0.21424582594571237,0.3692034500662646,0.163099005818367,0.6414967775344849,-0.7495869398117065,0.037592172622680664,-0.019091645255684853,-0.0009695821208879352,-0.23809050023555756,-0.19419831037521362,-0.06043913587927818
1724162985.136528,-0.3537786625731296,0.031507033907709966,0.13097146742986207,0.9255778257080592,-0.7031796088553932,0.199266066629417,0.35444523908636316,0.1509942263364792,0.6466463208198547,-0.7476959228515625,0.03585014492273331,-0.07533621042966843,0.03374578058719635,0.018475638702511787,-0.23826864361763,-0.6371830701828003
1724162985.173335,-0.35261813298845224,0.026805395056436598,0.1156286349400848,0.9282089296312456,-0.7054909401315774,0.1733463929808642,0.3118213650579128,0.13130749762058258,0.6484076976776123,-0.7498838305473328,0.0385943278670311,-0.04122374951839447,-0.03188704326748848,0.17409300804138184,0.21552735567092896,-1.029042363166809
1724162985.200732,-0.34958468694741385,0.025933808116144052,0.09318003099456493,0.9318987857002083,-0.7032789048511393,0.14934193249559158,0.25419633205607495,0.1134839728474617,0.6467220783233643,-0.7542359828948975,-0.022674325853586197,0.00976557843387127,-0.013061928562819958,0.3115535378456116,0.35330256819725037,-1.1742931604385376
1724162985.259015,-0.34770763175852704,0.02513750476962646,0.07519427198004944,0.9342447193650506,-0.7022116125951614,0.13039063234980372,0.20844554813983243,0.09926038980484009,0.6459076404571533,-0.7569350004196167,-0.0766507089138031,0.16243045032024384,-0.003087768331170082,-0.06205451115965843,0.2163352221250534,-0.4120304584503174
1724162985.297795,-0.3520390732059117,0.025933137261065137,0.07436195911757945,0.9326661640083657,-0.7112919418350814,0.13336930348585477,0.20872650593691716,0.1007305309176445,0.6528130173683167,-0.7507919073104858,-0.030623624101281166,0.09612152725458145,-0.005302147939801216,-0.3602944612503052,0.046965591609478,0.3340432047843933
1724162985.326892,-0.35639896169568475,0.02853874352329237,0.0810055230095009,0.9303780351656745,-0.718887579092489,0.14783156107419387,0.22933398739796754,0.1108441948890686,0.6585479378700256,-0.744330644607544,-0.005480135325342417,-0.02948818914592266,0.011122370138764381,-0.07558971643447876,-0.020285818725824356,0.2817871570587158
1724162985.382885,-0.35559818503136553,0.029851716317461405,0.0853832963546403,0.930251779356109,-0.7161614970591925,0.1547447890346903,0.24106448002696582,0.1162635013461113,0.6564940214157104,-0.7453176379203796,0.008508486673235893,-0.04143260419368744,0.009669415652751923,0.14084358513355255,-0.0005343633238226175,0.1027907282114029
1724162985.423187,-0.3517767979761979,0.029665518733628625,0.08399403223108703,0.9318358161264174,-0.7083913458870452,0.15119384929509505,0.23579274278258605,0.11438107490539551,0.650613009929657,-0.7507460713386536,0.027367668226361275,-0.020068371668457985,0.014296714216470718,0.2328130304813385,0.020107204094529152,-0.17649924755096436
1724162985.461656,-0.3476194758337866,0.029755370760617038,0.07864127716879915,0.9338580251083204,-0.7004665754139504,0.1447073527469701,0.22096652912931275,0.11024904251098633,0.6445745229721069,-0.7565506100654602,0.013254405930638313,0.0021298732608556747,-0.00016965786926448345,0.2169639766216278,0.10268934816122055,-0.2767837643623352
1724162985.490613,-0.3435980433400177,0.03123935264476829,0.07354648567031018,0.9357111080016584,-0.6924462319882269,0.14209754220855464,0.20821402919420093,0.10900285840034485,0.6384219527244568,-0.7619289755821228,-0.010197979398071766,0.0368831492960453,0.0035882608499377966,0.22493380308151245,0.12023578584194183,-0.14213651418685913
1724162985.5216808,-0.34119924398562596,0.03305599556267515,0.07196780757109512,0.936648763237408,-0.6872447131481476,0.14414010524446258,0.2050233809005375,0.11103442311286926,0.6344097852706909,-0.7649807333946228,-0.014480264857411385,0.03466079756617546,0.0121348537504673,0.08331716060638428,0.042058296501636505,0.021885020658373833
1724162985.582777,-0.34118682611908696,0.034766230431422705,0.07312239637984615,0.9365019352021665,-0.6866628328600762,0.14927257718414175,0.2092944640773112,0.11501406133174896,0.6339598894119263,-0.764765739440918,-0.018329553306102753,0.01554167177528143,0.027886463329195976,-0.0008817663183435798,-0.012991917319595814,0.13900910317897797
1724162985.612835,-0.34230322427564724,0.036263567051645816,0.07566732217983109,0.9358353089673558,-0.6882557299811171,0.15557601695345183,0.2172145144331717,0.11967577040195465,0.6351909637451172,-0.7630268931388855,0.005281016230583191,-0.0075814686715602875,-0.003007647581398487,-0.06139681860804558,0.07124841958284378,0.14509887993335724
1724162985.650162,-0.3431783695732991,0.03707165842975703,0.07734609074938721,0.935345855230012,-0.6896228162114073,0.1593762146317671,0.22235682534723916,0.12243663519620895,0.6362462639808655,-0.7617086172103882,-0.0022037215530872345,-0.007996587082743645,-0.0027371756732463837,-0.017187148332595825,0.027465324848890305,0.08132639527320862
1724162985.688043,-0.3430212024487377,0.03693323533883789,0.07819398220951128,0.9353384544457222,-0.6891817915121582,0.15970873122539136,0.22423896590260983,0.12273452430963516,0.635905921459198,-0.7619447708129883,0.005398430861532688,-0.012710198760032654,-0.007629990112036467,0.012736152857542038,-0.017353950068354607,0.0014226153725758195
1724162985.724385,-0.3425544383467029,0.03705933480386573,0.07884868675855274,0.9354495274574293,-0.6880610966520293,0.1603727919770422,0.2257473319578617,0.12335419654846191,0.6350406408309937,-0.7625661492347717,-0.00026092270854860544,-0.007918097078800201,-0.0017433230532333255,0.038164738565683365,-0.03463795408606529,0.050955887883901596
1724162985.780251,-0.34108559298897634,0.036914493067929224,0.07952816641404775,0.9359343531247566,-0.6849005130196867,0.1599500800438305,0.2266645611094466,0.12335088849067688,0.632595956325531,-0.7645958662033081,-0.0033898036926984787,-0.00032618080149404705,0.0008947635651566088,0.06698650866746902,-0.06609421968460083,0.05275416374206543
1724162985.7983189,-0.33981677750920736,0.03637299873838645,0.08098376897939846,0.9362922321198243,-0.6821255514980207,0.15932476246799204,0.22921316180721432,0.1231507807970047,0.6304444074630737,-0.7664031386375427,-0.004227191209793091,-0.0022241706028580666,-0.004035412799566984,0.020822148770093918,-0.06383634358644485,0.08332514017820358
1724162985.8591452,-0.3394833486051376,0.03575369026881371,0.08316667955736377,0.9362456428790262,-0.681208910996293,0.15955091832886048,0.2338475282494851,0.12341586500406265,0.629732608795166,-0.766945481300354,-0.0016895764274522662,-0.008889780379831791,-0.007509985938668251,-0.010145174339413643,-0.06805075705051422,0.07318498194217682
1724162985.9068542,-0.3401007533884694,0.03522744276487943,0.08503387293837317,0.935873782386901,-0.6823153695521734,0.16016685051253063,0.2381952991708013,0.12377703189849854,0.6305917501449585,-0.7661809921264648,0.003848770633339882,-0.004905522335320711,-0.013853229582309723,-0.06757631152868271,-0.03287854418158531,0.0752023234963417
1724162985.935622,-0.34160931063030153,0.035204246661704325,0.08620938046201151,0.9352174165544647,-0.6852777491325962,0.16182671908964893,0.24167784369549938,0.12474709004163742,0.6328880786895752,-0.7641274929046631,0.0070363800041377544,-0.013976721093058586,-0.013610570691525936,-0.09386371076107025,0.0109037384390831,0.02141684666275978
1724162985.967855,-0.34359582300423364,0.035871648033957884,0.08604556539749803,0.9344791332988087,-0.6892946963300742,0.1642377704480611,0.24271229645287376,0.12617239356040955,0.6359930634498596,-0.7613102793693542,0.006632465869188309,-0.010916998609900475,-0.02361794374883175,-0.1315719485282898,0.09634724259376526,-0.030605528503656387
1724162985.996875,-0.34596932936271624,0.03748907903323096,0.08453925121222984,0.9336770369161614,-0.6941191346313006,0.16797385380497623,0.2414769441352365,0.12850134074687958,0.6397086381912231,-0.7577995657920837,0.0021883207373321056,-0.025462185963988304,-0.013781735673546791,-0.09422144293785095,0.11015230417251587,-0.07592196762561798
1724162986.052993,-0.34734268503838245,0.03998094602496423,0.08132338928992988,0.9333493807240932,-0.696949298537124,0.17184860389344297,0.23638884953192743,0.1311265379190445,0.6418814063072205,-0.7555091381072998,-0.0032468955032527447,-0.01564432680606842,-0.011608850210905075,-0.05459261313080788,0.18578794598579407,-0.11138379573822021
1724162986.081843,-0.34785328700804646,0.042639226795411274,0.07732897611167235,0.9333810215585531,-0.6981019477688324,0.17502342494866938,0.22916070861348584,0.13339555263519287,0.6427648663520813,-0.7543599605560303,-0.0017886401619762182,-0.0044850436970591545,-0.010542921721935272,-0.015001514926552773,0.21482224762439728,-0.12773829698562622
1724162986.1636128,-0.3481943473315777,0.04636460353878937,0.07280280320617749,0.9334402278214879,-0.6987828408238113,0.18024770207177213,0.22149884680370832,0.1372562050819397,0.6432862877845764,-0.7532220482826233,0.005949361249804497,-0.01071105245500803,-0.006945696193724871,0.006749385502189398,0.2993824779987335,-0.19996528327465057
1724162986.1678538,-0.3488711968446337,0.05016911542247214,0.06641055882832607,0.9334675208494593,-0.7005736650558887,0.18417213957700282,0.20950175861121517,0.13999992609024048,0.6446563601493835,-0.7515438795089722,-0.0018401846755295992,-0.010301019996404648,-0.0032658278942108154,-0.009021062403917313,0.28001511096954346,-0.2923519015312195
1724162986.218307,-0.34928343001029727,0.05356193762254498,0.058486761180191325,0.9336548665276019,-0.7022736708316117,0.1856042516549503,0.19328162599104204,0.14087362587451935,0.6459550261497498,-0.7502644062042236,0.01373172365128994,-0.0038258228451013565,-0.020783402025699615,0.02579697221517563,0.36891210079193115,-0.3348099887371063
1724162986.2641048,-0.34954668846652204,0.05922976788622746,0.0485078213870951,0.933785776304635,-0.7037184281269799,0.19071257699804456,0.1740034287935357,0.14452731609344482,0.6470572352409363,-0.7486178874969482,0.004014179576188326,0.001599517883732915,-0.020447755232453346,0.007878330536186695,0.535068154335022,-0.3570450246334076
1724162986.29323,-0.35038170778461863,0.06629967616238427,0.03781654060153375,0.9334917305642192,-0.7064564680848485,0.19887293109386955,0.15450958652330224,0.15028083324432373,0.6491424441337585,-0.7456740140914917,-0.003665527328848839,-0.013338077813386917,0.0015018079429864883,0.03030308522284031,0.5306190848350525,-0.4485085904598236
1724162986.324117,-0.3505034927911044,0.07253552936928734,0.028153841844146377,0.9333237118934123,-0.7078241323139417,0.2056296929119667,0.13651756629664963,0.15513429045677185,0.6501821279525757,-0.7437717914581299,-0.024550653994083405,0.027107354253530502,0.007468248717486858,0.01541193388402462,0.4188529849052429,-0.24936403334140778
1724162986.379084,-0.35038132996135996,0.07801393502492872,0.022175088738769822,0.9330889109838726,-0.7081292626183482,0.21375089854596824,0.12679344994538685,0.16112734377384186,0.6504139304161072,-0.7422934770584106,-0.01391820888966322,0.041061047464609146,-0.015377800911664963,-0.03584454208612442,0.33526697754859924,-0.07539565116167068
1724162986.408046,-0.3526746515245487,0.08449324417545713,0.01888927170170722,0.9317320389122185,-0.7128659424517997,0.22770728278250355,0.1256414748802472,0.17077365517616272,0.6540045142173767,-0.7369629740715027,-0.033207666128873825,-0.006422688253223896,0.02320088818669319,-0.15978649258613586,0.3603682518005371,0.10157380998134613
1724162986.462878,-0.3532151440256974,0.09104815521762928,0.015130877062712982,0.9309780885486585,-0.7140712515695344,0.24079606806788661,0.12270011777589857,0.18021658062934875,0.6549158692359924,-0.7338985800743103,0.012797914445400238,-0.04867567494511604,0.0008968294132500887,0.06732343882322311,0.5661366581916809,-0.31449469923973083
1724162986.49195,-0.3545330586145704,0.09979903308897649,0.009650306931094095,0.9296521731608166,-0.7171756391867499,0.25814261019942586,0.11797426357443536,0.19239947199821472,0.6572586894035339,-0.7286929488182068,0.008551979437470436,-0.06769000738859177,0.037566572427749634,-0.02248668298125267,0.5361929535865784,-0.15192079544067383
1724162986.522851,-0.3523588906536564,0.1051696941144131,-0.0006723157465299646,0.9299365656417676,-0.7148236526063205,0.2613416493629027,0.09663294955044639,0.19512848556041718,0.6554842591285706,-0.7295650839805603,-0.016522644087672234,0.014962395653128624,0.01000644639134407,0.1530807465314865,0.336690753698349,-0.37381380796432495
1724162986.5806599,-0.35101812553522355,0.10841571112369845,-0.009134893732819047,0.9300262279814712,-0.7140408380079176,0.26132092288425723,0.0783103704924786,0.1952458769083023,0.6548928618431091,-0.7300646305084229,-0.026683839038014412,0.054737888276576996,0.0190518107265234,0.0859854593873024,0.1288992017507553,-0.26462724804878235
1724162986.6106439,-0.35115591546179736,0.10774810886581901,-0.012971355445003835,0.9300061943499475,-0.7154400489035905,0.2562418253027733,0.06834356390300972,0.19130286574363708,0.6559496521949768,-0.7301597595214844,-0.0015195012092590332,0.04418708384037018,-0.0024385254364460707,-0.02775881066918373,-0.07191130518913269,-0.27206963300704956
1724162986.663148,-0.3554998429976153,0.10445213065113182,-0.012680236719563219,0.9287349726216093,-0.7247913173626459,0.2497037623684629,0.0677913161166017,0.18500104546546936,0.662979245185852,-0.7254192233085632,-0.004899520426988602,-0.012961114756762981,0.02787359058856964,-0.2513422667980194,-0.2436847686767578,-0.03062612935900688
1724162986.6941772,-0.3616620051800016,0.09771307325482316,-0.013486126853865047,0.9270764919775961,-0.7385443256842885,0.23394963913578593,0.0618054006404702,0.1714201420545578,0.6732122302055359,-0.7193055152893066,0.0014547051396220922,0.01697707548737526,0.006370839662849903,-0.46300947666168213,-0.31135761737823486,-0.04715734347701073
1724162986.723057,-0.37058015619914714,0.09119193192891342,-0.013479556606440535,0.9242146043393441,-0.7579714168472136,0.22012131061857138,0.058791714949639085,0.1585713028907776,0.6874496340751648,-0.7087087631225586,0.011722147464752197,-0.034498412162065506,0.010516250506043434,-0.392981618642807,-0.3607410788536072,-0.18782538175582886
1724162986.760652,-0.3769083833829783,0.08625171707783783,-0.012284795192140874,0.9221441082685075,-0.7715495759926195,0.2105449119682214,0.05912966610781236,0.14981253445148468,0.6972469091415405,-0.7010014057159424,0.01894998736679554,-0.025964699685573578,-0.009084668941795826,-0.31761693954467773,-0.20697754621505737,-0.05942118912935257
1724162986.811233,-0.3816742314778941,0.08278773174282957,-0.01332791838109799,0.9204853137708477,-0.782222696506364,0.2018848803100408,0.05452713630694466,0.1422359198331833,0.7048578262329102,-0.6949419379234314,0.02218957431614399,-0.009535600431263447,-0.03878514841198921,-0.2370809018611908,-0.042972005903720856,-0.17415153980255127
1724162986.8393102,-0.38452859402340167,0.08219320003158848,-0.016609168410104236,0.9192965023969286,-0.7891033790611508,0.19766507261530616,0.046396501793437815,0.13834643363952637,0.7097219228744507,-0.6907640695571899,0.006828076206147671,0.03414061665534973,-0.016043923795223236,-0.1761193424463272,0.1434018760919571,-0.15450754761695862
1724162986.908365,-0.3862459632530881,0.08467252800781246,-0.01653472255757051,0.9183523793928673,-0.7926555647054193,0.2047820764149102,0.04993758679603536,0.1427454799413681,0.7122198939323425,-0.6872892379760742,0.051708467304706573,-0.07113232463598251,0.01009026076644659,0.16957542300224304,-0.12735259532928467,-0.4250647723674774
1724162986.9213939,-0.388470098349026,0.08956766921888504,-0.022427620753458406,0.9168236159204155,-0.7985350770940082,0.2119878508387312,0.0408054477018369,0.14681057631969452,0.7163347005844116,-0.6821372509002686,-0.0308133065700531,-0.013114145956933498,0.07566364109516144,-0.15705065429210663,0.17337872087955475,-0.10970834642648697
1724162986.977993,-0.38885765946093404,0.08888526525828772,-0.029102753962355073,0.9165381063422637,-0.8008949736781835,0.20295191761098352,0.02267206682619849,0.14029979705810547,0.717979371547699,-0.6817782521247864,-0.03170137479901314,0.018540527671575546,0.03267846629023552,0.02237541601061821,0.09032672643661499,-0.1871328353881836
1724162987.0191379,-0.3877348744335344,0.086432336334526,-0.032537509787250986,0.9171326513825089,-0.7992497901225983,0.19237697140655524,0.010531988923135149,0.13330796360969543,0.716833233833313,-0.6843822598457336,-0.03816033899784088,0.07020611315965652,0.024911463260650635,0.01269618421792984,-0.16873449087142944,-0.013411857187747955
1724162987.0590549,-0.3893761688456072,0.08331382304085143,-0.02825576286296283,0.9168677751189283,-0.8019612328558275,0.18920623358069596,0.018794817450819953,0.13077126443386078,0.7187211513519287,-0.682889997959137,0.04192284494638443,0.012278638780117035,-0.0445382334291935,-0.12832313776016235,-0.13787317276000977,0.11588167399168015
1724162987.093312,-0.3927485202133725,0.07977838413343871,-0.028069888746615434,0.915748870418098,-0.8092890148796199,0.18078423558074258,0.016313088634488472,0.124065101146698,0.7237967848777771,-0.6787680387496948,0.019732320681214333,-0.021894728764891624,0.018811343237757683,-0.15776416659355164,-0.21930618584156036,-0.2385091334581375
1724162987.1320271,-0.39827599938787317,0.07471974611400592,-0.03233208024028755,0.9136453172891708,-0.8221305760274669,0.1634813304938971,0.0006435731817418455,0.1107804998755455,0.7325977087020874,-0.6715863943099976,-0.0024685447569936514,-0.0254408847540617,0.04425811767578125,-0.27448570728302,-0.19760172069072723,-0.4169939458370209
1724162987.164604,-0.4020891285593115,0.06803241636990892,-0.03993276470060825,0.9121957796571536,-0.8315869821274623,0.13699362033615484,-0.026933206856995736,0.09200469404459,0.739001452922821,-0.667391836643219,-0.008116256445646286,0.007776967249810696,0.020049454644322395,-0.10878436267375946,-0.12315379083156586,-0.5337639451026917
1724162987.192906,-0.4030888520155293,0.06324728155868103,-0.04810615470196641,0.9117043686410244,-0.8346788155915638,0.11425159907409164,-0.0547305906543944,0.07654352486133575,0.7410809397697449,-0.6670383214950562,-0.009639473631978035,0.049101196229457855,-0.018619481474161148,0.020075740292668343,0.055027980357408524,-0.4389343559741974
1724162987.247665,-0.40379436339985825,0.06093279453008207,-0.053010091879889365,0.9112777747600892,-0.8366422661258193,0.1020384556380612,-0.07081750034124859,0.06824303418397903,0.7423977851867676,-0.6664746403694153,-0.03370969370007515,0.04475073888897896,-0.014403845183551311,-0.012516523711383343,-0.02171623893082142,-0.2386595904827118
1724162987.290711,-0.4054469446214355,0.05909612204874309,-0.05663182803223525,0.9104467475453447,-0.8404885902529591,0.09260033726176563,-0.08284083035455944,0.06168532744050026,0.7449691891670227,-0.664240837097168,-0.03690847009420395,0.04725067317485809,0.003166615031659603,-0.13438794016838074,-0.03647991269826889,-0.16430401802062988
1724162987.37223,-0.4095658668411292,0.05725129086723461,-0.05897734104081569,0.9085701132317259,-0.8495626199631878,0.0844900547550672,-0.09140800388293675,0.0557233989238739,0.750991702079773,-0.6579561829566956,-0.013106831349432468,0.029123805463314056,-0.0006679709767922759,-0.24687078595161438,0.015568762086331844,-0.13660770654678345
1724162987.385735,-0.41349448390505866,0.05633255614202134,-0.061924499331885804,0.9066499994653591,-0.8583519396841652,0.0780017837482443,-0.10067902289591614,0.05093692988157272,0.7567663192749023,-0.6516979336738586,0.0030410676263272762,0.007724414113909006,-0.0027164786588400602,-0.16060766577720642,0.08145257830619812,-0.15882690250873566
1724162987.42947,-0.41507122643298394,0.0568269235920095,-0.06670047670585086,0.9055592658185868,-0.8622735557784983,0.07313797689978448,-0.113392655449078,0.04754938185214996,0.7593239545822144,-0.6489731669425964,0.00810157973319292,-0.006360278464853764,0.013452405110001564,0.001266334904357791,0.1324097365140915,-0.2624216377735138
1724162987.4412289,-0.4146605323665337,0.05862599041871183,-0.07334529174638822,0.9051187963558709,-0.8621352704633006,0.0696613381987065,-0.12966596702274058,0.045300163328647614,0.7592340111732483,-0.6492392420768738,-0.003309090854600072,-0.004006924573332071,0.011582979001104832,0.10261724144220352,0.23553386330604553,-0.3247523605823517
1724162987.486896,-0.41145390424759115,0.06004732662499291,-0.08157785710257483,0.9057841663214339,-0.8559194050484427,0.0635778774076351,-0.15063274582266967,0.04164876416325569,0.7551739811897278,-0.65420001745224,0.005990171805024147,0.008217978291213512,-0.01907571777701378,0.20664861798286438,0.31450408697128296,-0.4134451150894165
1724162987.5405889,-0.40913359283027606,0.06205833995131595,-0.08875511981661975,0.9060247454531819,-0.8516772572605098,0.060498486293290535,-0.16785048779803502,0.039827365428209305,0.7523863315582275,-0.6575169563293457,-0.0011596803087741137,0.03901979327201843,-0.039197586476802826,0.10259713977575302,0.32717055082321167,-0.2551843523979187
1724162987.5755758,-0.40656393349455155,0.06433709199776864,-0.0956666064128323,0.9063190845990945,-0.8469487336190199,0.05866614730378323,-0.18388171881260823,0.03883067145943642,0.7492631673812866,-0.6611329913139343,-0.01634555123746395,0.05206335335969925,-0.016299577429890633,0.15899911522865295,0.2544161081314087,-0.20232397317886353
1724162987.599406,-0.4021698200318857,0.06811034566915775,-0.09926284069593293,0.9076162884041462,-0.8383688704385718,0.06554207934330478,-0.18865359079583519,0.04379506781697273,0.7435534596443176,-0.6672408580780029,-0.0351019948720932,0.026987075805664062,0.00795263983309269,0.27959224581718445,0.2648204267024994,0.04090352728962898
1724162987.66183,-0.3963691770547242,0.07109197198746672,-0.10035581016792057,0.9098164971247996,-0.8264271218365876,0.07357901254942341,-0.1874454565410043,0.04980538412928581,0.7355154156684875,-0.6756747961044312,-0.03775394707918167,0.01110913697630167,0.023026857525110245,0.25219231843948364,0.15442512929439545,0.15691998600959778
1724162987.713087,-0.3918787067893169,0.0728116623927517,-0.10018245583139901,0.9116429844179547,-0.8169999574183234,0.07933044079870288,-0.1845532612400028,0.0542377270758152,0.7290958762168884,-0.6822590827941895,-0.00043399014975875616,-0.028982359915971756,0.006975576747208834,0.22959093749523163,0.13742294907569885,-0.0009851986542344093
1724162987.7255468,-0.38885905109696595,0.07401399628200368,-0.100531514086374,0.9128000222566302,-0.8107187717269874,0.08273095522474017,-0.18386794687452673,0.05693476274609566,0.7247825860977173,-0.6866211295127869,-0.013111930340528488,-0.03713234141469002,0.010332087986171246,0.1954488307237625,0.05561526119709015,0.014642815105617046
1724162987.766845,-0.3855248838169934,0.07376341279348574,-0.10019006460081697,0.9142709293226025,-0.8034120516368124,0.08310253506524563,-0.1829791209843923,0.057627949863672256,0.7197291254997253,-0.6918590664863586,-0.01164246629923582,-0.01723162643611431,0.003968730103224516,0.17701753973960876,-0.048901885747909546,0.02822059392929077
1724162987.84696,-0.38383009101384563,0.07308120890407215,-0.09894667551991107,0.9151737862764128,-0.7994958580699508,0.08302351283001796,-0.18030540935865333,0.057806577533483505,0.7170047760009766,-0.6946672201156616,-0.0048184990882873535,-0.003468027338385582,-0.015255729667842388,0.01895643025636673,-0.06611810624599457,0.07755675166845322
1724162987.859206,-0.3837211672491272,0.07260738753652318,-0.09849373740985137,0.9153060261559519,-0.7991266368404455,0.0823028220392029,-0.17961903825965744,0.05732768028974533,0.7167473435401917,-0.6949724555015564,-0.0008047523442655802,-0.021552830934524536,-0.013037439435720444,-0.018194470554590225,-0.023016348481178284,-0.024028096348047256
1724162987.911694,-0.38469173609550567,0.07252865125131085,-0.09976255012820733,0.9147672499052029,-0.8013242699678126,0.08048575686810522,-0.18315025176659563,0.0559379979968071,0.7182781100273132,-0.693503737449646,0.003991203848272562,-0.04207815229892731,-0.014074629172682762,-0.04493646323680878,0.057378318160772324,-0.12587593495845795
1724162987.9230819,-0.3841199309533935,0.0720901941873801,-0.10397499605351289,0.914573122723183,-0.8003540067418701,0.07471314140529361,-0.19478586826282704,0.051985759288072586,0.7176027297973633,-0.694509744644165,0.004054081626236439,-0.021010257303714752,0.0023704818449914455,0.05151347443461418,0.07779040187597275,-0.26037460565567017
1724162987.960867,-0.3829240185133128,0.0713824641066739,-0.10790897747201225,0.9146744789368624,-0.7979226946999535,0.0687190327733016,-0.20588572658427895,0.04794154316186905,0.7159072756767273,-0.6965475082397461,-0.024617474526166916,-0.005656905937939882,0.029377926141023636,0.07286258786916733,-0.07360358536243439,-0.15581145882606506
1724162988.020519,-0.3814328725960403,0.06853954711625768,-0.11112874410498896,0.9151292431321816,-0.7942728149096824,0.058064250104464143,-0.21732756575382012,0.04066876322031021,0.7133541703224182,-0.6996225714683533,-0.004017338156700134,0.021732432767748833,-0.0072972094640135765,0.058231111615896225,-0.06871899962425232,-0.1583017259836197
1724162988.0742579,-0.3808357428076216,0.06724378283195569,-0.11317614671407396,0.9152232106208095,-0.792798510833821,0.05257512653802901,-0.22406022632182843,0.03688308596611023,0.7123202085494995,-0.7008848190307617,0.012373048812150955,0.004634803626686335,-0.0207147765904665,0.08134880661964417,0.04581158980727196,-0.11849956959486008
1724162988.0866132,-0.3790063203975444,0.06819036875530486,-0.11543842601069326,0.9156299274899253,-0.7892179840519967,0.053077826753256147,-0.2287187134879048,0.037370484322309494,0.7098026275634766,-0.7034085392951965,0.00037474563578143716,0.006436997093260288,-0.007957939058542252,0.1349109411239624,0.10067111253738403,-0.06824714690446854
1724162988.148453,-0.37701166340805453,0.06895510198860448,-0.11670800361749277,0.9162349786418346,-0.7851874538286786,0.05426103133575012,-0.23091749693713007,0.038357581943273544,0.7069578170776367,-0.7062147855758667,-0.010007509961724281,0.013514453545212746,0.011778507381677628,0.056330304592847824,0.008878786116838455,-0.007182691246271133
1724162988.153831,-0.37628704176457134,0.06876308905879658,-0.11696599083936746,0.9165144072359018,-0.7835953846628725,0.05369632905559381,-0.231679121584578,0.03801913559436798,0.7058308720588684,-0.7073593735694885,-0.0123617984354496,0.006276789121329784,0.023669321089982986,0.05306047573685646,-0.04827304929494858,-0.0020345859229564667
1724162988.2007031,-0.37567848561939615,0.06685780772930858,-0.11563883346353174,0.9170732158022572,-0.7817353896918354,0.050382549985355844,-0.23010225366291667,0.03574095293879509,0.7045121192932129,-0.7087914347648621,-0.007906402461230755,0.031733572483062744,0.016787659376859665,0.028547557070851326,-0.14219707250595093,0.14158211648464203
1724162988.2585511,-0.37480510084796254,0.06530645677671287,-0.11085768667039868,0.9181321651291341,-0.7792143639756769,0.051775250276127754,-0.21905919967826498,0.03681984916329384,0.7027207016944885,-0.7105123996734619,0.002093448769301176,0.003659893525764346,0.007133525796234608,0.1231745108962059,-0.18116499483585358,0.23220013082027435
1724162988.314189,-0.37252630828530736,0.06533063667812686,-0.10426100842394359,0.9198290570755853,-0.7739197611616974,0.05946947353463705,-0.20149288253374004,0.042506083846092224,0.6989439129829407,-0.7139121294021606,0.004553942941129208,-0.002972602378576994,-0.0019503433723002672,0.16054922342300415,-0.06276483833789825,0.35513731837272644
1724162988.3272371,-0.3690535291966289,0.06541189099122947,-0.09834538220086883,0.9218724540005516,-0.766067223281528,0.06667521447722442,-0.1856820191646513,0.04801340773701668,0.6933065056800842,-0.7190415263175964,-0.0019943849183619022,-0.008064630441367626,-0.004100589081645012,0.18287798762321472,-0.09048145264387131,0.2676181495189667
1724162988.366909,-0.3661438732449366,0.06539985494069403,-0.09357759615333044,0.9235284157797315,-0.7594579752032254,0.07214039819291992,-0.17316140166335664,0.05227150768041611,0.6885284781455994,-0.7233230471611023,0.012743686325848103,-0.009305216372013092,-0.03185325115919113,0.1275777816772461,-0.018069013953208923,0.19535870850086212
1724162988.4181619,-0.3637167516750025,0.0664206665829847,-0.09064713038229127,0.9247061435502987,-0.7541973697595955,0.07815001479918855,-0.164466862561389,0.05689942464232445,0.6847039461135864,-0.7265968322753906,0.012945880182087421,9.216376929543912e-05,-0.032990675419569016,0.10100439935922623,0.047668907791376114,0.12504513561725616
1724162988.470576,-0.36202510301599544,0.06884944457563329,-0.08829510198425361,0.9254196172137923,-0.7507788128981601,0.08695696992551316,-0.15595990949507527,0.06349915266036987,0.6822084188461304,-0.7283951640129089,0.0016343567986041307,0.00238110707141459,-0.011059501208364964,0.04609975963830948,0.07177441567182541,0.15178483724594116
1724162988.482307,-0.36075772508178044,0.07207470111071605,-0.08631403000882536,0.9258557429589409,-0.7483920210316143,0.09729618602224857,-0.14768147614407598,0.07118463516235352,0.6804613471031189,-0.7293182015419006,-0.0003711951430886984,-0.012254790402948856,0.0026530269533395767,0.04705550894141197,0.11225263774394989,0.12752825021743774
1724162988.523162,-0.3589893615593494,0.07491727650116407,-0.08542961746002427,0.926399303147845,-0.7449503293390499,0.1055799495803566,-0.14262948119482868,0.07746996730566025,0.6779353022575378,-0.7310280799865723,-0.005321826785802841,-0.011347562074661255,0.015137668699026108,0.11157551407814026,0.11262863874435425,0.08005882054567337
1724162988.6205878,-0.3562397933730436,0.07756434053993211,-0.08517503771555361,0.9272659435947606,-0.7394357826604013,0.11279256527383433,-0.1394471971177489,0.08316005766391754,0.6738711595535278,-0.7341539859771729,-0.007903369143605232,0.0018911308143287897,0.013381130062043667,0.13172338902950287,0.11609994620084763,0.07878220826387405
1724162988.634346,-0.35363772136092764,0.07996399241783782,-0.08452616372794974,0.9281171108091101,-0.7341448574402588,0.11969312574062228,-0.1355755925969458,0.08864860981702805,0.6699525713920593,-0.7370922565460205,-0.007506680674850941,0.003956505097448826,0.0028468314558267593,0.12218160182237625,0.09740311652421951,0.11042613536119461
1724162988.636672,-0.35078348014053135,0.08224613000449617,-0.08394176403515764,0.9290534215835786,-0.7282987671178374,0.1261960655694167,-0.13206055531618147,0.09393131732940674,0.6656009554862976,-0.7403730750083923,-0.0019427987281233072,-7.849041139706969e-05,-0.00099385273642838,0.1678394377231598,0.108427494764328,0.07211975753307343
1724162988.731874,-0.34772713171126063,0.08473050850375595,-0.08406093824710063,0.9299678573544607,-0.722144182061561,0.13249561945576946,-0.1301956434466579,0.09913274645805359,0.6609951853752136,-0.743813157081604,-0.0034633325412869453,-0.003940697759389877,0.0003643865929916501,0.16594506800174713,0.1396670937538147,0.046487681567668915
1724162988.737297,-0.3442329310342793,0.08697576241175654,-0.08546938428051122,0.9309316922946347,-0.7152182759655508,0.136985704039949,-0.13185061675805645,0.10309422016143799,0.6557822227478027,-0.747877836227417,0.000778617977630347,0.001207110588438809,-0.00833439826965332,0.18350093066692352,0.1804938018321991,-0.0255997683852911
1724162988.8331342,-0.34019897471598787,0.08962829083126839,-0.08797708769113709,0.9319288590927168,-0.7073909580188112,0.14150665206155708,-0.13592573155273233,0.1071949377655983,0.649852991104126,-0.7524628639221191,-0.010984339751303196,0.016776490956544876,-0.006720627658069134,0.22066067159175873,0.20449373126029968,-0.025288918986916542
1724162988.8372622,-0.3353421761107317,0.09296605418288142,-0.0897649632511763,0.9331908479999763,-0.6978433432446731,0.14841925222279168,-0.13771065532591764,0.11330617219209671,0.6425666809082031,-0.7578058838844299,-0.020154979079961777,0.008164288476109505,0.01188643928617239,0.28395354747772217,0.1847776174545288,0.01758880913257599
1724162988.8800511,-0.3305986411649883,0.09548125827980686,-0.08986901315779944,0.9346183358861729,-0.6881751522827395,0.15475333977619,-0.13617088720402137,0.11905591189861298,0.6351287364959717,-0.7631757259368896,-0.02681306190788746,0.022760214284062386,0.012234159745275974,0.1977192610502243,0.09405309706926346,0.10120700299739838
1724162988.888291,-0.3282904643344414,0.0973202044390243,-0.08819723776547529,0.9354011252953769,-0.6832712449517315,0.1607904281849657,-0.13073897577306567,0.12415822595357895,0.6313332915306091,-0.7655082941055298,-0.014826009050011635,0.010046427138149738,-0.0034772218205034733,0.08064427971839905,0.08061857521533966,0.16224317252635956
1724162988.932516,-0.3265055494196404,0.09892885505686731,-0.08694685943927644,0.9359739764478479,-0.6795004400115994,0.16583764870841994,-0.1265232258493409,0.1284123957157135,0.6284044981002808,-0.7672144174575806,-0.005718123633414507,0.00410122238099575,-0.00737790809944272,0.09647335112094879,0.08997885882854462,0.09985469281673431
1724162988.984336,-0.32423126147769493,0.10064174361461128,-0.08694143714794629,0.9365823256792521,-0.674924553726702,0.17006560688215971,-0.12532649915959349,0.13214027881622314,0.6248384118080139,-0.769490659236908,0.009776230901479721,-0.009074787609279156,-0.007838734425604343,0.16148629784584045,0.12669144570827484,-0.026294775307178497
1724162988.996707,-0.32139426332168214,0.10276526182630397,-0.08821655698747079,0.9372101095057949,-0.6694554955256846,0.17421282726635492,-0.12697143963499283,0.1359206885099411,0.6205590963363647,-0.772290050983429,-0.0015057330019772053,0.0012315930798649788,-0.0009921279270201921,0.12244682013988495,0.13236157596111298,0.030380964279174805
1724162989.038367,-0.31847481725978966,0.10492168870484707,-0.08857434032958442,0.9379337630209638,-0.6636589790206379,0.17919027544730828,-0.12642308650620754,0.14040178060531616,0.6160033345222473,-0.7751304507255554,0.007837023586034775,-0.012800907716155052,-0.0037536679301410913,0.1521652191877365,0.12534865736961365,0.03809177502989769
1724162989.090701,-0.31524862825708155,0.10714263430944948,-0.08954930109059824,0.9386797009486584,-0.657353600278369,0.18380538594128745,-0.12738002086332317,0.14468462765216827,0.6110240817070007,-0.7782775163650513,0.00969915185123682,-0.006871511228382587,-0.003064200049266219,0.1463259607553482,0.13171575963497162,-0.0008941999403759837
1724162989.157846,-0.3128779456435765,0.10978838232477506,-0.09027588061014899,0.9390974739438219,-0.6528694862808962,0.1896082518526176,-0.12731000925449448,0.14971330761909485,0.6074682474136353,-0.7801077961921692,0.010426225140690804,-0.011480377055704594,-0.004121504258364439,0.1049509346485138,0.14693836867809296,0.02696719393134117
1724162989.2030911,-0.31046986600942905,0.11208965508224211,-0.09086588966695092,0.9395678382670242,-0.6482411196281369,0.1946790740350526,-0.12723101755696217,0.1542094200849533,0.6037852764129639,-0.7820887565612793,0.012115759775042534,-0.004760760348290205,-0.006995349191129208,0.09650373458862305,0.1351947784423828,0.02905420772731304
1724162989.215248,-0.3078846013557302,0.1147478342646453,-0.09091397140221406,0.9400928597039149,-0.6431818886761942,0.20100962922525453,-0.1256465544212161,0.15976521372795105,0.5997446179389954,-0.7840800285339355,0.00540206441655755,-0.014187665656208992,0.007832759991288185,0.15270031988620758,0.07420472055673599,0.04492320492863655
1724162989.255583,-0.30462594369808377,0.11698298860015117,-0.09117440981825378,0.9408534260651662,-0.6367039263724817,0.20614256177862336,-0.1250569910292513,0.16457949578762054,0.5945484638214111,-0.7870360612869263,-0.00777474557980895,0.005503831431269646,0.0013295009266585112,0.14072827994823456,0.10286311060190201,0.11020337045192719
1724162989.3067842,-0.3010531729886984,0.11862841270795478,-0.09117172083860269,0.9417971595835236,-0.6294412238148491,0.2100541448926206,-0.12440402097132013,0.1685527265071869,0.5886932015419006,-0.7905885577201843,0.005461226217448711,0.004017372149974108,-0.011952539905905724,0.15446406602859497,0.11724415421485901,0.08221667259931564
1724162989.319036,-0.2980186025374222,0.12094017459678254,-0.09027773051927386,0.9425540903612071,-0.6231964561990518,0.2161783413366062,-0.12110416610824407,0.174176424741745,0.5836337208747864,-0.7931168079376221,0.0041720131412148476,-0.0021143388003110886,-0.004150242544710636,0.11386709660291672,0.10747907310724258,0.09325821697711945
1724162989.36157,-0.29658768498304955,0.12335637002550949,-0.08853649728545396,0.9428574801645291,-0.6201078285113746,0.22314712859171984,-0.11549475611722168,0.1800972819328308,0.5811229348182678,-0.7936379313468933,0.002159277442842722,-0.009454975835978985,-0.0005955533706583083,0.022933145985007286,0.07372123748064041,0.12015170603990555
1724162989.39187,-0.2958336408682857,0.1254328007763544,-0.08642277595882793,0.9430164524311752,-0.6182776093413919,0.22957527261795177,-0.10916763712835814,0.18543685972690582,0.5796325206756592,-0.793498158454895,0.007495429832488298,-0.014868098311126232,-0.0058013759553432465,0.028111550956964493,0.07636228948831558,0.11941602826118469
1724162989.439738,-0.2947250447503334,0.12722576428343443,-0.08418137655581191,0.9433261218581275,-0.6156186967433386,0.23539454276915742,-0.10285897304309678,0.1904100477695465,0.5774637460708618,-0.7939015030860901,0.004946606233716011,-0.0169439185410738,0.005102483090013266,0.07745495438575745,0.008935196325182915,0.12616035342216492
1724162989.487836,-0.29237579137270814,0.1289585768619178,-0.08279449573873923,0.9439444347410314,-0.6105609151203073,0.2403633766836792,-0.09889842095490342,0.19504524767398834,0.5733271241188049,-0.7957721948623657,0.009552093222737312,-0.014100545085966587,-0.004124953877180815,0.14780087769031525,0.06558392941951752,0.0935644581913948
1724162989.540574,-0.28813766251143214,0.13109386865663522,-0.08273427444025179,0.94495816785558,-0.6019465837730652,0.24519427055238982,-0.09820591693681283,0.20007871091365814,0.5662479996681213,-0.7995821833610535,0.002651479560881853,-0.005976546090096235,-0.002792003797367215,0.2586477994918823,0.10873018205165863,0.05387137830257416
1724162989.552762,-0.28301852229441204,0.1338779131055881,-0.08270307950947423,0.9461169536817701,-0.5915899529113314,0.25143815460130203,-0.09739288719279139,0.20651531219482422,0.5576815009117126,-0.8039544224739075,0.001065075397491455,0.0011059537064284086,-0.004088515881448984,0.22944429516792297,0.15189553797245026,0.1017923578619957
1724162989.584398,-0.27854818885170046,0.13707403231623458,-0.08217712731075791,0.9470313834348381,-0.5825036822757282,0.2589609816267442,-0.09508554283184463,0.21384623646736145,0.5501164793968201,-0.8072432279586792,0.006118362303823233,-0.007853642106056213,-0.008461302146315575,0.15948224067687988,0.18397663533687592,0.09784312546253204
1724162989.627905,-0.27567914293182694,0.14044712368046175,-0.08164198736976896,0.9474228552263498,-0.576749597160978,0.2669399335594642,-0.09230309953699702,0.22111164033412933,0.5453022122383118,-0.8085512518882751,0.003764032619073987,-0.01726146787405014,-0.006954319309443235,0.0982745811343193,0.1665986329317093,0.055737853050231934
1724162989.690298,-0.2742653706996814,0.14315905011328464,-0.0820833410808608,0.9473891887188854,-0.5742128360777841,0.2728141889899643,-0.09184028918907243,0.22622942924499512,0.5431740283966064,-0.808568000793457,-0.013390213251113892,0.0015526870265603065,0.0020634483080357313,0.024799566715955734,0.10669098794460297,0.039052680134773254
1724162989.719259,-0.27389702574039976,0.14461184783620412,-0.08170297249723968,0.9473079528731871,-0.5734817934390518,0.2763899270696164,-0.09009411122207714,0.22922749817371368,0.5425601005554199,-0.8081356883049011,0.009530625306069851,0.012125561945140362,-0.013830807991325855,-0.01678180880844593,0.08996906131505966,0.05448712781071663
1724162989.758971,-0.2740183039628954,0.14664861715552568,-0.08052267420076133,0.9470607777739797,-0.5735781714371702,0.28187346895647775,-0.08600355132688159,0.23364092409610748,0.5426410436630249,-0.8068163394927979,-0.0018289341824129224,0.0006105729262344539,-0.00031128351110965014,-0.02817503735423088,0.05005960911512375,0.07991068810224533
1724162989.800328,-0.274331841185544,0.14800699222462663,-0.07911869651765636,0.9468770394271172,-0.5739308812282762,0.28595656897076266,-0.08181006524525535,0.23687928915023804,0.5429372787475586,-0.8056719303131104,-0.0027582021430134773,-0.004177940543740988,0.001883442047983408,-0.03711439669132233,0.03700774163007736,0.09457797557115555
1724162989.830333,-0.2748165279803444,0.1484787248417327,-0.07789197529952349,0.9467642960192744,-0.5746053434858381,0.2878951945098775,-0.07856702151030767,0.2383366972208023,0.5435035824775696,-0.8048598766326904,0.0010794014669954777,-0.015654729679226875,0.005843329709023237,-0.034199170768260956,-0.0017439620569348335,0.038203611969947815
1724162989.889082,-0.2758802248112521,0.14789701850712764,-0.07775678703357225,0.9465571436247889,-0.5767145038463652,0.2867409894522549,-0.07833608176635842,0.237082839012146,0.5452728271484375,-0.8040331602096558,0.012313887476921082,-0.013570234179496765,-0.0009294766932725906,-0.07144708931446075,-0.02995903231203556,-0.05564010515809059
1724162989.920535,-0.27783938312238915,0.14705994163546177,-0.07866455555015045,0.9460393651090773,-0.580964915258549,0.2843865600659994,-0.08038173480080851,0.2345367670059204,0.5488308072090149,-0.8023573160171509,0.013357019983232021,-0.00809265673160553,-0.002441633027046919,-0.10469888895750046,-0.040659453719854355,-0.08958948403596878
1724162989.951614,-0.27961741048225736,0.14588417935264256,-0.07980333507210367,0.9456021072808143,-0.5848780574678552,0.2810588291205771,-0.08326071609882744,0.23126797378063202,0.552097737789154,-0.8010638356208801,0.015454060398042202,-0.008080393075942993,0.009770811535418034,-0.05283522978425026,-0.06814903765916824,-0.09284505993127823
1724162990.0066419,-0.2795650278625709,0.14446946203637848,-0.08095218004141361,0.9457370826933157,-0.5849770680607821,0.2769971573768874,-0.08687858336125273,0.22799745202064514,0.552180290222168,-0.8019439578056335,0.006235902197659016,-0.006471882574260235,0.018067847937345505,0.08861053735017776,-0.07605942338705063,-0.06933394074440002
1724162990.058945,-0.2771885769188019,0.14244436768113572,-0.08077282483306,0.9467585116571854,-0.5798190345535797,0.2722393247207463,-0.08854524859017694,0.22494222223758698,0.5478725433349609,-0.8057522177696228,-0.003937100525945425,-0.0038027947302907705,0.01567322015762329,0.19700919091701508,-0.13712263107299805,0.044086575508117676
1724162990.071052,-0.27307265901077016,0.13998583077380536,-0.08006210009076835,0.9483803253516285,-0.5708751047844133,0.2667443564089216,-0.08973708833650136,0.22179406881332397,0.5403686165809631,-0.8116706013679504,-0.0026402706280350685,0.014717976562678814,-0.004637282807379961,0.2260006070137024,-0.1351863443851471,0.07362235337495804
1724162990.11847,-0.2693363156657452,0.13755988842006145,-0.07847785950179216,0.949934941072409,-0.562490651626118,0.2619577010121704,-0.08877403532371797,0.21907201409339905,0.5332947969436646,-0.817070484161377,0.004069357644766569,0.005938027985394001,-0.012262098491191864,0.18225333094596863,-0.10896323621273041,0.08797996491193771
1724162990.1633701,-0.26612717672791075,0.1355296690537085,-0.07722333392985506,0.9512331387133641,-0.5553374687282968,0.2579194160172994,-0.08811745946369447,0.21673816442489624,0.5272300839424133,-0.8216160535812378,0.014686526730656624,-0.007056562229990959,-0.020475568249821663,0.18636752665042877,-0.06805948913097382,0.04600072279572487
1724162990.194178,-0.2623234319268416,0.13467898610166393,-0.07660455007522633,0.9524597421672228,-0.5472479506101029,0.25615570764845846,-0.08825285584001882,0.21636228263378143,0.5203390717506409,-0.8260959982872009,0.005178360268473625,0.00047089808504097164,-0.011119503527879715,0.20450374484062195,-0.021709365770220757,0.05486586317420006
1724162990.285578,-0.25856336942272645,0.13420745384295035,-0.0752445062732922,0.9536621922319977,-0.5390966450956728,0.25571784836561917,-0.08646960049960291,0.2170661985874176,0.5133609771728516,-0.8302667140960693,0.008387912064790726,-0.012971923686563969,-0.013453205116093159,0.17989008128643036,-0.022180398926138878,0.0147375063970685
1724162990.2973108,-0.25606154146016097,0.13359435132092376,-0.0739040441401769,0.9545277012475739,-0.5335370853882007,0.25500520664261905,-0.0845012475614862,0.21719104051589966,0.5085819959640503,-0.8331700563430786,-0.007796729914844036,0.007705292198807001,-0.006477970164269209,0.08797916769981384,-0.05716937780380249,0.11848471313714981
1724162990.304381,-0.25419984659091727,0.13282026861918442,-0.07232860335600243,0.9552537376622697,-0.5292245391760136,0.25409543194221634,-0.08194832866783575,0.21698227524757385,0.5048640966415405,-0.8354824185371399,-0.0035695801489055157,0.00775930006057024,-0.012826388701796532,0.0758383497595787,-0.02253488078713417,0.11069529503583908
1724162990.36837,-0.2522003624640001,0.13305478330490406,-0.07072406437069549,0.955871010725178,-0.5247103942460213,0.2554568249269073,-0.07875924114794773,0.21869315207004547,0.5009623765945435,-0.8373827934265137,-0.00011386460391804576,-0.0006890633376315236,-0.000682569167111069,0.12143801152706146,0.016163595020771027,0.07799362391233444
1724162990.396182,-0.24969641842798437,0.13391358345809523,-0.06953574053361304,0.9564953966295188,-0.5193206957046891,0.25793097203015247,-0.07626495105903144,0.22144979238510132,0.49629050493240356,-0.83943772315979,0.001773797906935215,-0.0027789196465164423,0.002509458689019084,0.13365335762500763,0.03102274052798748,0.07213283330202103
1724162990.472837,-0.2469618819152231,0.13474108976749835,-0.06892158857799612,0.9571334235070079,-0.5136093297238012,0.25997289996474143,-0.07513868091368463,0.22388838231563568,0.4913240969181061,-0.841709315776825,0.004991008434444666,-0.0016625188291072845,-0.0019486185628920794,0.1424456536769867,0.036845576018095016,0.05640478432178497
1724162990.485245,-0.24379906544936036,0.13563225845170843,-0.06880717939427175,0.9578263670479105,-0.5071629806694883,0.2618391987829452,-0.07520492417685923,0.2262740433216095,0.48569929599761963,-0.8443318009376526,0.0001322572643402964,0.0021352332551032305,0.0034111212007701397,0.1619471311569214,0.039074838161468506,0.05648985505104065
1724162990.506496,-0.241060030058315,0.13656925421483745,-0.0686655506310948,0.9583965348764423,-0.5015867072124156,0.26384501189896015,-0.07508572361430141,0.22866995632648468,0.48081740736961365,-0.8464778065681458,0.004498806316405535,-0.005140949040651321,0.0002478318056091666,0.13424132764339447,0.04691790044307709,0.014072862453758717
1724162990.5628328,-0.2387455780632584,0.13698255583311622,-0.06873268124126544,0.9589119696448299,-0.49689955443418166,0.2645921444843059,-0.07561735420062875,0.2298891693353653,0.47670236229896545,-0.8484726548194885,0.0035991400945931673,0.0002581375592853874,-0.00225817714817822,0.09910156577825546,0.02513350360095501,0.030748995020985603
1724162990.591837,-0.2362283502730501,0.13742868493092467,-0.06872392173016022,0.9594719714337613,-0.4917828860109132,0.26544417152754046,-0.07602196222967596,0.2312488555908203,0.4721982479095459,-0.8506190776824951,0.006650941912084818,-0.005130501929670572,-0.00012172909919172525,0.14640465378761292,0.03410658612847328,0.027771372348070145
1724162990.62286,-0.2331199720708473,0.13772660869945763,-0.06846628602824191,0.9602076466795051,-0.48538216627149194,0.26606934788857717,-0.07612812736419865,0.2325705587863922,0.4665464162826538,-0.8533729314804077,0.0027214582078158855,0.003455763915553689,0.0030432846397161484,0.15878047049045563,-0.002104720566421747,0.06785143911838531
1724162990.6916661,-0.2301647413837108,0.13814469065305557,-0.06721130806445635,0.9609489044946192,-0.47903485613691776,0.26748994886460536,-0.07396670909640328,0.23456062376499176,0.46092289686203003,-0.8558804988861084,-0.0020346788223832846,-0.0029690139926970005,0.006131049245595932,0.13659748435020447,-0.028229352086782455,0.09792514890432358
1724162990.723332,-0.22812552275501174,0.13760160204911048,-0.06555997929701886,0.9616269144211459,-0.47437843030013466,0.2670303124066256,-0.07122619006665372,0.23473098874092102,0.4567856192588806,-0.8580490946769714,-0.001939206849783659,-0.0037261205725371838,0.004085066728293896,0.0756462886929512,-0.0734102874994278,0.0978163629770279
1724162990.753564,-0.22740870819222397,0.1365557376143113,-0.06395984188325472,0.9620534299819162,-0.47240233505487345,0.2655043629207682,-0.0685085671320206,0.23365777730941772,0.4550268352031708,-0.8592756390571594,0.012982232496142387,-0.016699817031621933,-0.004867525305598974,0.002804255113005638,-0.07377638667821884,0.034889400005340576
1724162990.7833219,-0.22825755148541685,0.13523170897114162,-0.0632177713460299,0.9620884854410802,-0.4738393912891027,0.2630174553027014,-0.06737544123689022,0.2313498705625534,0.45630601048469543,-0.8592217564582825,0.015953321009874344,-0.018407713621854782,-0.013419292867183685,-0.06934022158384323,-0.08459863066673279,-0.003626474179327488
1724162990.838941,-0.2295395959647945,0.13445510464689034,-0.06364394117242463,0.9618642230602922,-0.4765163003845954,0.2611602355007394,-0.06837223216333804,0.22943750023841858,0.45868635177612305,-0.8584668040275574,0.010165302082896233,-0.01939847320318222,-0.005864826962351799,-0.03844568505883217,-0.05114057660102844,-0.07050027698278427
1724162990.871611,-0.23021965002942907,0.1337832901839291,-0.06484790720848427,0.961714921203157,-0.4781781945684649,0.25909009447021536,-0.07116711831530112,0.2274642437696457,0.460162490606308,-0.8582019209861755,0.005585824605077505,-0.008406618610024452,-0.006417043507099152,-0.029292797669768333,-0.013439412228763103,-0.06258278340101242
1724162990.912837,-0.22988012402127578,0.13342862140754388,-0.06638685125417004,0.9617403754054069,-0.47786659380003255,0.2574877828535479,-0.07478850041910963,0.2261253446340561,0.4598858058452606,-0.8587038516998291,0.003698203945532441,-0.00414659921079874,0.0007747592753730714,0.042660485953092575,-0.01412393432110548,-0.08227793872356415
1724162990.9691339,-0.22878788007957807,0.13329672821724975,-0.06748327966431317,0.9619428254297934,-0.47591540713857416,0.25657525301059636,-0.07752029979686952,0.225568950176239,0.45815232396125793,-0.8597761988639832,-0.005046145059168339,-0.0005058279493823647,0.004146793857216835,0.07093200832605362,-0.014874049462378025,-0.04152701050043106
1724162991.000873,-0.2276080127292483,0.1326688363659667,-0.06795187409614639,0.962276501926752,-0.47357852336325296,0.25489742445557134,-0.07917099327841133,0.22439542412757874,0.4560738801956177,-0.8611871600151062,-0.008828612044453621,0.01313930843025446,-0.002011269563809037,0.02464214153587818,-0.04173098877072334,0.018456723541021347
1724162991.0290341,-0.22728949021638267,0.1320321876699759,-0.06721371927989944,0.9624911185333129,-0.47268328073846905,0.2538615511027141,-0.0779879107628226,0.2236056625843048,0.4552769958972931,-0.8618139624595642,-0.00539133045822382,0.0010746121406555176,-0.0029798331670463085,0.010157810524106026,-0.025277044624090195,0.037794869393110275
1724162991.0580459,-0.2268502205549161,0.13094900076196594,-0.06600989558976045,0.9628260114474673,-0.4713869901984583,0.2520759688924933,-0.0760610669610135,0.222213476896286,0.4541224539279938,-0.8627826571464539,0.0010098974453285336,-0.003232556162402034,-0.012274171225726604,0.023673221468925476,-0.010888750664889812,0.06013619899749756
1724162991.113951,-0.22529011018119158,0.13008847636299697,-0.06489892846279861,0.9633843349902831,-0.46784861417230383,0.25068249220781275,-0.07449679809441402,0.22140821814537048,0.45096713304519653,-0.8646427392959595,0.009379459545016289,-0.015480485744774342,-0.0180720966309309,0.14553667604923248,-0.02385813556611538,0.041722528636455536
1724162991.151849,-0.22037344433242018,0.12984010484375147,-0.06497730846027559,0.964549112034729,-0.45782187512516676,0.24989659716283896,-0.0760148469818124,0.22183576226234436,0.4419953525066376,-0.8691542148590088,0.0026994738727808,0.0056572239845991135,-0.004764186218380928,0.3341762125492096,0.016576845198869705,0.042087942361831665
1724162991.183279,-0.21406965577060952,0.1306481927419196,-0.06338032098309437,0.9659648133636091,-0.4446351774639803,0.25219475908568867,-0.07374102325071707,0.22526749968528748,0.4301285743713379,-0.8742104768753052,-0.002486070618033409,0.012481587007641792,-0.003802521387115121,0.279256671667099,0.03326551988720894,0.17691470682621002
1724162991.282985,-0.20917979094208894,0.13154021067110108,-0.05978518664289355,0.9671435427883436,-0.4338222909116293,0.2556218932092465,-0.06684820887049762,0.22942481935024261,0.4203420877456665,-0.8778820037841797,0.005457201041281223,-0.012019318528473377,0.005634584929794073,0.20854400098323822,8.301401976495981e-05,0.17191047966480255
1724162991.2882562,-0.20546324839857222,0.13132454402708774,-0.05821567294305324,0.9680649064648837,-0.4258486806379113,0.25570590597242415,-0.0645546640622184,0.23033899068832397,0.41309380531311035,-0.8810774683952332,0.0009032581583596766,-0.00904671661555767,0.007584928534924984,0.1716187596321106,-0.05153568461537361,0.07928428798913956
1724162991.3165932,-0.20198069636796026,0.13058513364617194,-0.05742562775500126,0.9689445530591428,-0.41852593455600295,0.2543077708019298,-0.06410633848062416,0.2298617660999298,0.40641406178474426,-0.8843026757240295,0.0031763999722898006,-0.017812630161643028,0.007671943865716457,0.2067134529352188,-0.07773798704147339,0.03002231754362583
1724162991.359113,-0.19802878869801857,0.12985663608065226,-0.057614360342555515,0.9698465465118395,-0.4105113959394462,0.2524935124668671,-0.06583702034402283,0.22906340658664703,0.39907827973365784,-0.8878437280654907,3.674370236694813e-05,0.0007221767446026206,-0.004926727153360844,0.1857149749994278,-0.013956974260509014,0.03340780735015869
1724162991.3891602,-0.1942656464366369,0.12957122913163296,-0.05694965888521472,0.9706847285478871,-0.4026953072253797,0.252025716516636,-0.06550043995443006,0.22941890358924866,0.3918994665145874,-0.8909443020820618,0.005064495839178562,-0.00021816513617523015,-0.011802072636783123,0.1986207664012909,0.0020816244650632143,0.06256792694330215
1724162991.417206,-0.1905879248754161,0.1298279267090893,-0.055912270648404226,0.9714394846690575,-0.39499894971869653,0.2528797727071279,-0.0641216118545864,0.23092754185199738,0.3848072290420532,-0.8936418890953064,-0.006269012577831745,0.004272238351404667,0.0023216288536787033,0.16876976191997528,-0.008384689688682556,0.09487970173358917
1724162991.468289,-0.18784686201264159,0.12949358443127676,-0.05453233470428878,0.9720962183085428,-0.3890759852670151,0.2526333787489759,-0.06204553866857539,0.23127298057079315,0.37933361530303955,-0.895889937877655,0.0022072717547416687,0.0021787940058857203,-0.002567735966295004,0.10344885289669037,-0.022957494482398033,0.07018923759460449
1724162991.502795,-0.18661901950388,0.12899860534809177,-0.05290465326867821,0.9724884654832582,-0.38614377613809747,0.2521910897146537,-0.05913746324777999,0.23115327954292297,0.3766189515590668,-0.8970654010772705,0.00021292839664965868,-0.0037156734615564346,0.0037155053578317165,0.03375737741589546,-0.0462907999753952,0.06624919921159744
1724162991.580198,-0.18612693774606465,0.12842267979367522,-0.05135978584405579,0.9727416906645798,-0.3847186712734149,0.2515653947451566,-0.05625314213906253,0.23072530329227448,0.3752983808517456,-0.8977287411689758,0.0031472735572606325,-0.006145745515823364,9.046535706147552e-05,0.03051818162202835,-0.0452057421207428,0.06289980560541153
1724162991.5926518,-0.18538735906620749,0.12795234706516215,-0.05035822145550987,0.972997302345697,-0.38294061376923266,0.2509331565840219,-0.05453000991497232,0.23032301664352417,0.3736497163772583,-0.8985194563865662,-0.005699730943888426,0.0055473921820521355,-0.004649356007575989,0.0441877543926239,-0.03522399812936783,0.0756920576095581
1724162991.6216002,-0.1843387293703026,0.1274746966365008,-0.04908712461234347,0.9733240410386168,-0.38047050168678614,0.2503767939206052,-0.052322020076157875,0.23005105555057526,0.37135738134384155,-0.8995388746261597,0.0012744119158014655,0.0010379103478044271,-0.0054519297555089,0.035028714686632156,-0.017580613493919373,0.05381996929645538
1724162991.656986,-0.18366369716545214,0.12677720289100952,-0.04724672635829745,0.9736338410628186,-0.37860217573059235,0.24958990933847838,-0.04891549453904562,0.22951412200927734,0.36962199211120605,-0.9003903865814209,0.012218373827636242,-0.014983290806412697,-0.009267324581742287,0.034683529287576675,-0.01600017212331295,0.0466933399438858
1724162991.703197,-0.18313613628049444,0.12622460458753462,-0.04570923264538989,0.9738783578956945,-0.3771194818902045,0.24899450606914567,-0.04604891468436876,0.22911278903484344,0.36824390292167664,-0.9010570049285889,-0.00014705804642289877,-0.007229033391922712,-0.0010607539443299174,0.013271582312881947,-0.05113659054040909,0.09132468700408936
1724162991.761786,-0.18214965056203075,0.1258185175724363,-0.04468113131973533,0.9741635790344321,-0.3748474097533702,0.2484844219961218,-0.0443079419047757,0.2288583219051361,0.366130530834198,-0.9019824266433716,-0.0005841237725690007,-0.008539116941392422,-0.0010624786373227835,0.05203235149383545,-0.037806008011102676,0.049046359956264496
1724162991.820485,-0.18081786001563555,0.1253450013407449,-0.04438183163096212,0.9744863563078369,-0.3720598915299528,0.24752712992969098,-0.044207841675508924,0.22824393212795258,0.36353516578674316,-0.903187096118927,-0.003995870240032673,-0.0044936747290194035,0.002408644650131464,0.060780685395002365,-0.027580253779888153,0.01770336739718914
1724162991.833283,-0.17991631153689822,0.124590082393047,-0.04427300923888325,0.9747550036015682,-0.3701771687272626,0.2459204589742269,-0.04450759536126904,0.2269587367773056,0.3617806136608124,-0.9042148590087891,0.0033014321234077215,-0.010552299208939075,-0.009458604268729687,0.03303108736872673,-0.00665361899882555,0.0012067529605701566
1724162991.891498,-0.17938606211821756,0.1237933204743383,-0.045096384233597894,0.9749164434140866,-0.3692736124511366,0.24388537812300887,-0.04667928995292743,0.2251969575881958,0.36093810200691223,-0.9049916863441467,0.005361687391996384,-0.013432376086711884,-0.002703262958675623,0.021917276084423065,-0.0348757766187191,-0.07463450729846954
1724162991.904259,-0.17937672057276813,0.12279715881149716,-0.046074450066865925,0.974998367805923,-0.36944683165015396,0.2413918508232781,-0.049124084473240605,0.22292467951774597,0.36109963059425354,-0.9054896831512451,0.006386427208781242,-0.009400968439877033,-0.006943971384316683,-0.011642757803201675,-0.032422762364149094,-0.0687180906534195
1724162991.989382,-0.17975824450784234,0.12184285780315803,-0.047067878164098305,0.9750004138520955,-0.37041090044659025,0.23899585786752453,-0.051491300982939185,0.22067198157310486,0.3619984984397888,-0.9056825637817383,0.010040704160928726,-0.00697448430582881,-0.011400323361158371,-0.01874496601521969,-0.005331175401806831,-0.047378432005643845
1724162992.0033221,-0.17979884499051707,0.12129973299686,-0.047465568957734613,0.9750413330199441,-0.37056027262697255,0.23768957937485852,-0.05253074210523595,0.21947598457336426,0.36213773488998413,-0.9059175252914429,0.02059914357960224,-0.018489791080355644,-0.022494535893201828,0.020413175225257874,0.042770080268383026,-0.06055412441492081
1724162992.0279331,-0.17947846699396214,0.12224012109381462,-0.04770668959716798,0.9749711968782566,-0.3700220766964526,0.239582383047371,-0.0527385242846295,0.22123654186725616,0.3616360127925873,-0.9056896567344666,0.0010098974453285336,-0.003232556162402034,-0.012274171225726604,0.005487919319421053,0.050557903945446014,0.017904747277498245
1724162992.0569339,-0.17929750608710407,0.12312340269844607,-0.04741168067791856,0.974907730543877,-0.3696316926247281,0.2415659052261224,-0.05181367666057388,0.2230663150548935,0.36127203702926636,-0.9053860902786255,3.5502598620951176e-06,-0.005817793309688568,-0.0053049116395413876,-0.0008362297667190433,0.052661795169115067,0.022424550727009773
1724162992.098387,-0.1789754272357599,0.12364323952072646,-0.047411276582750586,0.9749011415896296,-0.3690085134065115,0.242657949523079,-0.05168502764342452,0.2241089642047882,0.3606908619403839,-0.9053602814674377,0.0012632030993700027,-0.007703519891947508,0.0019773568492382765,0.01666666939854622,0.022109078243374825,-0.00553916348144412
1724162992.158259,-0.17854133174858083,0.12358961088801808,-0.047180925292619275,0.9749986730459334,-0.3680720360259442,0.24261587811591442,-0.05132993581873798,0.22415190935134888,0.3598172664642334,-0.905697226524353,-0.0005177368875592947,0.004540822934359312,-0.00030610919930040836,0.019876429811120033,0.019517071545124054,0.04404628649353981
1724162992.186358,-0.17785642308852675,0.12396269620905011,-0.04653097176848086,0.9751077667328595,-0.36654765580191345,0.24362995944543372,-0.04999060191116291,0.2252023071050644,0.3583945631980896,-0.9060006737709045,-0.002971130423247814,-0.00046226728591136634,-0.0018320635426789522,0.03828322887420654,0.010452776215970516,0.05292060971260071
1724162992.2171478,-0.17688266998553825,0.12405502744736022,-0.04581096965557742,0.9753071776902323,-0.3644077932156722,0.2440605234028707,-0.048688252379122124,0.22577717900276184,0.35639604926109314,-0.9066457748413086,-0.0053765298798680305,0.006168412044644356,-0.005330200772732496,0.038833726197481155,-0.00723239965736866,0.0762709453701973
1724162992.316865,-0.17598996917654028,0.12469240187328044,-0.04481042130627352,0.975433933903991,-0.3623880702736331,0.24575303487856215,-0.04657033386656758,0.2274860292673111,0.3545082211494446,-0.9069586992263794,-0.004179197363555431,0.009409599006175995,-0.006007595453411341,0.013471775688230991,0.036152519285678864,0.08979702740907669
1724162992.322236,-0.17557961413351894,0.12518378547256978,-0.04328140037886183,0.9755139319057757,-0.3611999177049725,0.24735143986329336,-0.0432897632505783,0.22903838753700256,0.3533969819545746,-0.9070016741752625,0.006518642883747816,-0.009435897693037987,-0.01391668152064085,0.033069074153900146,0.05296866223216057,0.04440241679549217
1724162992.3602672,-0.17469772626609412,0.12600545767375995,-0.042705703080131954,0.9755918369337697,-0.3593113609263842,0.24926589121572607,-0.04199427941160211,0.2309386134147644,0.3516296446323395,-0.907206654548645,0.0029526962898671627,-0.0031540654599666595,-0.011280318722128868,0.04070860892534256,0.07951236516237259,0.0638359785079956
1724162992.389292,-0.17335608565457508,0.12644010811134726,-0.04297852639387586,0.9757629473949562,-0.35669300787451,0.2500203081185114,-0.042737621162677174,0.23184995353221893,0.3491773009300232,-0.9079211354255676,0.005531204864382744,0.013449681922793388,-0.006117251235991716,0.023732591420412064,0.018167104572057724,0.09227004647254944
1724162992.420335,-0.17266724724737864,0.12780596954270868,-0.04212128623392342,0.9757445186940401,-0.35514353182885644,0.2531945633617001,-0.04060795685424153,0.23486600816249847,0.34772494435310364,-0.9077033400535583,-8.83297179825604e-05,-0.008708316832780838,0.0018199903424829245,0.02880142070353031,0.04715945944190025,0.009063317440450191
1724162992.514216,-0.17305995476940678,0.12817575646362164,-0.04107852454949277,0.975670844932746,-0.3556818797212426,0.2543820623249406,-0.03819330810917298,0.23589660227298737,0.34822964668273926,-0.907242476940155,0.006775540765374899,-0.017554491758346558,0.005413766950368881,-0.03314949572086334,-0.03409678116440773,0.017596183344721794
1724162992.5275478,-0.17307760143101417,0.1274926156051616,-0.04332652996189208,0.9756600340692301,-0.3562662939111446,0.2521070413651172,-0.04313272275284987,0.23378118872642517,0.3487774133682251,-0.9075795412063599,-0.0038855974562466145,-0.00015698082279413939,-0.00198770547285676,-0.019671283662319183,-0.04430245980620384,-0.06935789436101913
1724162992.548193,-0.17361468768857297,0.12619220214225632,-0.04548669459145188,0.9756353262957423,-0.35783733236113857,0.24857696158360812,-0.04799675524788223,0.23044082522392273,0.35024937987327576,-0.9078669548034668,0.015993699431419373,-0.01916300319135189,-0.0028832696843892336,0.00854962132871151,-0.011347050778567791,-0.18278250098228455
1724162992.580576,-0.17364050513456933,0.12479747994845997,-0.0480481223413728,0.9756874013624055,-0.3584575872538847,0.24467115544553814,-0.053868420973573285,0.22684045135974884,0.3508302867412567,-0.9085491299629211,0.0021557272411882877,-0.003637182991951704,0.00470935832709074,0.0015556197613477707,-0.0760173574090004,-0.15824565291404724
1724162992.631923,-0.17472232375812702,0.12285304881617984,-0.04969054169684651,0.975658769279666,-0.36093378268759435,0.23997179864949214,-0.05778500059495325,0.22236120700836182,0.3531480133533478,-0.9087584614753723,2.2459367755800486e-05,0.019653024151921272,-0.004474742338061333,-0.10160762071609497,-0.08834218978881836,-0.041968755424022675
1724162992.662808,-0.17734249024703524,0.12056867923075106,-0.04923821367315127,0.9754939106228387,-0.36598176406068694,0.23537608289532902,-0.05711050522284218,0.2177639603614807,0.35786619782447815,-0.9080256819725037,0.004282327834516764,0.004392517264932394,0.0018372377380728722,-0.14346866309642792,-0.1297723948955536,0.012427527457475662
1724162992.694377,-0.18026694417164338,0.11836304497674416,-0.04816153616080348,0.9752817246400617,-0.3715103982633466,0.23119703031660313,-0.05504962710236164,0.21351075172424316,0.36302319169044495,-0.9069880247116089,0.0012412602081894875,-0.003331896383315325,0.004553716164082289,-0.14357183873653412,-0.1457446813583374,0.0062140547670423985
1724162992.76049,-0.18315017760626226,0.11598746957185561,-0.047514102261578164,0.9750616700803293,-0.3770588392707789,0.22649195707051528,-0.053989144416015024,0.20878542959690094,0.3681875169277191,-0.906005859375,0.003103346098214388,0.00042733742156997323,-0.005140646360814571,-0.14095662534236908,-0.13058890402317047,-0.003933439031243324
1724162992.8040252,-0.1856432074505864,0.11380747336181979,-0.0469498366346483,0.9748744254061135,-0.3818567369022391,0.22215671504750037,-0.053135543829596656,0.2044641524553299,0.3726441264152527,-0.9051689505577087,0.0072018723003566265,-0.003131355158984661,0.0005625648773275316,-0.10302601754665375,-0.12428141385316849,-0.03060027025640011
1724162992.833006,-0.18736842459387743,0.1118232660332084,-0.046885337380344616,0.9747770507227065,-0.3852282014987404,0.2180097675705818,-0.053441345714339526,0.2004358321428299,0.375770628452301,-0.9047772884368896,-0.0007383239571936429,-0.0063027273863554,-0.0018972400575876236,-0.05831579864025116,-0.11732155084609985,-0.059056635946035385
1724162992.8703861,-0.18868844414976868,0.10979076314783152,-0.04694522260783002,0.9747506029927888,-0.38780427363014774,0.21369172466753064,-0.054131455494683865,0.19632117450237274,0.3781566619873047,-0.9046853184700012,0.004686158150434494,-0.0030075320973992348,-0.008923052810132504,-0.0549437440931797,-0.08790639787912369,-0.03342684358358383
1724162992.899333,-0.18966687250159223,0.1076830822616963,-0.047479925133895415,0.974769898722611,-0.38978406450658204,0.2090032340095756,-0.05593908616455729,0.19192171096801758,0.3799887001514435,-0.9048616886138916,-0.001755405217409134,0.004225089680403471,0.00021909346105530858,-0.04384566843509674,-0.11050432175397873,-0.05717513710260391
1724162992.945292,-0.19116470342748124,0.10500906111572493,-0.04835211263261555,0.9747262037240165,-0.39284832530599895,0.20297033930640224,-0.05860767218566889,0.18622373044490814,0.38282132148742676,-0.9048582911491394,-0.011322299018502235,0.013231834396719933,0.0066944146528840065,-0.12420329451560974,-0.17835594713687897,-0.03674893453717232
1724162992.976159,-0.1935488313980781,0.10153643451926717,-0.048152716505652504,0.9746335053734634,-0.3974375159968295,0.19568351487030228,-0.05920451702542048,0.1792818158864975,0.3870568573474884,-0.9044584035873413,0.0023394874297082424,0.0021438642870634794,-0.009540445171296597,-0.11561622470617294,-0.15208804607391357,-0.047933030873537064
1724162993.0590029,-0.19540579713326253,0.09916650650819218,-0.04778885423629501,0.9745248232920399,-0.40099402485797736,0.19080377356507275,-0.05910794130768328,0.17460399866104126,0.39033371210098267,-0.903965175151825,-0.0038559960667043924,0.01003061980009079,-0.006688439752906561,-0.06406686455011368,-0.10673931986093521,-0.0045097460970282555
1724162993.070343,-0.19679997757370213,0.09697951718588872,-0.04630509702859451,0.9745360033435393,-0.4034118799005673,0.1867854000849616,-0.05665671427015272,0.17079436779022217,0.39255863428115845,-0.9037294983863831,-0.013848705217242241,0.028638873249292374,0.0027397004887461662,-0.09001056104898453,-0.13025377690792084,0.10179856419563293
1724162993.095434,-0.19831114430188582,0.095627518301836,-0.043316507585325896,0.9745007313920837,-0.40584276814570686,0.18521407395913372,-0.05062834095671007,0.16919787228107452,0.39479321241378784,-0.9030561447143555,-0.029475275427103043,0.041849810630083084,0.010173236951231956,-0.1551337093114853,-0.16696274280548096,0.2531120479106903
1724162993.141603,-0.20112471956347872,0.09399578566195398,-0.03621893334975645,0.9743724848421661,-0.410152996637465,0.18490547634230453,-0.035743242241166616,0.1686047613620758,0.3987496495246887,-0.9014272689819336,-0.0498800091445446,0.04866727069020271,0.0025032348930835724,-0.18081966042518616,-0.1572098433971405,0.45992305874824524
1724162993.17237,-0.20509711761206906,0.09064150876513048,-0.02252089840542007,0.9742751127999605,-0.41558443905408565,0.1839909320235307,-0.007326134014200214,0.16738158464431763,0.40372470021247864,-0.8994385600090027,-0.04981314763426781,0.0836016982793808,-0.009022606536746025,-0.32089561223983765,-0.3147869110107422,0.8267946839332581
1724162993.2328029,-0.21119685810409414,0.08756213384275977,0.0015228052284688243,0.9735123657658312,-0.4234836183413123,0.18883087356589479,0.04383575516300688,0.17112885415554047,0.4109388291835785,-0.8954575061798096,-0.048851676285266876,0.04905105009675026,0.003341446630656719,-0.4692783057689667,-0.4392009377479553,1.3320298194885254
1724162993.261817,-0.21760667961419836,0.08279496155716473,0.032699253046214155,0.971968629726619,-0.4308013471436389,0.19400953890609374,0.10983475505603302,0.1751793473958969,0.417599081993103,-0.8915846347808838,-0.023574424907565117,-0.004519655369222164,0.007098106667399406,-0.4553263783454895,-0.6173300743103027,1.5011433362960815
1724162993.298322,-0.22255425785247676,0.07635043447972947,0.06342489431865765,0.9698543110555793,-0.435656175348934,0.19574336824766514,0.17406450295096482,0.17632853984832764,0.42200538516044617,-0.8892804384231567,0.034393273293972015,-0.023102201521396637,-0.014550615102052689,-0.3666703999042511,-0.6320760846138,1.2944570779800415
1724162993.3615751,-0.22785476189774898,0.07391441515013077,0.0898921855670322,0.9667151450553952,-0.44145191897099184,0.20479830539949886,0.23154737394401875,0.18387308716773987,0.4272526502609253,-0.8852377533912659,-0.0023916317149996758,-0.03632481396198273,-0.002051739487797022,-0.4019137918949127,-0.352234423160553,1.1435786485671997
1724162993.401557,-0.23288224644692887,0.06940864255021101,0.11128945599602565,0.9636196909190106,-0.44822986054511066,0.2074303225436354,0.2774071751650837,0.18560172617435455,0.4333709478378296,-0.8818966150283813,0.010550265200436115,-0.05009917542338371,-0.007071456406265497,-0.3471859395503998,-0.4064718186855316,0.8259348273277283
1724162993.43157,-0.23733302438146225,0.06425035653575345,0.12678793915174316,0.9609732464766215,-0.45543056551632727,0.20596655126671456,0.3102485523240952,0.18366765975952148,0.43984904885292053,-0.8790898323059082,0.024950416758656502,-0.052714258432388306,-0.011025247164070606,-0.2802254557609558,-0.32497337460517883,0.4698203504085541
1724162993.471469,-0.24115233914618878,0.05945654227872756,0.13775849136109913,0.9588185248745774,-0.4623597993950472,0.20301988480525526,0.33334152797373306,0.18045762181282043,0.446061372756958,-0.8766209483146667,0.014858686365187168,-0.027531104162335396,0.005753788631409407,-0.22697323560714722,-0.3397323489189148,0.39759403467178345
1724162993.502773,-0.24304303010860895,0.05503318585280049,0.14744307808537055,0.9571634552096802,-0.4656853629760359,0.1994378587399135,0.3531246150543273,0.17702151834964752,0.44903531670570374,-0.8758028745651245,0.007425534538924694,-0.019960081204771996,0.009130996651947498,-0.1373250037431717,-0.32009413838386536,0.3628140985965729
1724162993.534525,-0.24368479561947584,0.051305889694380075,0.1559209749126992,0.955862923344163,-0.46660767235715467,0.19616559685070947,0.37014957179161556,0.17407391965389252,0.4498592019081116,-0.8759708404541016,-0.0003599864721763879,-0.0035133601631969213,-0.004776259418576956,-0.08477609604597092,-0.2473507821559906,0.3560604155063629
1724162993.587827,-0.24312091960171964,0.04831027102351079,0.16430155057912502,0.9547582441173884,-0.46493924863519753,0.19379313258657738,0.38685231193028197,0.17213952541351318,0.44836851954460144,-0.8771166801452637,-0.015204346738755703,0.007257060147821903,-0.0005982022848911583,-0.022357242181897163,-0.2653467357158661,0.41970235109329224
1724162993.616692,-0.2420369784713996,0.045600234875154286,0.17371732855337374,0.9534993010836368,-0.46197961809045257,0.19226477800160474,0.4057756650386205,0.17105160653591156,0.4457210898399353,-0.8786774277687073,-0.011990727856755257,0.01202109083533287,-0.010135198943316936,-0.07292784750461578,-0.22235208749771118,0.48253753781318665
1724162993.664048,-0.2422226254568072,0.043247284853366486,0.183675437713164,0.9516937750123778,-0.4613491387103689,0.19248294734684893,0.42664653060947033,0.17129701375961304,0.44515660405158997,-0.8789157271385193,-0.009028205648064613,-0.045784831047058105,0.018385667353868484,-0.016782835125923157,-0.2933456301689148,0.3687954545021057
1724162993.70839,-0.24134187804931337,0.03989049533821296,0.19071943191892463,0.9506781376136637,-0.45967973403477785,0.18846498806677925,0.4401916907806707,0.16790319979190826,0.4436611235141754,-0.8803256750106812,0.011383977718651295,-0.04889388382434845,-0.027987860143184662,-0.02918548882007599,-0.14053532481193542,0.23895518481731415
1724162993.736608,-0.24033707784084313,0.03875319026036736,0.1951091417011182,0.9500887042409087,-0.4573375957352897,0.18769851869928347,0.4488924583365144,0.1674218475818634,0.44156089425086975,-0.8814725875854492,0.023955196142196655,-0.050898391753435135,-0.03225293383002281,0.024120712652802467,-0.03586554899811745,0.11880838871002197
1724162993.76563,-0.23961879129534036,0.040568346629579755,0.19625841701824,0.9499576309409458,-0.45485453056758113,0.19167137180578178,0.45194909011979795,0.17113080620765686,0.43933165073394775,-0.8818740844726562,-0.0046724737621843815,-0.04428828880190849,-0.01039821095764637,0.023005185648798943,0.005414665210992098,0.010256709530949593
1724162993.811688,-0.23959893613343086,0.0423217872731708,0.19538608615562167,0.9500659980148428,-0.45418649431028385,0.1949131567210224,0.45083055059108024,0.17404556274414062,0.43873143196105957,-0.88160240650177,-0.010962954722344875,-0.013789942488074303,-0.017782436683773994,-0.06116768717765808,0.13400252163410187,-0.027270803228020668
1724162993.8667479,-0.2404681744590281,0.04339593272287468,0.1937070492239865,0.9501417470737484,-0.45576071435156984,0.19685892164278324,0.4480244468359549,0.17562532424926758,0.4401455223560333,-0.8805837035179138,-0.016354244202375412,-0.010545166209340096,-0.010378438048064709,-0.07308309525251389,0.060895584523677826,-0.08840454369783401
1724162993.896879,-0.2420363477175939,0.0443976108424021,0.19207406746468594,0.9500288189348529,-0.45875006348557185,0.19909830642691287,0.44560809720892947,0.17733581364154816,0.4428277611732483,-0.8788945078849792,-0.0034853587858378887,-0.003909400664269924,-0.01782691664993763,-0.10606909543275833,0.1155359074473381,-0.05702545866370201
1724162993.964534,-0.24407702233161443,0.04622204343340838,0.19060730901652698,0.9497150515708062,-0.4622763957865908,0.20344896061273612,0.44417318737830713,0.18084125220775604,0.4459867477416992,-0.8765798807144165,-0.0009145087678916752,-0.001864876365289092,-0.010539472103118896,-0.08053639531135559,0.15793314576148987,-0.025843137875199318
1724162993.978265,-0.24591435322464153,0.04891668567560994,0.18814043797176458,0.9495980308669361,-0.46523535884355377,0.20900626035923306,0.4408724347010531,0.1854352355003357,0.4486331641674042,-0.8742665648460388,0.0029307117220014334,-0.0009526056237518787,-0.019087789580225945,-0.06452244520187378,0.2254640758037567,-0.08551053702831268
1724162994.0289931,-0.24664500877305323,0.053652702633326874,0.1842546792615838,0.9499145782535333,-0.46543531842787317,0.21748517953237817,0.43492023822238757,0.1928219497203827,0.4488118588924408,-0.8725752830505371,0.01557498425245285,-0.021197078749537468,-0.010540273040533066,0.09228551387786865,0.3742154836654663,-0.2003594934940338
1724162994.0605202,-0.24540321143200572,0.06017491389051031,0.17907470661796976,0.9508355889239763,-0.46131340554154276,0.22790987153731557,0.4260484476173683,0.20232389867305756,0.44512462615966797,-0.8723124861717224,0.0581694170832634,-0.03103964775800705,-0.010503929108381271,0.20411066710948944,0.4796631634235382,-0.2584000825881958
1724162994.089289,-0.24195896150244448,0.07141840658773323,0.16426219736683298,0.9536106455540135,-0.4533800436503061,0.24230500884889586,0.39730700274287056,0.21570011973381042,0.43800660967826843,-0.8727105259895325,0.024747831746935844,-0.07962579280138016,0.023162050172686577,0.4477244019508362,0.6451511979103088,-0.8014256954193115
1724162994.138933,-0.23600128053563643,0.08194157713627803,0.139859839542021,0.9581377812560592,-0.44374284059227864,0.24953571416968043,0.34646395288206666,0.22303682565689087,0.42932283878326416,-0.8751779794692993,0.050250522792339325,-0.06911777704954147,-0.044793203473091125,0.5307453870773315,0.9078836441040039,-1.337588906288147
1724162994.171441,-0.230777840946738,0.0947782731902545,0.10494033442771784,0.9626765528756426,-0.438339684468566,0.25787712734862744,0.27490637487085895,0.23091743886470795,0.4244367182254791,-0.8755173683166504,-0.005200986284762621,-0.02880457229912281,-0.02594107761979103,0.5751491189002991,0.9983592629432678,-1.6906200647354126
1724162994.259554,-0.2251918264734576,0.10628877507234122,0.06439790687550427,0.9663561580773565,-0.43514453038881984,0.2614910560362058,0.19120665025333736,0.23442937433719635,0.4215414822101593,-0.8759827017784119,-0.0480220727622509,0.02987932600080967,-0.020755494013428688,0.5159681439399719,0.9541999101638794,-1.8094186782836914
1724162994.27281,-0.22154370631400688,0.11587768765013297,0.02732194171589789,0.9678554527685926,-0.43621568886763584,0.2638894081196865,0.11525529234941517,0.2364117056131363,0.42251256108283997,-0.8749815225601196,-0.0570303350687027,0.057614605873823166,-0.005336423870176077,0.3313509225845337,0.7883328795433044,-1.5524945259094238
1724162994.291549,-0.220238924157828,0.1236402000165973,-0.0030400729894637137,0.9675735500265512,-0.44111330546926114,0.2662427655972597,0.05374590055422264,0.23792287707328796,0.4269464612007141,-0.8724158406257629,-0.061135921627283096,0.07497904449701309,0.009954018518328667,0.16320167481899261,0.6270368695259094,-1.1995402574539185
1724162994.346439,-0.22128901080970137,0.12917101833829656,-0.024304863378456398,0.9663100940467916,-0.44886869713836586,0.2683570149738359,0.011317532471267381,0.23888170719146729,0.4339465796947479,-0.8686920404434204,-0.053864069283008575,0.08128000050783157,0.01635187305510044,-0.04005127400159836,0.4161607027053833,-0.7375854849815369
1724162994.365726,-0.22404229258046413,0.13243207628362763,-0.03602068450842215,0.9648674635263881,-0.4576964455591718,0.27016306937747947,-0.011336671032509288,0.23941847681999207,0.44188281893730164,-0.8645336031913757,-0.03285430371761322,0.03058074228465557,0.026304757222533226,-0.0854639932513237,0.1964661180973053,-0.3992446959018707
1724162994.420423,-0.2270377083685816,0.13173167764260907,-0.04263412909168962,0.9639931782072593,-0.4655990164984765,0.26568192886619396,-0.02505083578829433,0.23461775481700897,0.4489581286907196,-0.8622012734413147,-0.006779523566365242,0.0036879642866551876,0.02255718782544136,-0.13967736065387726,-0.08252061903476715,-0.3460809290409088
1724162994.449229,-0.232629659457806,0.1279187948184721,-0.046426732105543836,0.9629977310997291,-0.47790664710969394,0.25591580894531085,-0.033681619808701525,0.22477054595947266,0.45992138981819153,-0.8590404391288757,0.013529612682759762,-0.008882876485586166,0.0011216802522540092,-0.29433196783065796,-0.17654891312122345,-0.32036736607551575
1724162994.492876,-0.24091515074385364,0.12356550156755325,-0.05177078017935436,0.9612549540021095,-0.49605065124147263,0.2441683719413176,-0.045488841007319064,0.21261116862297058,0.47595593333244324,-0.85338294506073,0.016680436208844185,-0.0208464153110981,-0.004092765972018242,-0.42293059825897217,-0.1509678214788437,-0.43371960520744324
1724162994.559083,-0.2506149499619026,0.1193886725981512,-0.060694859703449074,0.9587776056593719,-0.5179045318200199,0.2305107951427925,-0.06512517910668193,0.19851228594779968,0.4950605630874634,-0.8458769917488098,0.01387475710362196,-0.01263348013162613,-0.002135523594915867,-0.4699607491493225,-0.11027035862207413,-0.6290320158004761
1724162994.570746,-0.26011057048583397,0.11598961032788806,-0.07265294948945449,0.9558296834301372,-0.5399542874786285,0.21612435061751337,-0.09170420278704346,0.18393701314926147,0.5140967965126038,-0.8377777934074402,0.013834379613399506,-0.011878189630806446,-0.012671547010540962,-0.4090958535671234,0.018113376572728157,-0.7715849876403809
1724162994.6183639,-0.26751152293326674,0.11348640669057053,-0.08755393761796917,0.9528340240034049,-0.5582002903151236,0.2010957399430735,-0.1254522262216141,0.16942404210567474,0.5296605229377747,-0.8311168551445007,0.002582059009000659,0.01078595407307148,-0.00014184374595060945,-0.27978309988975525,0.06388990581035614,-0.8533405661582947
1724162994.657865,-0.27345605342434537,0.11140665708172616,-0.10134986193475702,0.950020217700022,-0.573005162477263,0.18703677624148113,-0.1573099491684939,0.15624767541885376,0.5421596765518188,-0.825620710849762,-0.016294356435537338,0.04253533110022545,0.01985703408718109,-0.22534926235675812,0.011944327503442764,-0.6255530714988708
1724162994.696568,-0.2779023919948784,0.11009920192242655,-0.1100952341198874,0.9479068394539236,-0.5836746663128025,0.17774226648230687,-0.17773042237549314,0.14753611385822296,0.5510939359664917,-0.8212968707084656,-0.02502797171473503,0.033063050359487534,0.028081994503736496,-0.12615996599197388,0.02362595498561859,-0.35210081934928894
1724162994.740669,-0.2802838883410027,0.10780180943563251,-0.11422129968845526,0.9469810389653394,-0.5889323848319368,0.1693446221341951,-0.18860161450985194,0.1401437520980835,0.5554735660552979,-0.8196394443511963,-0.025975199416279793,0.04651268944144249,0.004882123786956072,-0.10217966884374619,-0.04877123236656189,-0.09579260647296906
1724162994.840667,-0.282281832654099,0.10606803286816838,-0.11462700761237635,0.9465342423624209,-0.5928119255755664,0.16482077288019276,-0.19058959151269375,0.136079803109169,0.558695375919342,-0.8181330561637878,-0.00838029570877552,0.025360984727740288,0.0009449995122849941,-0.027280887588858604,-0.04329725354909897,-0.010421556420624256
1724162994.85269,-0.28244717001966907,0.10597054430909322,-0.11509298426795181,0.9464392843792409,-0.5932168212143359,0.16424777578495417,-0.19172359815793819,0.13557398319244385,0.5590311288833618,-0.8179876804351807,-0.057930562645196915,0.03681888058781624,-0.016327880322933197,0.0038716457784175873,0.036449134349823,0.08551033586263657
1724162994.891271,-0.2808586833769019,0.10615445384482422,-0.11700280346541891,0.9466571897984583,-0.5902810312925854,0.1635395267851465,-0.1961241235680892,0.13526123762130737,0.5565945506095886,-0.8196992874145508,-0.02423112839460373,0.027035679668188095,-0.01905917562544346,0.08592605590820312,0.1038779616355896,-0.04375239834189415
1724162994.897723,-0.27912672693267193,0.10784006134940384,-0.119751349515528,0.946635267822383,-0.5875101628641909,0.1657402946558924,-0.20142530044049314,0.13731880486011505,0.5542904138565063,-0.8209176063537598,-0.02079783007502556,0.0011044549755752087,0.00794321671128273,0.11128886789083481,0.09986168146133423,-0.10261056572198868
1724162994.9500542,-0.27867373793120576,0.10987096437153741,-0.12264562718465676,0.946164477638273,-0.5875130180822267,0.1684662093096696,-0.20673820454538464,0.13955576717853546,0.5542927980422974,-0.8205386400222778,-0.012027471326291561,0.01129891350865364,-0.0052084713242948055,-0.0465354360640049,0.16414625942707062,-0.09088028222322464
1724162995.029457,-0.28053297928998394,0.11221826819036113,-0.12510471448403765,0.9450169628941744,-0.5923291734202688,0.17188791069747228,-0.21066937295179874,0.1419043242931366,0.558294951915741,-0.8174166083335876,-0.024165648967027664,-0.0014231858076527715,0.01664545014500618,-0.14566746354103088,0.08945651352405548,-0.07159645855426788
1724162995.079319,-0.2838204538334447,0.11290910044814866,-0.12647380521753215,0.9437699539387205,-0.5995639358356046,0.17203416605964972,-0.21313668321314921,0.14132872223854065,0.5642825365066528,-0.8133949637413025,-0.001193823991343379,-0.011229142546653748,-0.015011346898972988,-0.1905095875263214,0.09570541977882385,-0.08998491615056992
1724162995.0912719,-0.28675374124281294,0.11291269397001405,-0.12795860900730216,0.9426821551909625,-0.6059358578563092,0.17053527663118698,-0.21640393334052613,0.1394963413476944,0.5695315599441528,-0.8100460171699524,-0.007205463945865631,0.006778985261917114,-0.005641484167426825,-0.13503393530845642,-0.01602032594382763,-0.05910401791334152
1724162995.097742,-0.28927534881985134,0.11378994426789259,-0.12807981804034718,0.9417892653294193,-0.6114083308524577,0.17210473351290068,-0.21589717026057884,0.14023162424564362,0.5740212202072144,-0.8067432641983032,-0.006669334601610899,0.0036843318957835436,-0.0026068228762596846,-0.12901681661605835,0.051759157329797745,0.013980538584291935
1724162995.159054,-0.29082808459311094,0.11464320430423872,-0.12757623874677362,0.9412758022772487,-0.6147451819099515,0.1742339951135348,-0.21399531079424358,0.14161624014377594,0.5767503976821899,-0.804551899433136,-0.008310874924063683,0.00859848503023386,-0.0017051603645086288,-0.08779577165842056,0.04962373897433281,0.03720353916287422
1724162995.17028,-0.2920911054563599,0.11544411949043562,-0.1264278826084538,0.9409417113627103,-0.6173448191705826,0.17677432092902923,-0.21062714420769876,0.14339545369148254,0.5788721442222595,-0.8027108907699585,-0.00961843878030777,0.0031907674856483936,0.013752415776252747,-0.05447973683476448,-0.027034815400838852,0.05873515456914902
1724162995.219141,-0.293154197751292,0.11550917338093936,-0.12502343267194924,0.9407907848904139,-0.6193134339416142,0.1778259147450844,-0.20720527383561846,0.1440376341342926,0.5804762244224548,-0.8014364838600159,-0.006346091628074646,0.006475514732301235,0.007096163462847471,-0.054868727922439575,-0.012370802462100983,0.07752890139818192
1724162995.251591,-0.29392431578019546,0.1153522299403152,-0.12390099852764247,0.9407182581736291,-0.6206750708167836,0.1781945833685781,-0.20462733002089642,0.1441928595304489,0.5815844535827637,-0.8006047010421753,-8.067116141319275e-05,0.0058509064838290215,-0.0003043845063075423,-0.0267802607268095,0.011786025017499924,0.04566222056746483
1724162995.306548,-0.2936638138560979,0.1156019787959312,-0.12333661351899718,0.9408431286414609,-0.6200785340979535,0.17923509811435595,-0.20313656098756797,0.14508764445781708,0.5810990929603577,-0.8007954955101013,-0.000976745504885912,0.007602363359183073,0.0022685255389660597,0.04037659242749214,0.009772340767085552,0.039286475628614426
1724162995.347659,-0.29243224373067955,0.11602516605557338,-0.12256417029467832,0.9412754238091755,-0.6174521353785146,0.18095619363300722,-0.2011113927285683,0.14673984050750732,0.5789596438407898,-0.802043080329895,-0.001553210779093206,0.013622469268739223,-0.0009183278307318687,0.07564827054738998,0.018347973003983498,0.06945516914129257
1724162995.36825,-0.29036469904531936,0.11684778157179133,-0.12166623346003386,0.9419300443723198,-0.6131412228826671,0.1837935767724562,-0.19858369340314264,0.14946970343589783,0.5754393339157104,-0.8040698766708374,-0.004046939779073,0.011544832959771156,-0.002596474252641201,0.11797930300235748,0.056624557822942734,0.07964016497135162
1724162995.401573,-0.2874945234968314,0.11825689033580056,-0.12025244279816373,0.9428157303575471,-0.6071754950410139,0.18844073509203427,-0.19453101918795931,0.15384507179260254,0.5705500841140747,-0.8067244291305542,-0.0029159525875002146,0.0038762425538152456,0.006353592500090599,0.17039458453655243,0.06383941322565079,0.11670582741498947
1724162995.474022,-0.28386280369433686,0.11971437585259996,-0.11890466630862533,0.9439024937648377,-0.5996418126636058,0.1931859797092992,-0.19073246360816584,0.15849216282367706,0.5643468499183655,-0.8101807832717896,-0.00493583083152771,0.00600102823227644,0.010134274140000343,0.19634483754634857,0.053710952401161194,0.12819042801856995
1724162995.502964,-0.27997493648360106,0.12066309928055464,-0.1173216116406964,0.9451402282224504,-0.5914242545612775,0.19688893331692475,-0.1868419287130264,0.16239286959171295,0.557543933391571,-0.8141089081764221,-0.00968075916171074,0.008317681029438972,0.0057927523739635944,0.19956162571907043,0.03514302894473076,0.1463983952999115
1724162995.534041,-0.27647697416438993,0.12135913737895705,-0.11541791640667036,0.9463144254307012,-0.5839004438454797,0.200138771222848,-0.18239994792265593,0.16586700081825256,0.5512823462486267,-0.8176648616790771,-0.0070257289335131645,-0.0034766579046845436,-0.0023041630629450083,0.16387127339839935,0.0267034862190485,0.11895652115345001
1724162995.5620499,-0.2734032347207407,0.12146117169553113,-0.11428563153708444,0.9473312798020685,-0.5773070567256221,0.2014172792739145,-0.18012340889534484,0.16763579845428467,0.5457693934440613,-0.8209956884384155,0.009596453979611397,-0.0009893071837723255,-0.021559886634349823,0.13393309712409973,0.06007133424282074,0.05393866449594498
1724162995.620717,-0.2707534243375234,0.12298956043777791,-0.11354671892682264,0.9479837402551579,-0.5719465288147122,0.20564219798301783,-0.17775736156188263,0.17169786989688873,0.541269838809967,-0.823132336139679,0.001046682707965374,-0.0003402160946279764,-0.006817067973315716,0.1407281905412674,0.09852278977632523,0.08943570405244827
1724162995.6505342,-0.2671844484409725,0.12539001214619314,-0.11260606217773243,0.9487938009479511,-0.5647980587167916,0.21203395495160868,-0.17452727745539567,0.177765354514122,0.5352452397346497,-0.8257796168327332,-0.0007234815857373178,0.0009612361900508404,0.006136223673820496,0.1834258735179901,0.10899282246828079,0.11645317822694778
1724162995.681481,-0.263233101975633,0.1287757351006667,-0.11171361467150759,0.9495499431616105,-0.5570423094363701,0.22061128903140498,-0.1709007082589001,0.1857445389032364,0.5286779403686523,-0.8282502889633179,-0.00016904258518479764,-0.005027572624385357,-0.008868224918842316,0.16791531443595886,0.2233317494392395,0.13774342834949493
1724162995.81833,-0.25902773786552835,0.1325290417887128,-0.11168526648630576,0.9501931510277452,-0.5490250918805096,0.2294277888723502,-0.1691312000852539,0.19399720430374146,0.5218558311462402,-0.8306813836097717,-0.009428011253476143,-0.02234809286892414,0.011558832600712776,0.2238030880689621,0.14511284232139587,0.04810459539294243
1724162995.8236408,-0.2545738481875413,0.13514615927101753,-0.11340912109005508,0.9508237897363825,-0.5407316032781062,0.234561732014566,-0.17214168829982548,0.19925837218761444,0.514763355255127,-0.8338553309440613,0.0005544390296563506,-0.005988809280097485,-0.015004448592662811,0.19105970859527588,0.20854808390140533,-0.02723824232816696
1724162995.86802,-0.2508784603883026,0.1379660956133634,-0.11511272227667226,0.9511962235447102,-0.5340605019910705,0.24012580357973548,-0.1748832427095458,0.2047070562839508,0.5090326070785522,-0.8360506892204285,-0.0052039786241948605,0.0032080290839076042,-0.0121507178992033,0.14731140434741974,0.18672190606594086,-0.009083866141736507
1724162995.873314,-0.24784008072159508,0.14020860661222137,-0.11592183042806635,0.9515665453381286,-0.5284311855513878,0.24488549824157374,-0.17588954657377023,0.20937548577785492,0.5041791200637817,-0.8378337025642395,-0.0074331932701170444,0.005400858353823423,-0.007006622385233641,0.10926949232816696,0.12802842259407043,0.025776082649827003
1724162995.918785,-0.24560863474797517,0.14188758437385404,-0.11534718160695362,0.951965937303003,-0.5240084821420775,0.24913749528331341,-0.174025600146811,0.2134837657213211,0.5003547668457031,-0.8390886187553406,-0.009938089177012444,-0.003248045686632395,0.009128348901867867,0.10229703783988953,0.04147234559059143,0.08078642934560776
1724162995.924395,-0.24387458274646798,0.14210772077034758,-0.1141053785015814,0.9525284481645362,-0.5201674719363621,0.2504605440999745,-0.17147197274031273,0.2150684893131256,0.4970254600048065,-0.8406611680984497,-0.008700421079993248,-0.0029323119670152664,0.00860314629971981,0.06564998626708984,-0.051154401153326035,0.102165587246418
1724162995.957862,-0.243374688614731,0.14126348116177032,-0.11233513070738287,0.9529921875162941,-0.5185324751239603,0.24962554618334265,-0.16813844044029622,0.2145669311285019,0.49560606479644775,-0.841626763343811,0.008013683371245861,0.0046157254837453365,-0.007393648382276297,-0.026920916512608528,-0.037766583263874054,0.1208590492606163
1724162996.007787,-0.24349245499443678,0.14120216385120649,-0.10960017232660992,0.9532896117840305,-0.5180526150832352,0.25106764977568274,-0.16208129175782116,0.2158394753932953,0.49518921971321106,-0.8415467739105225,0.021524904295802116,-0.005713321268558502,-0.009000521153211594,-0.02908673696219921,0.009518791921436787,0.14054986834526062
1724162996.103146,-0.2433231246291533,0.1417946932742599,-0.10749964036389385,0.9534840525630585,-0.5172539527903746,0.25361738596615974,-0.1571084833746053,0.21808364987373352,0.4944952130317688,-0.8413762450218201,0.018189720809459686,-0.02789580449461937,-0.008405549451708794,-0.0058164214715361595,0.04555158689618111,0.04999375715851784
1724162996.1150022,-0.24260839125823838,0.1425156146187787,-0.10895965701152767,0.9533929234067615,-0.5162923402605766,0.2544190944743575,-0.16006967455175763,0.21887770295143127,0.4936591684818268,-0.8416609168052673,0.014773907139897346,-0.04205721616744995,0.002268868265673518,0.09499561786651611,0.020949162542819977,-0.17391939461231232
1724162996.1412659,-0.24091060422142602,0.14337146483490082,-0.11459218048941754,0.9530347401280462,-0.5144439512386259,0.25318023945218027,-0.1723976158106412,0.21806302666664124,0.4920508563518524,-0.8428134322166443,0.0022582998499274254,-0.016029875725507736,-0.007946448400616646,0.12871257960796356,0.1408761739730835,-0.28384584188461304
1724162996.174083,-0.2381864573733402,0.14421645048562856,-0.12145067727360448,0.952742563088086,-0.5108181541448257,0.2513311557084387,-0.18763267059896033,0.21694648265838623,0.4888911247253418,-0.8449376821517944,-0.01301901787519455,0.013807476498186588,-0.0005895784706808627,0.14590007066726685,0.1307721585035324,-0.2821016013622284
1724162996.220261,-0.23612043031834712,0.14405111897828207,-0.12640794630692398,0.9526370167207698,-0.5078417801447779,0.2483246107234266,-0.19908749521130004,0.2147618532180786,0.4862925410270691,-0.8469928503036499,-0.030955472961068153,0.03506215289235115,0.011683669872581959,0.07510412484407425,-0.014665373601019382,-0.1514139473438263
1724162996.251896,-0.2353892330124581,0.1425077366141865,-0.12681532152286085,0.9529959367997198,-0.5061279599871382,0.24472902351499037,-0.20100057699672677,0.21191665530204773,0.4847942888736725,-0.8485668897628784,-0.015181845985352993,0.02908024564385414,0.005310886073857546,0.03672384098172188,-0.09240035712718964,0.05641527846455574
1724162996.291616,-0.23518483516852964,0.14059111826588241,-0.12459203944272916,0.9536241165780118,-0.5047503405207058,0.2417386209474704,-0.19720755612704852,0.20953784883022308,0.48358893394470215,-0.8498444557189941,-0.007146694231778383,0.007469864562153816,0.007623090874403715,0.026806393638253212,-0.15907299518585205,0.13096539676189423
1724162996.322887,-0.2356107897458074,0.13857464200240968,-0.12145551773548079,0.9542185441578154,-0.5044313330645012,0.2389792576133329,-0.1913430224013733,0.20722852647304535,0.48330968618392944,-0.8505692481994629,0.017638789489865303,-0.02989494986832142,-0.00908984337002039,0.013939202763140202,-0.08914163708686829,0.0373658686876297
1724162996.388536,-0.23637050317634298,0.13822566145064616,-0.12068393796344745,0.9541791735293967,-0.5057261915851138,0.23856941720260036,-0.18970338752948193,0.20673184096813202,0.4844428598880768,-0.8500453233718872,0.00961843878030777,-0.0031907674856483936,-0.013752415776252747,-0.05246609449386597,0.02184462919831276,0.020232204347848892
1724162996.416057,-0.23728390056299078,0.13930830027151103,-0.12034417041752413,0.953837906063013,-0.5077251714679661,0.24109169257135143,-0.1881725763336453,0.2086436003446579,0.48619064688682556,-0.8485791087150574,-0.00036353670293465257,0.0023044331464916468,0.0005286521627567708,-0.07186447829008102,0.031247323378920555,0.0055929431691765785
1724162996.450914,-0.23797258693192663,0.13976314324102826,-0.11900214505110293,0.9537681714835885,-0.5088870066587953,0.24280919292235603,-0.18481727968843534,0.209964781999588,0.4872055947780609,-0.8476706147193909,0.00482966611161828,0.010039295069873333,-0.0025573873426765203,-0.019052866846323013,0.025183558464050293,0.07555801421403885
1724162996.495523,-0.23760423776398942,0.13987098389111352,-0.11592181572653967,0.954223443382929,-0.5073734570482307,0.24482232056895686,-0.17800787976356933,0.21184931695461273,0.48588326573371887,-0.8479606509208679,-0.011406521312892437,0.024900533258914948,0.01169494166970253,-0.014890039339661598,-0.059376467019319534,0.21611547470092773
1724162996.527916,-0.2375439513962692,0.13850871631636216,-0.11087910066518683,0.9550360777210506,-0.5057246758693891,0.24463512971400522,-0.16765598087259612,0.21188431978225708,0.4844415485858917,-0.8487764000892639,-0.011388644576072693,0.0023220572620630264,0.016321875154972076,-0.0010907950345426798,-0.16738271713256836,0.24181076884269714
1724162996.556748,-0.23813437977494947,0.13619554180299848,-0.10538347021948469,0.9558435934037163,-0.5051559983395063,0.24254085385444676,-0.1567312882978665,0.21017241477966309,0.48394396901130676,-0.8494855761528015,0.0047336360439658165,-0.01539840828627348,-0.008996853604912758,-0.009206308983266354,-0.12674760818481445,0.1853766292333603
1724162996.609037,-0.23808465508124815,0.13505433982137902,-0.1020355775312468,0.9563809902450225,-0.504031916182228,0.24187934344630097,-0.15000771046138442,0.20974059402942657,0.4829599857330322,-0.8501520752906799,-0.021667852997779846,0.018861304968595505,0.011120302602648735,0.06040441244840622,-0.10190371423959732,0.1682446300983429
1724162996.658924,-0.23403111968102266,0.1347601651856243,-0.09711359601299108,0.9579342325972596,-0.4944492432609758,0.24408920573472231,-0.14017286347605637,0.21272753179073334,0.4745469391345978,-0.8541382551193237,-0.032931383699178696,0.03278401866555214,0.031079290434718132,0.31526145339012146,-0.0184179674834013,0.45222175121307373
1724162996.699503,-0.2227795943809472,0.13376666112435573,-0.08887651585882715,0.9615490417858049,-0.46923537827118833,0.24651102161357702,-0.12513347136280661,0.21764665842056274,0.4522044360637665,-0.864951491355896,-0.0019769000355154276,-0.04815726727247238,0.03357622027397156,0.7181934118270874,-0.11496307700872421,0.43217065930366516
1724162996.727748,-0.2086259431373758,0.13318037824679632,-0.0817551053096948,0.965429540427985,-0.43852406669153715,0.24891223285479713,-0.11321959807749254,0.22304005920886993,0.4246036410331726,-0.8774763941764832,0.013496419414877892,-0.01542284619063139,0.0007434956496581435,0.6877276301383972,-0.020385228097438812,0.4535498321056366
1724162996.756696,-0.19611992887291857,0.1347761996260724,-0.07538102262503076,0.9683439474495227,-0.4116720344702851,0.25531678561073107,-0.1017901860413221,0.23145198822021484,0.40014222264289856,-0.8867446780204773,0.01015093456953764,-0.0048079537227749825,-0.026180503889918327,0.5395849347114563,0.07278012484312057,0.40377146005630493
1724162996.8115811,-0.18600732548269025,0.1367975408666866,-0.07041898377232031,0.9704271170463634,-0.3900983659652304,0.2617241621806503,-0.09288398500433986,0.2393071949481964,0.38027939200401306,-0.8933753967285156,0.01947932317852974,-0.0042499336414039135,-0.04925772175192833,0.43025994300842285,0.09487204253673553,0.26837146282196045
1724162996.849304,-0.1778681714873197,0.13953372366325054,-0.06691355955949851,0.9718105287817397,-0.37296879152243684,0.26888992000133655,-0.08646195825321495,0.24739709496498108,0.36438173055648804,-0.8977864980697632,0.009912430308759212,0.004756809212267399,-0.04278239980340004,0.3662779927253723,0.17881931364536285,0.26974672079086304
1724162996.880408,-0.16814665969253398,0.14256534357349362,-0.06319119417665348,0.9733491600095799,-0.3526101801131012,0.27659585406655063,-0.08007752033454218,0.25628092885017395,0.3453485667705536,-0.9028036594390869,-0.002867958275601268,0.015510013327002525,0.004381409380584955,0.5230671167373657,0.14097769558429718,0.34047484397888184
1724162996.9203382,-0.15473580789350674,0.14591835688092206,-0.056479994338611096,0.9754868113139158,-0.3240078483458406,0.2857430627881475,-0.06865693216912237,0.2672038972377777,0.31836840510368347,-0.9095293283462524,0.01819048635661602,0.009149820543825626,0.0519990548491478,0.7310006022453308,0.09900206327438354,0.5437685251235962
1724162996.9640589,-0.13568894600757592,0.15051572066652397,-0.05067516722185593,0.9779393822265384,-0.2844670364384607,0.2967241674577007,-0.06074495123857053,0.28063836693763733,0.2806459367275238,-0.9178670644760132,-0.0021927799098193645,-0.010258825495839119,0.05403490364551544,1.0823068618774414,0.1681772768497467,0.5271056890487671
1724162997.01339,-0.11133743225474146,0.15570029300087349,-0.043833880747645694,0.9805303886783955,-0.23412234883166722,0.30874901210689965,-0.052753360227989946,0.2955770194530487,0.23198935389518738,-0.9267228245735168,0.0029752803966403008,0.023009447380900383,0.01539643108844757,1.2065247297286987,0.3406233489513397,0.6257055997848511
1724162997.040595,-0.08628671647017525,0.1627381711690487,-0.034528004691438914,0.9822823174359376,-0.18175290326200888,0.32468007059441945,-0.04042490462361531,0.3137510418891907,0.18075387179851532,-0.9321417808532715,-0.004986817017197609,0.026379860937595367,0.025896817445755005,1.1136293411254883,0.2943371534347534,0.7130780816078186
1724162997.0981889,-0.062146861058909944,0.16886881809555662,-0.025282619499629358,0.9833523070177214,-0.13113896293676147,0.33823410698274325,-0.028987029027092853,0.32897260785102844,0.13076339662075043,-0.9352421760559082,-0.009291604161262512,0.0023343206848949194,0.02853431925177574,1.108148217201233,0.21912267804145813,0.6222604513168335
1724162997.142878,-0.039136380719192475,0.1722620140492253,-0.01778905716682856,0.9841125661591729,-0.08325410821679378,0.3456747751659744,-0.021605955885196128,0.33765801787376404,0.08315794914960861,-0.9375882744789124,0.011594431474804878,0.003427692921832204,-0.012380378320813179,0.9882734417915344,0.14134813845157623,0.5000174045562744
1724162997.171784,-0.02019575477438073,0.17509283759347774,-0.012208893640297102,0.984269040541063,-0.04404573227908997,0.35172521517766053,-0.016978689884718925,0.3441837728023529,0.044031474739313126,-0.9378692507743835,0.01247609592974186,0.014096593484282494,-0.04565279558300972,0.791511058807373,0.1401628702878952,0.39152464270591736
1724162997.213328,-0.005845872827826408,0.17797827128871338,-0.007790809350261137,0.9839861670259441,-0.014278190690141294,0.3577856031404809,-0.013252959394464133,0.3501652181148529,0.014277688227593899,-0.9365791082382202,0.006181507371366024,0.02421792410314083,-0.056217554956674576,0.5519195199012756,0.16775833070278168,0.3337756097316742
1724162997.269094,0.004769639164966443,0.1812150386440257,-0.002473553096185272,0.9834287593982051,0.008484812419862157,0.3644768844722222,-0.006594072340742876,0.3564477562904358,-0.008484728634357452,-0.9342767000198364,0.004352181684225798,0.007314337883144617,-0.02347896620631218,0.4589453637599945,0.21474097669124603,0.37171483039855957
1724162997.28048,0.014852954151726772,0.1856735635872205,0.0033602921701585556,0.9824933833782058,0.030438393155298824,0.3735418414684157,0.0010878319039687064,0.3647462725639343,-0.030433712527155876,-0.9306094646453857,-0.014851977117359638,-0.0016186407301574945,0.01668626256287098,0.468384325504303,0.23482687771320343,0.41692808270454407
1724162997.329146,0.024582410827761476,0.19001352586448636,0.00959681315658649,0.9814267443342317,0.051922045748995886,0.38223979797296515,0.00950811371924501,0.3724968731403351,-0.051898740231990814,-0.9265811443328857,-0.013875231146812439,-0.009221003390848637,0.01441773772239685,0.4119008183479309,0.2740635871887207,0.4090954065322876
1724162997.366569,0.032352416375924134,0.1935634184448212,0.014624347849327753,0.9804450620694304,0.06915612209804343,0.38927472986524914,0.01619165988987364,0.3786103427410126,-0.06910102814435959,-0.9229730367660522,-0.0059682708233594894,-0.01475976500660181,0.0061155264265835285,0.2671181559562683,0.17701958119869232,0.22383473813533783
1724162997.44309,0.03389244207795411,0.19620906981166097,0.01675157791257565,0.9798328992793437,0.07305645196899954,0.3945513542557544,0.019580964123950075,0.38336870074272156,-0.0729915052652359,-0.9207066297531128,0.0008040695684030652,-0.011152469553053379,-0.026599500328302383,-0.13707973062992096,0.1504470258951187,0.08336073160171509
1724162997.453988,0.029462811806123736,0.197745560253403,0.016680088119230864,0.979668441945631,0.06436884182404644,0.3976679323497098,0.021074833335077606,0.3864672780036926,-0.06432442367076874,-0.9200572967529297,0.03305135667324066,-0.08960966765880585,-0.026825949549674988,-0.25036564469337463,0.07948505133390427,-0.24805334210395813
1724162997.478703,0.022462201151669654,0.1990539990945782,0.011334012119310018,0.979665443533865,0.04854210672499233,0.40059122663731567,0.013280731889372309,0.38950347900390625,-0.04852306470274925,-0.919745922088623,0.024223260581493378,-0.05244571715593338,-0.030735604465007782,-0.363157719373703,0.09260325133800507,-0.4297031760215759
1724162997.5468721,0.013594700009318525,0.19970555800407697,0.005269026384812561,0.9797474168367601,0.028747211438263982,0.402087755227062,0.004896798461978324,0.39117875695228577,-0.02874327078461647,-0.9198657274246216,-0.012120342813432217,-0.0374707393348217,0.01609702594578266,-0.4399473965167999,-0.059421926736831665,-0.41152310371398926
1724162997.592715,0.004080826005073955,0.19760933538896452,-0.0009474068435796464,0.9802718222259201,0.0076262785389591345,0.39785387001799843,-0.003470358978684667,0.38742944598197937,-0.00762622244656086,-0.9218677878379822,0.0009507360518909991,-0.021437592804431915,0.007511128205806017,-0.4586278796195984,-0.1390911042690277,-0.40901631116867065
1724162997.6056662,-0.005310895380746783,0.1946029315489427,-0.0059541242292687705,0.9808495893449594,-0.012736103480387754,0.39165663540715445,-0.00961409681664387,0.3816891610622406,0.012735742144286633,-0.9242029786109924,-0.007304919417947531,-0.006330435164272785,0.02437545359134674,-0.45847538113594055,-0.21789461374282837,-0.3071335554122925
1724162997.651685,-0.014183053246124585,0.18965061402276745,-0.009051214672195919,0.9817074299572016,-0.03128545768910439,0.3814732995578687,-0.012398024308880306,0.37210607528686523,0.031280338764190674,-0.9276629686355591,-0.00023889652220532298,-0.00794939324259758,0.01644797995686531,-0.4460197389125824,-0.29932546615600586,-0.22141699492931366
1724162997.681704,-0.02313386316342593,0.18349675484192565,-0.011041937256523629,0.9826860619357279,-0.049539229261461905,0.3688798667400057,-0.013228151868299828,0.3601285219192505,0.04951895400881767,-0.9315875172615051,0.0002165621262975037,-0.00519314082339406,0.019178256392478943,-0.45289620757102966,-0.3626140058040619,-0.170351043343544
1724162997.738185,-0.03251291906316436,0.17630090357429676,-0.012382228891210469,0.9837212542412413,-0.06838658707378034,0.3542291900884532,-0.012927786783277162,0.34605672955513,0.06833328306674957,-0.9357218146324158,0.009148304350674152,-0.004530332051217556,0.01701916754245758,-0.49123942852020264,-0.42847031354904175,-0.1477704495191574
1724162997.7678108,-0.04300213018441063,0.1686272010700861,-0.014005603307062664,0.9846417817415177,-0.08952638354942503,0.33863575761799836,-0.013131310963361498,0.33087024092674255,0.0894068256020546,-0.939431369304657,0.018002843484282494,-0.008174736052751541,-0.011516878381371498,-0.5325628519058228,-0.407278835773468,-0.24330663681030273
1724162997.846843,-0.054937298818480376,0.16144565813383596,-0.016389298364312733,0.9852149422139349,-0.11378744395576232,0.3240152764037136,-0.014650448912095973,0.3163165748119354,0.11354204267263412,-0.9418343901634216,0.0029787891544401646,0.0150214908644557,-0.0002923114225268364,-0.6481980681419373,-0.4153405725955963,-0.204700767993927
1724162997.859424,-0.06799860485577287,0.15399967489520935,-0.018181082983097015,0.9855605940502554,-0.1400910290927921,0.30894968361488756,-0.015041510760936731,0.3010794520378113,0.13963323831558228,-0.9433205723762512,0.018362829461693764,-0.004661375656723976,-0.00674061942845583,-0.6110231876373291,-0.37090280652046204,-0.25017398595809937
1724162997.8980942,-0.07961676936224488,0.1479263488205115,-0.020592655689294997,0.9855733210726643,-0.16375966963817554,0.29654204481771523,-0.017268180253766394,0.28830549120903015,0.16302871704101562,-0.9435579180717468,0.003988728392869234,0.013959097675979137,-0.0021826522424817085,-0.5206535458564758,-0.27448704838752747,-0.175359845161438
1724162997.950546,-0.08826886632108313,0.14376254750043413,-0.021760017922017764,0.9854274907638672,-0.18121182302786176,0.2881158842391613,-0.01779868527027259,0.27949365973472595,0.18022167682647705,-0.9430818557739258,0.002376272575929761,0.005036204122006893,-0.004083341918885708,-0.33726468682289124,-0.18140754103660583,-0.12666676938533783
1724162997.955738,-0.09342030986667411,0.1411796385553605,-0.022286274390362484,0.9853142953692346,-0.19155885785528498,0.28291377642221655,-0.01786763503030606,0.27404865622520447,0.1903894692659378,-0.9426819086074829,-0.008134215138852596,0.02601511776447296,-0.005345141049474478,-0.19341586530208588,-0.1334008425474167,-0.05661403387784958
1724162998.010452,-0.09573877147250258,0.14000336136127012,-0.02220836405606574,0.9852613751774801,-0.19612890259181523,0.280604705085686,-0.017286849716805767,0.27162739634513855,0.19487391412258148,-0.9424663186073303,-0.013951794244349003,0.017006918787956238,0.017293889075517654,-0.033555082976818085,-0.10962148755788803,-0.01786753349006176
1724162998.061563,-0.09620024759879474,0.13873672512406202,-0.021532812021875857,0.9854104654699264,-0.19683685071323342,0.27815758982762706,-0.016054998994491112,0.2692823112010956,0.1955682337284088,-0.9429952502250671,-0.001949465717189014,0.031241416931152344,-0.013050073757767677,-0.005127083044499159,-0.0056585893034935,0.0680437758564949
1724162998.113096,-0.09572340301913614,0.13880537053720304,-0.02038066367146341,0.9854717932198237,-0.19556757147755857,0.278502673781189,-0.013859933291384149,0.26967573165893555,0.1943233162164688,-0.9431402087211609,-0.014153514057397842,0.02946402318775654,0.006149097811430693,0.0211979690939188,-0.007179890293627977,0.08195426315069199
1724162998.12586,-0.09605209408915759,0.13805113924292764,-0.01852674507342782,0.9855823038337876,-0.19569647683671454,0.27732974065492744,-0.01019380993430091,0.2685624361038208,0.1944497525691986,-0.9434317350387573,0.008916900493204594,-0.006601154338568449,-0.010192550718784332,0.0135744484141469,0.026082843542099,-0.028595466166734695
1724162998.1663861,-0.09650380046439928,0.13721886569509884,-0.019162567869289583,0.9856422973154567,-0.1967625583319198,0.2755208596719199,-0.011512987667037747,0.2667989134788513,0.1954953819513321,-0.9437159895896912,0.009670024737715721,0.004795372486114502,-0.010645679198205471,-0.010304952040314674,0.013707686215639114,-0.05962328612804413
1724162998.206071,-0.0971418490324928,0.13614460898309827,-0.02016030914144307,0.9857086568419571,-0.19829349914411284,0.273151398933187,-0.013559827752043143,0.2644810080528259,0.1969965547323227,-0.9440562129020691,0.007708358578383923,-0.018583770841360092,-0.0020858703646808863,0.0109506044536829,-0.051528580486774445,-0.1286473572254181
1724162998.234401,-0.09822095495275258,0.1354977105013447,-0.0214151925362156,0.9856644201010022,-0.2007754058258942,0.2716207458188286,-0.015919401750380643,0.26290369033813477,0.1994292140007019,-0.9439860582351685,0.004201614763587713,0.008073261007666588,-0.008850977756083012,-0.07941529899835587,0.030926097184419632,-0.04871049150824547
1724162998.290298,-0.10008422901505915,0.13549778359736436,-0.021719792447204397,0.9854702634979735,-0.2045698832433221,0.27163311884329044,-0.016020765598696904,0.26271045207977295,0.20314602553844452,-0.9432470202445984,-0.004385458305478096,-0.018194634467363358,0.002333119511604309,-0.09423874318599701,-0.010724400170147419,-0.04331202805042267
1724162998.3340678,-0.10127921512291563,0.13558806246049743,-0.023097485847195794,0.985304460936269,-0.2073273372420708,0.2715835723739303,-0.018447695973881496,0.2625124454498291,0.2058452069759369,-0.9427167773246765,-0.002717908238992095,-0.009273556992411613,-0.008348196744918823,-0.021909641101956367,0.045247532427310944,-0.0643780454993248
1724162998.371541,-0.1011079230904968,0.13615350264924608,-0.024912902469899773,0.9851997991610949,-0.20749263730873072,0.27236408950931895,-0.02203025855483128,0.2632390260696411,0.2060069590806961,-0.9424788355827332,-0.012516082264482975,0.004172853659838438,0.002066897926852107,0.029183141887187958,0.03545038029551506,-0.04065593332052231
1724162998.416343,-0.09922846181284756,0.1365344323528574,-0.027882006434459365,0.985258621638681,-0.20456893580421587,0.27248089575246465,-0.02844259253148758,0.2635100781917572,0.2031451016664505,-0.9430240988731384,-0.005266257096081972,0.01050510536879301,-0.009726551361382008,0.10920953750610352,0.06859029084444046,-0.15173138678073883
1724162998.446635,-0.09801416637012826,0.13739790279935984,-0.031202558155974405,0.9851605917147718,-0.2030868728678914,0.2735523868686412,-0.03527734306672874,0.2646014094352722,0.20169371366500854,-0.943030059337616,-0.001993868499994278,0.01596001535654068,-0.005998971406370401,0.053092677146196365,0.080020472407341,-0.14273157715797424
1724162998.4775739,-0.09800301775587301,0.13763258398220649,-0.033149765606409615,0.985065324544915,-0.2036076064196487,0.27364106393355003,-0.03915107149166923,0.26465660333633423,0.20220372080802917,-0.9429053664207458,0.0005805317778140306,0.012186747044324875,-0.004016440361738205,0.013927517458796501,0.04789513349533081,-0.09817840903997421
1724162998.518297,-0.09883189355570887,0.13781395569405497,-0.03456004944403537,0.9849086391945534,-0.20565304346273075,0.2737394700869615,-0.041727291369837154,0.2646370232105255,0.20420648157596588,-0.942479133605957,-0.01851651258766651,0.030922411009669304,0.004007474984973669,-0.0758766159415245,-0.04607376456260681,0.03681476414203644
1724162998.5515509,-0.10142988141651953,0.13710324807980712,-0.033802432894992726,0.984770078024407,-0.2105922183989787,0.27247791889373857,-0.03964861974651058,0.2631731927394867,0.20903906226158142,-0.9418293833732605,0.0073340879753232,-0.0031662851106375456,-0.0064101447351276875,-0.1236272007226944,-0.030070053413510323,-0.018879801034927368
1724162998.588978,-0.10487370173277333,0.1365712351315302,-0.03328835572471568,0.9845006912910856,-0.21729489976040908,0.2715599573622021,-0.03779696938713738,0.2619268000125885,0.21558892726898193,-0.9406996369361877,0.0015056913252919912,-0.0034017558209598064,-0.009391702711582184,-0.18853645026683807,-0.02880302257835865,-0.014919601380825043
1724162998.6453009,-0.11016007297746651,0.1357158330051099,-0.033756567142653515,0.9840255997381112,-0.2279317635210579,0.26981446779572954,-0.037512520570074426,0.25965845584869385,0.2259632647037506,-0.9388919472694397,0.008189785294234753,-0.004162450786679983,-0.019519077613949776,-0.3471117615699768,-0.05148369446396828,-0.10808265209197998
1724162998.674238,-0.11916916027866155,0.13490227576342328,-0.03664136316570337,0.9829838943799015,-0.24666239165125617,0.2676706381003709,-0.041139798746802285,0.25648048520088196,0.2441687285900116,-0.9352001547813416,0.009512191638350487,0.008509228937327862,-0.026943190023303032,-0.5783451795578003,-0.0600687637925148,-0.236887127161026
1724162998.709282,-0.13232835234382315,0.13487589522616775,-0.040717407913922206,0.9811420200193895,-0.2740675519483576,0.2668888165523997,-0.0459331763746311,0.25388866662979126,0.27064940333366394,-0.9285954236984253,0.012112084776163101,-0.005453457124531269,-0.03284193202853203,-0.7047310471534729,0.05363162234425545,-0.38647323846817017
1724162998.771524,-0.1479949967399751,0.13483273784120337,-0.04642008373119833,0.9786534694170891,-0.306988734007644,0.26554867332274507,-0.053473500599386936,0.25016915798187256,0.30218952894210815,-0.9198352098464966,0.00294902129098773,-0.00384676200337708,-0.03712690249085426,-0.8135717511177063,0.05363906919956207,-0.45774391293525696
1724162998.81059,-0.16441983027749885,0.13568022759632883,-0.052309612461523,0.9756129476478057,-0.3416211402483402,0.26584362141045587,-0.061012214764132974,0.24754129350185394,0.3350149989128113,-0.9091140031814575,-0.002916035708039999,-0.0004640836559701711,-0.01441406924277544,-0.8036322593688965,0.1244678795337677,-0.37721455097198486
1724162998.851619,-0.1800883883457289,0.13726399496194136,-0.05568404087418795,0.9724329975876865,-0.3742070955926422,0.26847420814957,-0.0632768948723706,0.24690397083759308,0.36553460359573364,-0.8974535465240479,-0.019681643694639206,-0.01165793463587761,0.019243650138378143,-0.714535653591156,0.11343622207641602,-0.19930702447891235
1724162998.88312,-0.19255969824715852,0.1381280832494367,-0.05774901525183037,0.9697970597661654,-0.40002479506012206,0.2699986583043074,-0.06389859794972554,0.24567215144634247,0.38944119215011597,-0.8876827955245972,-0.02226673625409603,0.007398550398647785,0.022792022675275803,-0.5970292687416077,0.03774716332554817,-0.13132251799106598
1724162998.925681,-0.20324831342926594,0.13816493987934475,-0.05800980140292762,0.9675925451010421,-0.4217447540180662,0.2704942287603967,-0.06152235216714002,0.24379393458366394,0.40935295820236206,-0.8792011737823486,-0.008715180680155754,-0.005855949595570564,0.021337343379855156,-0.505201518535614,-0.035178542137145996,-0.07861018180847168
1724162998.956524,-0.2122805369932451,0.13736291913847598,-0.05724612825082743,0.9658111617944639,-0.43981581338021947,0.26963555930635635,-0.0577876977931183,0.2410288006067276,0.4257728159427643,-0.8721368312835693,-0.006676909513771534,-0.00653456524014473,0.020285213366150856,-0.44196075201034546,-0.08690544962882996,-0.0369408093392849
1724162999.011993,-0.22014358338698672,0.13520785714815003,-0.056566092260230405,0.9643940109886925,-0.455494741480749,0.26578012598723694,-0.05522998550494028,0.235881969332695,0.43990668654441833,-0.8665112853050232,-0.013048536144196987,0.007960203103721142,0.024878816679120064,-0.38116681575775146,-0.18146581947803497,-0.015892667695879936
1724162999.0403318,-0.22696835028414736,0.131948910101596,-0.05487386088249285,0.9633606137918664,-0.46876609548209663,0.2599665414898984,-0.0513944668124322,0.2293194979429245,0.4517858326435089,-0.862149715423584,0.001630889717489481,0.012539226561784744,0.015013071708381176,-0.32167062163352966,-0.1664358228445053,0.03166281804442406
1724162999.06921,-0.23209458772810096,0.12934100013973102,-0.052671528209375755,0.9626155133638227,-0.4785143221686851,0.2557551052743288,-0.04661719888193328,0.22456175088882446,0.4604608714580536,-0.8588060140609741,0.0020495213102549314,0.010232976637780666,0.0019024142529815435,-0.22204013168811798,-0.13710172474384308,0.055288635194301605
1724162999.128113,-0.23576674921753688,0.12728632640933168,-0.05013845469780494,0.9621321451250195,-0.48526345552344824,0.2528583781553613,-0.04123013654408709,0.22129055857658386,0.46644142270088196,-0.8564244508743286,-0.0004146061255596578,0.018342940136790276,-0.004476467147469521,-0.17164480686187744,-0.13210240006446838,0.07536731660366058
1724162999.159307,-0.238866610082301,0.12636271764363669,-0.04685931911390769,0.9616544695364304,-0.4907152181689864,0.25285507000144136,-0.0337449681525712,0.22064828872680664,0.471256822347641,-0.8539504408836365,-0.002486070618033409,0.012481587007641792,-0.003802521387115121,-0.16397550702095032,-0.08669044077396393,0.13163547217845917
1724162999.190815,-0.24140726337932075,0.1255731678490679,-0.04316174184107737,0.9612964610468729,-0.49492745105669533,0.25336827178616184,-0.02540481166013516,0.22058695554733276,0.4749678075313568,-0.8519078493118286,-0.007407100405544043,0.023576414212584496,0.003981385380029678,-0.14548778533935547,-0.08858466148376465,0.20311716198921204
1724162999.2254062,-0.24366794460857175,0.12508376644630936,-0.03880472767096596,0.9609755773492471,-0.49840543868033965,0.25492379870628185,-0.015510437057295315,0.2214939445257187,0.4780255854129791,-0.8499599695205688,0.003816177137196064,0.01691948063671589,0.004637865349650383,-0.14290927350521088,-0.07198092341423035,0.20828023552894592
1724162999.307956,-0.2460281531593877,0.12582593143739168,-0.03438218873491328,0.9604456126287357,-0.5020751978295344,0.25932342354648186,-0.004712621472865286,0.22477994859218597,0.48124566674232483,-0.847275972366333,0.018825430423021317,-0.011370545253157616,-0.004236334469169378,-0.09988605976104736,0.046212390065193176,0.162821963429451
1724162999.320205,-0.246449680429147,0.12776417830654974,-0.03332121126631068,0.9601190090049462,-0.5026581181046322,0.2642920350784981,-0.0011523099567826989,0.22891362011432648,0.4817565679550171,-0.8458777666091919,0.023555558174848557,-0.018780997022986412,0.0024555549025535583,0.027840469032526016,0.10573475062847137,-0.0051991199143230915
1724162999.367929,-0.2451536567322441,0.13102292299321125,-0.03639170149612924,0.959900082504991,-0.5008625566671253,0.26967619984577795,-0.006410780268511338,0.23369470238685608,0.48018231987953186,-0.845465362071991,0.02036435715854168,-0.006062168627977371,-0.0028660220559686422,0.11185753345489502,0.24242185056209564,-0.15720225870609283
1724162999.396754,-0.24232217047581234,0.13532354861601437,-0.04305344999229376,0.959746756733481,-0.49699714250244775,0.2752273775731703,-0.01940585052144302,0.23888705670833588,0.47678813338279724,-0.8459349870681763,0.03905748575925827,-0.02173811011016369,-0.020897308364510536,0.20739127695560455,0.35203462839126587,-0.3564481735229492
1724162999.452896,-0.2373987005247021,0.1418258787271914,-0.055873751393452464,0.9593776132882613,-0.4908307063277291,0.2822079962428264,-0.04522191265568581,0.24560043215751648,0.47135868668556213,-0.8470545411109924,0.05566743016242981,-0.07604148238897324,-0.02892697975039482,0.42687827348709106,0.6214480996131897,-0.7376927733421326
1724162999.481742,-0.2287961888639443,0.14932421492546505,-0.07855992204681721,0.9587402279832123,-0.48044519775557437,0.28623455864669384,-0.09294894948078682,0.2503778338432312,0.46217402815818787,-0.8507091999053955,0.01962144859135151,-0.054596394300460815,0.004338414873927832,0.6224451065063477,0.6920774579048157,-1.098699927330017
1724162999.5130548,-0.21841275077618558,0.15615465261020417,-0.10598922387703609,0.9574329154560078,-0.4682580530239222,0.28713052345686707,-0.15157648264294998,0.25271642208099365,0.45133253931999207,-0.8558232188224792,-0.02606811188161373,-0.004427129868417978,0.01580379158258438,0.6823299527168274,0.6750822067260742,-1.1530088186264038
1724162999.568221,-0.20839942473188072,0.16041392926171777,-0.12985067910753492,0.9560207641307336,-0.4557412955028979,0.28515709580683773,-0.20344130047270031,0.2525964677333832,0.44012805819511414,-0.8616741299629211,-0.06166885048151016,0.05691191181540489,0.04504815489053726,0.5382985472679138,0.34275904297828674,-0.8605616092681885
1724162999.648407,-0.20068289264183045,0.16213977638031368,-0.14601265006691835,0.9550482822187353,-0.445237923758933,0.2819431144708676,-0.23919283017707957,0.2510981559753418,0.43067261576652527,-0.8668741583824158,-0.028020653873682022,0.05448656529188156,-0.004223583731800318,0.426320344209671,0.29814213514328003,-0.5229923725128174
1724162999.6525888,-0.19332586030041882,0.1632684593552894,-0.15587802498750794,0.9548143903135486,-0.43353408740700433,0.2808285569934384,-0.26141867303475963,0.2515116333961487,0.4200805425643921,-0.8719370365142822,-0.011784383095800877,0.0439656525850296,0.002291747834533453,0.40074166655540466,0.17242418229579926,-0.2884197235107422
1724162999.680228,-0.18631549433562744,0.16470578926563534,-0.16139869997709003,0.9550439335045149,-0.4214078772851813,0.2826030865919314,-0.2739990895893561,0.2544603645801544,0.40904557704925537,-0.8763170838356018,-0.009184448979794979,0.03217312693595886,0.006776837632060051,0.3461592495441437,0.15545904636383057,-0.11129208654165268
1724162999.7128658,-0.18028980387985125,0.16479354548412317,-0.1641850183545334,0.955710125627763,-0.4101237785442099,0.2826674521051511,-0.28109791125664646,0.2557879388332367,0.3987228572368622,-0.880677342414856,-0.014675317332148552,0.015797993168234825,0.013046281412243843,0.3143956959247589,0.015986988320946693,-0.02667037583887577
1724162999.743062,-0.17566848893558876,0.16373575459057738,-0.16576235248120616,0.9564799574384529,-0.4009891567752492,0.2806190086396731,-0.2858100007595489,0.25498148798942566,0.3903292119503021,-0.884662389755249,-0.01257121842354536,0.0020045069977641106,0.004265072755515575,0.27321046590805054,-0.022694222629070282,-0.019871840253472328
1724162999.812825,-0.17207101451971446,0.16165664917454667,-0.16738618432661662,0.9572045289558962,-0.39361826817624584,0.2762280139624541,-0.29082281357970086,0.25187233090400696,0.38353249430656433,-0.8885173797607422,-0.0009216508478857577,0.0076005468145012856,-0.010313480161130428,0.20362919569015503,-0.0460311658680439,-0.04897589609026909
1724162999.850328,-0.1695967764374177,0.16070945775207124,-0.16906784052501406,0.9575099563262687,-0.38884814924183275,0.27403460373646316,-0.2952503116315194,0.2504150867462158,0.379122793674469,-0.8908188343048096,0.02634323574602604,-0.01092594675719738,-0.03528011217713356,0.1414555460214615,0.10290028154850006,-0.10232731699943542
1724162999.91025,-0.16709092648448748,0.16269623457375468,-0.17238027202890768,0.9570242430063642,-0.38538009084694236,0.2774358525763282,-0.30195323949184205,0.2538021206855774,0.3759113848209381,-0.8912211060523987,0.015479512512683868,-0.02043997123837471,-0.00849429052323103,0.13518428802490234,0.17204326391220093,-0.1626989096403122
1724162999.9269419,-0.1639403731236938,0.16612803298301085,-0.17927215169103872,0.9557125622669589,-0.38215837237482814,0.28262684004979793,-0.31582555880795743,0.2587614059448242,0.37292400002479553,-0.8910500407218933,-0.0041505456902086735,-0.02411176823079586,0.01385609619319439,0.16643163561820984,0.21429263055324554,-0.3614586293697357
1724162999.9556031,-0.16135707558272738,0.16863787739835412,-0.18834489347614042,0.9539660373695547,-0.3804975774945114,0.28490909411372595,-0.33462580025027194,0.26096805930137634,0.3713825047016144,-0.8910503387451172,-0.015156310983002186,0.021060992032289505,0.00781344622373581,0.12300585210323334,0.16038216650485992,-0.38362205028533936
1724162999.988759,-0.15944211230187474,0.17032230959860867,-0.19522033077102977,0.9526056126798458,-0.3793014468807996,0.2862044579307609,-0.34896540347814314,0.2622472941875458,0.3702716529369354,-0.8911370635032654,-0.01826324872672558,0.02428128570318222,0.007875172421336174,0.08283419907093048,0.12117841094732285,-0.23674675822257996
1724163000.03544,-0.1580157207953271,0.17121729066627203,-0.19926752961129232,0.9518445374996646,-0.3779854691182921,0.28686070242795186,-0.3575020544280396,0.2629696726799011,0.3690488934516907,-0.8914313316345215,-0.01720578968524933,0.012998178601264954,0.01629486121237278,0.08869405835866928,0.04921657219529152,-0.14272284507751465
1724163000.0815492,-0.15707291649908867,0.1712387249829218,-0.2021502335101818,0.9513887635587425,-0.3769719304846954,0.28601886493540823,-0.36381138285385584,0.2623245418071747,0.3681067228317261,-0.8920108079910278,-0.023232830688357353,-0.002452465705573559,0.00914581399410963,0.08225150406360626,0.010570063255727291,-0.11940009146928787
1724163000.110558,-0.15679703242341417,0.17016732904726842,-0.20419677785809312,0.9511894365260483,-0.376623368343457,0.2830241103818777,-0.3686459091814208,0.2596878409385681,0.3677825927734375,-0.8929155468940735,-0.010025986470282078,0.007727958261966705,-0.011717705987393856,0.030306221917271614,0.00020158960251137614,-0.09188447892665863
1724163000.152838,-0.1565599974958482,0.17020941055125036,-0.2063257000901249,0.9507615020627006,-0.3767921920726132,0.28233192173695953,-0.3732192456929856,0.2590523958206177,0.3679395914077759,-0.8930354714393616,-0.01850586198270321,0.013469032943248749,-0.011907259002327919,0.04123767465353012,0.08401868492364883,-0.17552822828292847
1724163000.210764,-0.1580436486631699,0.16834659900320142,-0.20666158295452003,0.9507746794163653,-0.37912672454822843,0.27783350724932077,-0.3744241131154727,0.25479626655578613,0.37010934948921204,-0.8933632373809814,-0.018145401030778885,0.038836877793073654,-0.019413214176893234,-0.1059635728597641,-0.09867224097251892,0.06140032410621643
1724163000.240268,-0.16088861485124567,0.16654429482916452,-0.20512362477289126,0.9509479461603235,-0.38366091075692005,0.2738126802708352,-0.37139700726105257,0.2507458031177521,0.3743177354335785,-0.8927556872367859,-0.01667996123433113,0.04270089790225029,-0.008189447224140167,-0.23077401518821716,-0.15757766366004944,0.12771496176719666
1724163000.290563,-0.16579413642942362,0.1651178576567906,-0.2030852065834788,0.95079160975641,-0.39232449895291294,0.2702007196667314,-0.36685779647483535,0.24664467573165894,0.3823373317718506,-0.8904967904090881,-0.003749790135771036,-0.003839540760964155,-0.0038814961444586515,-0.16031017899513245,-0.08622048050165176,-0.048289839178323746
1724163000.321566,-0.16939129621630197,0.16351572612026483,-0.20441938759278766,0.9501482639490866,-0.39926934570053974,0.2651864396608803,-0.369870212575443,0.24147464334964752,0.3887452483177185,-0.889138400554657,0.0013070887653157115,-0.01644676737487316,-0.003175362478941679,-0.09819123148918152,-0.050003279000520706,-0.1706620752811432
1724163000.3691149,-0.17149732202955908,0.1622035059854364,-0.20821716465536644,0.9491703192969727,-0.40400868186854433,0.2601310917721588,-0.3783300637282204,0.23650014400482178,0.39310744404792786,-0.8885573744773865,-0.002126600593328476,-0.008029700256884098,0.0028721203561872244,-0.028925860300660133,-0.03225960582494736,-0.236456036567688
1724163000.385678,-0.17247485085493783,0.16090739746140678,-0.21192438800582505,0.9483929796277812,-0.4064469894572452,0.2554594382255113,-0.38677138664553745,0.2321036458015442,0.39534828066825867,-0.8887224793434143,-0.005133999511599541,0.012640338391065598,-0.006315429229289293,-0.010371754877269268,-0.021073883399367332,-0.1642179638147354
1724163000.438964,-0.17208062351104647,0.16079053481743927,-0.21445399175340127,0.9479156451723452,-0.40628575468549416,0.2542278775063559,-0.3923451711141365,0.23102498054504395,0.3952001631259918,-0.8890693187713623,-0.009375992231070995,0.005322367884218693,-0.008000475354492664,0.0730416402220726,0.057272929698228836,-0.08397431671619415
1724163000.506381,-0.16995897826083906,0.16155207820585177,-0.21584750942888503,0.9478526079149122,-0.4027321352985788,0.2559217824289998,-0.3952917571574045,0.23288467526435852,0.3919333517551422,-0.8900297284126282,-0.008619316853582859,0.010901101864874363,-0.013758514076471329,0.1386355310678482,0.12989121675491333,0.01620243489742279
1724163000.5182629,-0.1661299754235989,0.16368786352942805,-0.21487527515005986,0.9483857640177542,-0.3957014789790195,0.2620965767622839,-0.3927815315154331,0.23908403515815735,0.38545554876327515,-0.8912142515182495,-0.003577238880097866,-0.006799924187362194,-0.010702013038098812,0.22807835042476654,0.16532839834690094,0.19743981957435608
1724163000.571589,-0.15825893657393808,0.16846288154035033,-0.21144054395670026,0.9496668240656999,-0.38097559138602927,0.27608012588475306,-0.38458417678197465,0.2530425190925598,0.37182629108428955,-0.8931487202644348,-0.005652253516018391,-0.0068434844724833965,-0.0047231558710336685,0.39389240741729736,0.36594781279563904,0.4255269467830658
1724163000.594413,-0.14785315881516883,0.17305134619449605,-0.20505045833354527,0.9519174344931773,-0.3601947739862776,0.29136556528655094,-0.37091698942592655,0.2688264846801758,0.3524565100669861,-0.8963853716850281,0.014352157711982727,-0.01424884982407093,-0.0019816067069768906,0.4138839840888977,0.27338680624961853,0.4206252992153168
1724163000.62287,-0.13925760783942973,0.17913185357616507,-0.19843753059154032,0.9534891169291991,-0.3433614156391464,0.30897514642928703,-0.3563868651011919,0.2863326668739319,0.3366541862487793,-0.8970382213592529,-0.002380339428782463,-0.02324305847287178,0.011286635883152485,0.26031288504600525,0.3537307679653168,0.4266113340854645
1724163000.676849,-0.13215660831482456,0.18429288118650955,-0.19225199945913032,0.9547825937156146,-0.329133338488434,0.3238130369457471,-0.3431629457113291,0.30110451579093933,0.3232229948043823,-0.8971415162086487,-0.011800133623182774,-0.0048371171578764915,0.029206540435552597,0.22697141766548157,0.2730989158153534,0.45209625363349915
1724163000.717849,-0.124878092021213,0.18908513924063414,-0.1793534757348603,0.9573319715124369,-0.31196116717857386,0.33983175273426963,-0.3164521529792347,0.3172398507595062,0.3069257140159607,-0.8973045349121094,-0.03824866935610771,0.06149779632687569,0.026731453835964203,0.14174069464206696,0.06639513373374939,1.0131030082702637
1724163000.746738,-0.12063347657340658,0.19341419965631804,-0.15800863834899462,0.960766176594181,-0.29728288173974926,0.3563229417290077,-0.2720871572194274,0.33352938294410706,0.29292336106300354,-0.896077036857605,0.024270905181765556,-0.056155942380428314,0.010725919157266617,-0.3707474172115326,0.02617945522069931,1.0777173042297363
1724163000.817925,-0.11779112386639234,0.19299723843238242,-0.14743980099738246,0.9628804406441884,-0.2877010194702731,0.3590385574654447,-0.2513259690665348,0.33693233132362366,0.28374847769737244,-0.8977546691894531,0.07097339630126953,-0.13940021395683289,-0.016420159488916397,0.3121008574962616,-0.13169196248054504,-0.07001479715108871
1724163000.824391,-0.11453309548078106,0.19118563181158957,-0.1495425288540588,0.9633105424193317,-0.28154759580130256,0.3552027134694577,-0.25715643377177644,0.3340871334075928,0.27784264087677,-0.9006604552268982,0.016229478642344475,0.014288505539298058,-0.03669238090515137,0.12775447964668274,-0.004686996340751648,-0.06128998473286629
1724163000.958039,-0.11376560626856463,0.19158237883160287,-0.14844679674894318,0.9634920863452766,-0.27973827157802117,0.3564664432027285,-0.25502537597969327,0.33539992570877075,0.2761040925979614,-0.9007071852684021,4.583562258630991e-06,0.04223150387406349,-0.00910167582333088,-0.037944477051496506,0.03432498127222061,0.13095714151859283
1724163000.971549,-0.11375298760002855,0.1921948696061001,-0.14721149324046925,0.9635611010695914,-0.279424479228413,0.3580892442944223,-0.25232083699610985,0.3368915021419525,0.27580249309539795,-0.900242805480957,0.012100009247660637,-0.05356352776288986,0.019919443875551224,0.09400428086519241,0.0343085415661335,-0.11738134175539017
1724163000.973734,-0.11302146996371999,0.1916849427796185,-0.15183187474775653,0.9630316583706804,-0.27951996422378267,0.3558624186227951,-0.26216025029756757,0.33487680554389954,0.27589425444602966,-0.9009660482406616,-0.005332602187991142,-0.00040467121289111674,-9.908911306411028e-05,0.07744131982326508,0.05017908662557602,-0.23403143882751465
1724163001.035548,-0.11299585781409167,0.19251126793889176,-0.1567245091808232,0.9620855824638035,-0.2814676457152413,0.3562147328254697,-0.2719701917021375,0.3350062072277069,0.27776584029197693,-0.9003427028656006,-0.0038856391329318285,-0.0023271439131349325,-0.012371535412967205,-0.008819885551929474,0.07171320915222168,-0.26094111800193787
1724163001.040926,-0.11426920848865695,0.19329739818333147,-0.1613311476622206,0.9610155427200554,-0.2858767776439115,0.3563008082429773,-0.28083292737315463,0.33465325832366943,0.28199875354766846,-0.8991573452949524,-0.028465379029512405,0.03861725702881813,-0.0021009347401559353,-0.11248350143432617,0.01732606813311577,-0.13844498991966248
1724163001.103043,-0.1182488584447547,0.19286970053464353,-0.16067632393437065,0.9607297236575416,-0.2933801309252344,0.3548365141574434,-0.27844849887524253,0.3325917422771454,0.28918957710266113,-0.8976369500160217,-0.014553794637322426,0.031046278774738312,0.011604475788772106,-0.24589677155017853,-0.11463270336389542,0.09247288852930069
1724163001.108478,-0.12123807324229642,0.19165336238804956,-0.15796997064924367,0.9610493185988098,-0.2979723238025254,0.35254593889846236,-0.27237233560632923,0.3300727307796478,0.2935824692249298,-0.897140622138977,-0.033853426575660706,0.02287040837109089,0.05381568521261215,0.004638890735805035,-0.14739851653575897,0.19832567870616913
1724163001.151709,-0.11793049493476897,0.1889583183463583,-0.1506805235484937,0.9631627788157412,-0.28808556134536983,0.3496544347655339,-0.25914284377040675,0.3284555971622467,0.284117192029953,-0.9007743000984192,0.011849679052829742,0.0885448306798935,-0.03687387332320213,0.24774451553821564,-0.022240672260522842,0.5595579147338867
1724163001.202242,-0.1102780958168157,0.19178011961069574,-0.13870727370643313,0.9653079293006362,-0.26935239269313177,0.3600981668630184,-0.23611456006227421,0.33966100215911865,0.2661072313785553,-0.9021182656288147,0.00506852101534605,0.015818525105714798,-0.029389197006821632,0.34640124440193176,0.15435048937797546,0.6694148182868958
1724163001.257557,-0.10210798199174284,0.19614644640287238,-0.12836065709502498,0.9667595524465008,-0.25039091984778533,0.3729919583913828,-0.21651869803036866,0.35303962230682373,0.24778269231319427,-0.9022010564804077,0.0029853316955268383,-0.022808905690908432,-0.019387582316994667,0.3259761929512024,0.23993654549121857,0.552889347076416
1724163001.268523,-0.09512090750486843,0.1997542700914806,-0.12035320776985628,0.9677629834992665,-0.23432976572915742,0.3832680973636964,-0.20178931562106714,0.3637333810329437,0.23219111561775208,-0.9021005034446716,-0.007011444773525,-0.02240750379860401,-0.0027561476454138756,0.238486185669899,0.1586066335439682,0.45398232340812683
1724163001.310336,-0.08902241650644553,0.20282511987775162,-0.11482543064654055,0.9683760003272716,-0.22078261355478224,0.3915717991742821,-0.19208963435473056,0.372377872467041,0.21899329125881195,-0.9018739461898804,0.004971624817699194,-0.048987820744514465,0.009503425098955631,0.22852566838264465,0.13167095184326172,0.21457670629024506
1724163001.416228,-0.08417702124480947,0.20497682393994024,-0.11451891098918875,0.968392509370962,-0.21155474808930225,0.3966485726480878,-0.192751903061062,0.3777163326740265,0.20998023450374603,-0.9017974734306335,0.007506164256483316,-0.027981150895357132,-0.0009484486654400826,0.19935882091522217,0.1650133728981018,-0.026589250192046165
1724163001.429212,-0.08044020315784974,0.2059697178089233,-0.11620027690980887,0.9682992162734284,-0.20508241429902918,0.39881207948970865,-0.19728141548743702,0.3801862895488739,0.20364783704280853,-0.9022117257118225,0.0020306119695305824,-0.0152378398925066,0.0010722449515014887,0.14846201241016388,0.06556212902069092,-0.057419613003730774
1724163001.468584,-0.077841892220009,0.20626311572805328,-0.11774101047775846,0.9682629256408368,-0.2006579187584816,0.3994445195542322,-0.20126372435090828,0.3811034858226776,0.19931408762931824,-0.9027923345565796,0.015072089619934559,-0.00939229317009449,-0.0028129187412559986,0.0978013277053833,0.016923701390624046,-0.038988448679447174
1724163001.516292,-0.0762084552938057,0.20678580934628255,-0.11812808234690235,0.9682342225757931,-0.19771533573520741,0.40066204803507366,-0.2025343501472163,0.38242948055267334,0.19642968475818634,-0.9028638005256653,0.0025524573866277933,0.0005983537994325161,0.004558890592306852,0.03719565272331238,-0.012476366013288498,0.05110004171729088
1724163001.529448,-0.07572247312343741,0.20715282717580813,-0.11637414547845681,0.9684062796352049,-0.19612970287729303,0.4018154553363386,-0.19912851501093595,0.3835919201374054,0.19487468898296356,-0.9027076363563538,0.01389314979314804,-0.011187310330569744,0.0005930280894972384,-0.03179707005620003,0.010464130900800228,0.10930965095758438
1724163001.57565,-0.07615147866056184,0.20769882550929059,-0.11415304136140733,0.9685200914276121,-0.19618340873013815,0.40330844907943414,-0.19441414459561449,0.3849351406097412,0.1949273645877838,-0.902124285697937,0.013382554985582829,-0.016111910343170166,6.092654075473547e-05,-0.06277868151664734,0.02518056333065033,0.0996214747428894
1724163001.583538,-0.07762672664498768,0.20790714136979707,-0.11170781524592892,0.9686433518779647,-0.19812864392950089,0.4040261850559029,-0.18892779622693465,0.38543272018432617,0.19683492183685303,-0.9014974236488342,0.013562805950641632,-0.002342907013371587,0.0014998649712651968,-0.14194683730602264,-0.0648399069905281,0.06957550346851349
1724163001.633503,-0.08139497517683779,0.2066973308352656,-0.1080807227716338,0.9690044254751217,-0.20383271281630785,0.4018080486481943,-0.18050845051520067,0.38298681378364563,0.20242416858673096,-0.90130215883255,-0.001574078924022615,0.068213552236557,0.00824509747326374,-0.32561564445495605,-0.191614031791687,0.25054994225502014
1724163001.68139,-0.08872256694594578,0.20298987090671347,-0.09530299134002962,0.9704847426933255,-0.21249443050338396,0.39603438636715727,-0.152984213040637,0.3770861029624939,0.21089887619018555,-0.9018468260765076,0.0011296686716377735,0.10292844474315643,0.04819677025079727,-0.5993683338165283,-0.43737104535102844,0.8377204537391663
1724163001.732579,-0.09862825480038631,0.1947366767650097,-0.07133641446945148,0.9732734116204995,-0.22157680244610692,0.3834686036074476,-0.10314664338458375,0.36499249935150146,0.21976813673973083,-0.9047002196311951,0.0376746840775013,0.062322527170181274,0.06632646918296814,-0.7235599160194397,-0.7443888187408447,1.2102922201156616
1724163001.7786999,-0.10940976404139734,0.18181690104004797,-0.04241577118811918,0.9763057318198557,-0.23111042641777516,0.3631062507973729,-0.04422632676096788,0.3457363545894623,0.22905856370925903,-0.9099442362785339,0.09001869708299637,-0.0009651952423155308,0.0390506237745285,-0.7169955372810364,-0.8471230268478394,1.27658212184906
1724163001.790574,-0.11673590781237615,0.16756099660782958,-0.014680256036137948,0.9788158250928656,-0.23561967594369407,0.34035181166255246,0.01067745301171298,0.32459527254104614,0.23344558477401733,-0.9165920615196228,0.11306241899728775,-0.08357090502977371,-0.00714831380173564,-0.38777685165405273,-0.8111871480941772,1.1406749486923218
1724163001.830059,-0.11722130040528184,0.15645216241487314,0.007989212382757164,0.9806722041380471,-0.22941868993679376,0.3226029812520422,0.053783078558644844,0.3087295889854431,0.22741147875785828,-0.9235637784004211,0.12210331857204437,-0.13096101582050323,-0.03067464753985405,-0.0033236537128686905,-0.49075570702552795,0.9319005608558655
1724163001.882519,-0.11104837550258828,0.15065108574425048,0.02391463891693254,0.9820388932606839,-0.2124977409559786,0.31322948620061564,0.08237316117839419,0.30120182037353516,0.2109021097421646,-0.9299450516700745,0.11165723204612732,-0.1886604130268097,-0.002818882931023836,0.3742748498916626,-0.2508525550365448,0.5931923389434814
1724163001.9346828,-0.10130389098792879,0.1480225638465647,0.032818127741011005,0.9832343302684867,-0.19064808756193583,0.3080750546087165,0.09641993966543687,0.2977309226989746,0.1894952803850174,-0.9356536865234375,0.054744087159633636,-0.14500805735588074,0.0618075467646122,0.4235605299472809,-0.2729385495185852,0.4563709497451782
1724163001.9418468,-0.09143115741296949,0.14574237968491455,0.03991177616584932,0.9842796986266792,-0.16915958546587945,0.3030796924578511,0.1069468304794058,0.2942008972167969,0.16835398972034454,-0.9407989978790283,0.05457603558897972,-0.1041565015912056,0.03875872492790222,0.36847513914108276,-0.11480653285980225,0.4652025103569031
1724163002.004597,-0.08316853815160752,0.14403643090289842,0.05046447495918092,0.9847791023313092,-0.1498277667131697,0.2998653597585735,0.12507475639210086,0.2920822501182556,0.14926782250404358,-0.9446730017662048,0.05128182843327522,-0.09872929751873016,0.0687590017914772,0.19051966071128845,-0.2987641990184784,0.6107373833656311
1724163002.019328,-0.07853683388442687,0.1390114362377733,0.06341082633820398,0.9851328635186248,-0.13754202765572224,0.2906300139122517,0.1487181331609206,0.2838496267795563,0.13710875809192657,-0.9490155577659607,0.04977225512266159,-0.10687105357646942,0.0003849688218906522,-0.04327964410185814,-0.41728082299232483,0.5877496600151062
1724163002.091093,-0.07915380954757205,0.13052956300490412,0.07576877401071175,0.9853708520162221,-0.13663634202726216,0.2752294591935059,0.17243699281563798,0.2692348062992096,0.1362115740776062,-0.9533933997154236,0.0071333786472678185,-0.11448004841804504,-0.0029841039795428514,-0.2951633036136627,-0.5631577372550964,0.49480223655700684
1724163002.105078,-0.08294288586808436,0.1208172204536929,0.08555182038730906,0.985497043862753,-0.14329758493397898,0.25778029917904083,0.19179138156364758,0.25232183933258057,0.14280766248703003,-0.9570473432540894,0.025312796235084534,-0.10957847535610199,-0.03890862688422203,-0.32118478417396545,-0.4537290334701538,0.27410414814949036
1724163002.169735,-0.08654887249813258,0.11256626256211356,0.09373861103812274,0.9854192435715743,-0.1500324709524969,0.2431701795841308,0.20804653467625125,0.238075852394104,0.1494702398777008,-0.9596762657165527,0.0007223238353617489,-0.05552101880311966,-0.03349095210433006,-0.267057865858078,-0.43548551201820374,0.3472549319267273
1724163002.219425,-0.08846891535777272,0.10851019895338022,0.10137029804753572,0.9849480898004384,-0.15286986830420637,0.23662589867573638,0.22332297018226532,0.23169004917144775,0.15227514505386353,-0.9607976078987122,-0.006136588752269745,0.015088125132024288,0.04726807400584221,-0.22385749220848083,-0.27383363246917725,0.4227626919746399
1724163002.224879,-0.08903685103987007,0.10204430795012664,0.1114542044907109,0.9844984557300989,-0.15316491008682956,0.22528805474934077,0.2428182731192101,0.22077198326587677,0.15256674587726593,-0.9633188247680664,-0.0616016611456871,-0.06462983042001724,0.008456199429929256,-0.125656858086586,-0.4740212857723236,0.4212508499622345
1724163002.259519,-0.09028346498659925,0.0971721424395882,0.11610188204277076,0.98434083606112,-0.1558052703848376,0.21655656211383215,0.251783353631057,0.21226516366004944,0.15517565608024597,-0.9648129343986511,-0.010144042782485485,-0.01767844706773758,-0.03634847328066826,-0.21718354523181915,-0.07168839126825333,0.00800333172082901
1724163002.3082771,-0.09892913877850565,0.09389335254720962,0.11703180061990252,0.9837176947057559,-0.1735292593358384,0.21265366550331874,0.2553913758106355,0.2078848034143448,0.17265966534614563,-0.9627941250801086,-0.05255914852023125,0.1340443193912506,-0.028749046847224236,-0.7239490151405334,-0.07594393938779831,0.06051008030772209
1724163002.3705091,-0.11330012828978965,0.09164202434531031,0.12257434029203197,0.9817026809196645,-0.20134583464210715,0.2136090966446264,0.27009130058370623,0.2077058106660843,0.19998815655708313,-0.9575296640396118,-0.04491717740893364,0.10238060355186462,-0.03159128874540329,-0.781112790107727,0.09866026788949966,0.24866507947444916
1724163002.375931,-0.12613985057842866,0.0926467555388116,0.12941184008411377,0.9791617784052234,-0.22493547862994767,0.22141743856142107,0.2879178939954574,0.21408028900623322,0.22304347157478333,-0.9510106444358826,-0.0013501083012670279,0.06455865502357483,-0.037004005163908005,-0.5019208788871765,0.19324280321598053,0.3133915662765503
1724163002.42204,-0.1321711583626516,0.09333235506932368,0.13247381108323927,0.9778908004807911,-0.23595304973018463,0.22566645758685902,0.29615845338091884,0.21755611896514893,0.2337697297334671,-0.9476397037506104,0.014913572929799557,-0.03838373348116875,-0.058747369796037674,-0.024679427966475487,0.012796688824892044,-0.14851979911327362
1724163002.519758,-0.12790423028512118,0.09000690321456428,0.12717778942503863,0.9794717708029956,-0.2296774010215966,0.21616347408865594,0.28327153962327456,0.20885157585144043,0.22766341269016266,-0.9510785341262817,-0.03607448935508728,0.059459637850522995,-0.08195115625858307,0.43515855073928833,-0.2875853478908539,-0.20421990752220154
1724163002.524749,-0.11767013781464625,0.08827597528996531,0.12436148822153933,0.9812722149051527,-0.21052834676960974,0.2085945271599456,0.2742440968152626,0.20251277089118958,0.208976611495018,-0.9567221999168396,0.008548863232135773,0.12544478476047516,-0.13505034148693085,0.49892741441726685,-0.026805367320775986,0.09193187952041626
1724163002.5734181,-0.11051154914573308,0.09204268011370975,0.12953747602287252,0.9810888291537676,-0.1942160057722037,0.21489414222306055,0.2835640656375223,0.20923484861850739,0.19299733638763428,-0.9586306810379028,-0.029634760692715645,0.13879939913749695,-0.04994821548461914,0.10391444712877274,0.12038028240203857,0.5569368004798889
1724163002.584898,-0.11317990885343661,0.09513048097290289,0.14489240253961236,0.9783386839963906,-0.19512503452739569,0.22506787538517747,0.31618402149277575,0.2189374566078186,0.19388920068740845,-0.9562810063362122,-0.036393292248249054,0.09440676867961884,-0.005402959417551756,-0.48285502195358276,0.10450232028961182,0.9586691856384277
1724163002.630746,-0.12521975609178188,0.09754722181841505,0.1660409579508148,0.9732599461404129,-0.21295501122523558,0.23908135840905745,0.3636265354999455,0.2314608097076416,0.21134908497333527,-0.949609100818634,-0.053920939564704895,0.00037436996353790164,0.10921422392129898,-0.84089595079422,0.07832110673189163,0.988939642906189
1724163002.739429,-0.1397511900635428,0.09700368855760616,0.1865366809217999,0.9676072619233859,-0.2364563306479196,0.24930007517930383,0.4106545923962438,0.2398603856563568,0.23425903916358948,-0.9421197772026062,-0.09012710303068161,0.08808105438947678,0.1692255735397339,-0.9597689509391785,-0.20254497230052948,1.1609729528427124
1724163002.751787,-0.15668722441269411,0.09723432765921851,0.21036402880416546,0.9600736823520454,-0.26297389299707286,0.2647015037229766,0.4666159427036031,0.2526269257068634,0.2599533498287201,-0.9319891929626465,-0.00271800858899951,-0.011596573516726494,0.09738849103450775,-0.9112001061439514,0.25613054633140564,0.9664735794067383
1724163002.753952,-0.17240612185542054,0.10086162793656336,0.22965087411000562,0.9525562710231362,-0.2860106014708836,0.28674175954718767,0.5147155401141116,0.27133917808532715,0.28212714195251465,-0.9202061295509338,-0.05043527111411095,0.01745760254561901,0.07322360575199127,-0.8288769125938416,0.1850673258304596,0.9071165323257446
1724163002.7945971,-0.18776436178710984,0.10251041821812797,0.24821402938176396,0.9447887978402838,-0.3087902032054176,0.30590578857676776,0.5618013159942914,0.2869128882884979,0.30390629172325134,-0.9084722995758057,-0.01518925465643406,0.027542000636458397,0.0697382390499115,-0.8964610695838928,0.1247614324092865,0.8060197234153748
